120 60 3570
1 4 0.500000
1 5 0.500000
1 8 0.500000
1 10 0.500000
1 11 0.500000
1 12 0.500000
1 13 0.500000
1 17 0.500000
1 20 0.500000
1 27 0.500000
1 28 0.500000
1 29 0.500000
1 31 0.500000
1 34 0.500000
1 36 0.500000
1 38 0.500000
1 39 0.500000
1 42 0.500000
1 44 0.500000
1 48 0.500000
1 49 0.500000
1 50 0.500000
1 51 0.500000
1 54 0.500000
1 58 0.500000
1 59 0.500000
1 61 0.500000
1 65 0.500000
1 66 0.500000
1 69 0.500000
1 71 0.500000
1 76 0.500000
1 78 0.500000
1 80 0.500000
1 81 0.500000
1 83 0.500000
1 86 0.500000
1 88 0.500000
1 89 0.500000
1 95 0.500000
1 103 0.500000
1 104 0.500000
1 106 0.500000
1 107 0.500000
1 109 0.500000
1 111 0.500000
1 115 0.500000
1 120 0.500000
2 3 0.500000
2 4 0.500000
2 5 0.500000
2 6 0.500000
2 8 0.500000
2 9 0.500000
2 10 0.500000
2 12 0.500000
2 15 0.500000
2 18 0.500000
2 19 0.500000
2 21 0.500000
2 22 0.500000
2 25 0.500000
2 26 0.500000
2 27 0.500000
2 28 0.500000
2 29 0.500000
2 31 0.500000
2 32 0.500000
2 34 0.500000
2 35 0.500000
2 37 0.500000
2 38 0.500000
2 39 0.500000
2 40 0.500000
2 42 0.500000
2 43 0.500000
2 44 0.500000
2 46 0.500000
2 54 0.500000
2 57 0.500000
2 59 0.500000
2 61 0.500000
2 64 0.500000
2 66 0.500000
2 67 0.500000
2 69 0.500000
2 72 0.500000
2 73 0.500000
2 74 0.500000
2 75 0.500000
2 76 0.500000
2 81 0.500000
2 85 0.500000
2 87 0.500000
2 89 0.500000
2 90 0.500000
2 91 0.500000
2 92 0.500000
2 93 0.500000
2 95 0.500000
2 98 0.500000
2 99 0.500000
2 100 0.500000
2 103 0.500000
2 104 0.500000
2 110 0.500000
2 114 0.500000
2 115 0.500000
2 116 0.500000
2 118 0.500000
2 119 0.500000
3 4 0.500000
3 5 0.500000
3 7 0.500000
3 9 0.500000
3 10 0.500000
3 11 0.500000
3 13 0.500000
3 14 0.500000
3 15 0.500000
3 20 0.500000
3 22 0.500000
3 23 0.500000
3 29 0.500000
3 31 0.500000
3 32 0.500000
3 38 0.500000
3 41 0.500000
3 42 0.500000
3 43 0.500000
3 45 0.500000
3 46 0.500000
3 47 0.500000
3 48 0.500000
3 50 0.500000
3 54 0.500000
3 58 0.500000
3 59 0.500000
3 65 0.500000
3 66 0.500000
3 67 0.500000
3 68 0.500000
3 70 0.500000
3 74 0.500000
3 77 0.500000
3 87 0.500000
3 91 0.500000
3 94 0.500000
3 96 0.500000
3 98 0.500000
3 100 0.500000
3 101 0.500000
3 103 0.500000
3 105 0.500000
3 107 0.500000
3 108 0.500000
3 110 0.500000
3 112 0.500000
3 113 0.500000
3 116 0.500000
3 118 0.500000
3 119 0.500000
4 6 0.500000
4 8 0.500000
4 9 0.500000
4 11 0.500000
4 12 0.500000
4 14 0.500000
4 16 0.500000
4 18 0.500000
4 23 0.500000
4 24 0.500000
4 27 0.500000
4 28 0.500000
4 29 0.500000
4 33 0.500000
4 34 0.500000
4 35 0.500000
4 36 0.500000
4 38 0.500000
4 42 0.500000
4 43 0.500000
4 48 0.500000
4 53 0.500000
4 55 0.500000
4 56 0.500000
4 58 0.500000
4 59 0.500000
4 61 0.500000
4 62 0.500000
4 64 0.500000
4 68 0.500000
4 71 0.500000
4 72 0.500000
4 73 0.500000
4 74 0.500000
4 77 0.500000
4 78 0.500000
4 79 0.500000
4 81 0.500000
4 85 0.500000
4 86 0.500000
4 87 0.500000
4 89 0.500000
4 90 0.500000
4 91 0.500000
4 94 0.500000
4 95 0.500000
4 96 0.500000
4 97 0.500000
4 98 0.500000
4 99 0.500000
4 102 0.500000
4 103 0.500000
4 105 0.500000
4 108 0.500000
4 110 0.500000
4 111 0.500000
4 115 0.500000
4 118 0.500000
4 119 0.500000
5 6 0.500000
5 7 0.500000
5 9 0.500000
5 10 0.500000
5 11 0.500000
5 14 0.500000
5 15 0.500000
5 16 0.500000
5 17 0.500000
5 21 0.500000
5 23 0.500000
5 28 0.500000
5 34 0.500000
5 36 0.500000
5 37 0.500000
5 38 0.500000
5 39 0.500000
5 43 0.500000
5 44 0.500000
5 48 0.500000
5 49 0.500000
5 52 0.500000
5 53 0.500000
5 56 0.500000
5 57 0.500000
5 59 0.500000
5 60 0.500000
5 64 0.500000
5 66 0.500000
5 67 0.500000
5 68 0.500000
5 69 0.500000
5 72 0.500000
5 73 0.500000
5 75 0.500000
5 76 0.500000
5 79 0.500000
5 80 0.500000
5 83 0.500000
5 85 0.500000
5 88 0.500000
5 89 0.500000
5 91 0.500000
5 94 0.500000
5 95 0.500000
5 97 0.500000
5 100 0.500000
5 101 0.500000
5 105 0.500000
5 106 0.500000
5 108 0.500000
5 109 0.500000
5 111 0.500000
5 113 0.500000
5 115 0.500000
5 117 0.500000
5 118 0.500000
5 120 0.500000
6 10 0.500000
6 13 0.500000
6 14 0.500000
6 20 0.500000
6 21 0.500000
6 22 0.500000
6 23 0.500000
6 24 0.500000
6 25 0.500000
6 27 0.500000
6 28 0.500000
6 29 0.500000
6 31 0.500000
6 33 0.500000
6 35 0.500000
6 37 0.500000
6 39 0.500000
6 40 0.500000
6 41 0.500000
6 43 0.500000
6 44 0.500000
6 45 0.500000
6 46 0.500000
6 47 0.500000
6 48 0.500000
6 50 0.500000
6 55 0.500000
6 57 0.500000
6 58 0.500000
6 61 0.500000
6 62 0.500000
6 63 0.500000
6 67 0.500000
6 71 0.500000
6 72 0.500000
6 75 0.500000
6 80 0.500000
6 81 0.500000
6 82 0.500000
6 83 0.500000
6 85 0.500000
6 88 0.500000
6 89 0.500000
6 92 0.500000
6 93 0.500000
6 95 0.500000
6 96 0.500000
6 97 0.500000
6 98 0.500000
6 100 0.500000
6 101 0.500000
6 105 0.500000
6 106 0.500000
6 110 0.500000
6 112 0.500000
6 115 0.500000
7 8 0.500000
7 9 0.500000
7 11 0.500000
7 12 0.500000
7 14 0.500000
7 15 0.500000
7 16 0.500000
7 17 0.500000
7 20 0.500000
7 25 0.500000
7 26 0.500000
7 27 0.500000
7 28 0.500000
7 29 0.500000
7 30 0.500000
7 32 0.500000
7 35 0.500000
7 37 0.500000
7 38 0.500000
7 39 0.500000
7 40 0.500000
7 41 0.500000
7 44 0.500000
7 46 0.500000
7 47 0.500000
7 52 0.500000
7 54 0.500000
7 55 0.500000
7 56 0.500000
7 59 0.500000
7 63 0.500000
7 64 0.500000
7 65 0.500000
7 66 0.500000
7 67 0.500000
7 73 0.500000
7 74 0.500000
7 75 0.500000
7 76 0.500000
7 77 0.500000
7 79 0.500000
7 80 0.500000
7 83 0.500000
7 89 0.500000
7 90 0.500000
7 91 0.500000
7 92 0.500000
7 93 0.500000
7 95 0.500000
7 96 0.500000
7 97 0.500000
7 101 0.500000
7 102 0.500000
7 104 0.500000
7 108 0.500000
7 109 0.500000
7 114 0.500000
7 115 0.500000
7 116 0.500000
7 117 0.500000
7 119 0.500000
7 120 0.500000
8 9 0.500000
8 10 0.500000
8 11 0.500000
8 14 0.500000
8 16 0.500000
8 17 0.500000
8 19 0.500000
8 20 0.500000
8 21 0.500000
8 29 0.500000
8 31 0.500000
8 32 0.500000
8 33 0.500000
8 35 0.500000
8 36 0.500000
8 38 0.500000
8 39 0.500000
8 40 0.500000
8 42 0.500000
8 47 0.500000
8 49 0.500000
8 52 0.500000
8 55 0.500000
8 59 0.500000
8 60 0.500000
8 62 0.500000
8 63 0.500000
8 64 0.500000
8 65 0.500000
8 68 0.500000
8 69 0.500000
8 72 0.500000
8 73 0.500000
8 74 0.500000
8 75 0.500000
8 77 0.500000
8 78 0.500000
8 79 0.500000
8 80 0.500000
8 81 0.500000
8 82 0.500000
8 89 0.500000
8 91 0.500000
8 94 0.500000
8 95 0.500000
8 97 0.500000
8 98 0.500000
8 99 0.500000
8 102 0.500000
8 105 0.500000
8 106 0.500000
8 107 0.500000
8 108 0.500000
8 110 0.500000
8 113 0.500000
8 115 0.500000
8 120 0.500000
9 10 0.500000
9 11 0.500000
9 12 0.500000
9 13 0.500000
9 14 0.500000
9 17 0.500000
9 18 0.500000
9 19 0.500000
9 21 0.500000
9 22 0.500000
9 23 0.500000
9 24 0.500000
9 26 0.500000
9 28 0.500000
9 30 0.500000
9 33 0.500000
9 34 0.500000
9 37 0.500000
9 39 0.500000
9 40 0.500000
9 41 0.500000
9 43 0.500000
9 50 0.500000
9 53 0.500000
9 58 0.500000
9 59 0.500000
9 61 0.500000
9 63 0.500000
9 64 0.500000
9 65 0.500000
9 67 0.500000
9 69 0.500000
9 70 0.500000
9 71 0.500000
9 81 0.500000
9 83 0.500000
9 84 0.500000
9 85 0.500000
9 87 0.500000
9 88 0.500000
9 92 0.500000
9 93 0.500000
9 94 0.500000
9 95 0.500000
9 96 0.500000
9 98 0.500000
9 99 0.500000
9 100 0.500000
9 101 0.500000
9 104 0.500000
9 108 0.500000
9 110 0.500000
9 111 0.500000
9 112 0.500000
9 114 0.500000
9 115 0.500000
9 117 0.500000
9 119 0.500000
10 12 0.500000
10 13 0.500000
10 15 0.500000
10 16 0.500000
10 17 0.500000
10 19 0.500000
10 22 0.500000
10 24 0.500000
10 26 0.500000
10 29 0.500000
10 30 0.500000
10 32 0.500000
10 35 0.500000
10 36 0.500000
10 37 0.500000
10 41 0.500000
10 42 0.500000
10 45 0.500000
10 46 0.500000
10 47 0.500000
10 50 0.500000
10 51 0.500000
10 52 0.500000
10 56 0.500000
10 59 0.500000
10 60 0.500000
10 62 0.500000
10 64 0.500000
10 66 0.500000
10 67 0.500000
10 68 0.500000
10 72 0.500000
10 73 0.500000
10 75 0.500000
10 76 0.500000
10 79 0.500000
10 80 0.500000
10 81 0.500000
10 84 0.500000
10 87 0.500000
10 88 0.500000
10 91 0.500000
10 92 0.500000
10 93 0.500000
10 94 0.500000
10 95 0.500000
10 98 0.500000
10 99 0.500000
10 101 0.500000
10 102 0.500000
10 103 0.500000
10 104 0.500000
10 105 0.500000
10 111 0.500000
10 115 0.500000
10 116 0.500000
10 117 0.500000
10 119 0.500000
11 13 0.500000
11 14 0.500000
11 15 0.500000
11 18 0.500000
11 20 0.500000
11 21 0.500000
11 23 0.500000
11 24 0.500000
11 25 0.500000
11 27 0.500000
11 30 0.500000
11 31 0.500000
11 32 0.500000
11 33 0.500000
11 37 0.500000
11 41 0.500000
11 43 0.500000
11 46 0.500000
11 47 0.500000
11 48 0.500000
11 49 0.500000
11 50 0.500000
11 54 0.500000
11 57 0.500000
11 58 0.500000
11 63 0.500000
11 64 0.500000
11 66 0.500000
11 68 0.500000
11 70 0.500000
11 72 0.500000
11 73 0.500000
11 75 0.500000
11 76 0.500000
11 78 0.500000
11 81 0.500000
11 84 0.500000
11 86 0.500000
11 87 0.500000
11 88 0.500000
11 90 0.500000
11 96 0.500000
11 99 0.500000
11 101 0.500000
11 102 0.500000
11 104 0.500000
11 105 0.500000
11 107 0.500000
11 108 0.500000
11 109 0.500000
11 112 0.500000
11 114 0.500000
11 118 0.500000
11 119 0.500000
12 13 0.500000
12 15 0.500000
12 18 0.500000
12 26 0.500000
12 27 0.500000
12 29 0.500000
12 30 0.500000
12 36 0.500000
12 38 0.500000
12 39 0.500000
12 41 0.500000
12 43 0.500000
12 44 0.500000
12 45 0.500000
12 46 0.500000
12 47 0.500000
12 53 0.500000
12 54 0.500000
12 57 0.500000
12 58 0.500000
12 59 0.500000
12 60 0.500000
12 62 0.500000
12 64 0.500000
12 65 0.500000
12 68 0.500000
12 70 0.500000
12 71 0.500000
12 72 0.500000
12 73 0.500000
12 74 0.500000
12 76 0.500000
12 79 0.500000
12 80 0.500000
12 82 0.500000
12 84 0.500000
12 85 0.500000
12 86 0.500000
12 91 0.500000
12 92 0.500000
12 93 0.500000
12 94 0.500000
12 95 0.500000
12 96 0.500000
12 97 0.500000
12 99 0.500000
12 100 0.500000
12 101 0.500000
12 107 0.500000
12 108 0.500000
12 110 0.500000
12 113 0.500000
12 115 0.500000
12 117 0.500000
13 15 0.500000
13 16 0.500000
13 18 0.500000
13 19 0.500000
13 20 0.500000
13 22 0.500000
13 23 0.500000
13 25 0.500000
13 26 0.500000
13 28 0.500000
13 30 0.500000
13 31 0.500000
13 33 0.500000
13 34 0.500000
13 35 0.500000
13 37 0.500000
13 39 0.500000
13 40 0.500000
13 41 0.500000
13 45 0.500000
13 46 0.500000
13 47 0.500000
13 48 0.500000
13 50 0.500000
13 58 0.500000
13 59 0.500000
13 60 0.500000
13 62 0.500000
13 63 0.500000
13 66 0.500000
13 68 0.500000
13 69 0.500000
13 70 0.500000
13 73 0.500000
13 76 0.500000
13 77 0.500000
13 78 0.500000
13 79 0.500000
13 80 0.500000
13 82 0.500000
13 83 0.500000
13 84 0.500000
13 87 0.500000
13 90 0.500000
13 91 0.500000
13 92 0.500000
13 94 0.500000
13 97 0.500000
13 98 0.500000
13 99 0.500000
13 101 0.500000
13 103 0.500000
13 105 0.500000
13 106 0.500000
13 107 0.500000
13 110 0.500000
13 113 0.500000
13 115 0.500000
13 120 0.500000
14 15 0.500000
14 16 0.500000
14 17 0.500000
14 18 0.500000
14 20 0.500000
14 21 0.500000
14 22 0.500000
14 24 0.500000
14 27 0.500000
14 28 0.500000
14 29 0.500000
14 32 0.500000
14 34 0.500000
14 35 0.500000
14 36 0.500000
14 38 0.500000
14 39 0.500000
14 42 0.500000
14 43 0.500000
14 44 0.500000
14 45 0.500000
14 47 0.500000
14 48 0.500000
14 49 0.500000
14 51 0.500000
14 52 0.500000
14 53 0.500000
14 54 0.500000
14 56 0.500000
14 57 0.500000
14 58 0.500000
14 60 0.500000
14 62 0.500000
14 65 0.500000
14 67 0.500000
14 68 0.500000
14 69 0.500000
14 74 0.500000
14 75 0.500000
14 77 0.500000
14 80 0.500000
14 81 0.500000
14 82 0.500000
14 84 0.500000
14 85 0.500000
14 86 0.500000
14 87 0.500000
14 93 0.500000
14 95 0.500000
14 97 0.500000
14 100 0.500000
14 102 0.500000
14 106 0.500000
14 107 0.500000
14 117 0.500000
14 119 0.500000
15 16 0.500000
15 18 0.500000
15 20 0.500000
15 21 0.500000
15 29 0.500000
15 34 0.500000
15 35 0.500000
15 37 0.500000
15 39 0.500000
15 43 0.500000
15 44 0.500000
15 45 0.500000
15 46 0.500000
15 48 0.500000
15 50 0.500000
15 51 0.500000
15 52 0.500000
15 53 0.500000
15 54 0.500000
15 57 0.500000
15 60 0.500000
15 61 0.500000
15 62 0.500000
15 63 0.500000
15 65 0.500000
15 66 0.500000
15 67 0.500000
15 70 0.500000
15 71 0.500000
15 72 0.500000
15 73 0.500000
15 76 0.500000
15 77 0.500000
15 78 0.500000
15 79 0.500000
15 80 0.500000
15 82 0.500000
15 83 0.500000
15 84 0.500000
15 85 0.500000
15 87 0.500000
15 88 0.500000
15 90 0.500000
15 93 0.500000
15 94 0.500000
15 96 0.500000
15 97 0.500000
15 98 0.500000
15 99 0.500000
15 100 0.500000
15 104 0.500000
15 107 0.500000
15 109 0.500000
15 110 0.500000
15 111 0.500000
15 113 0.500000
15 114 0.500000
15 115 0.500000
15 116 0.500000
15 119 0.500000
16 23 0.500000
16 25 0.500000
16 27 0.500000
16 35 0.500000
16 39 0.500000
16 41 0.500000
16 42 0.500000
16 45 0.500000
16 47 0.500000
16 48 0.500000
16 50 0.500000
16 52 0.500000
16 54 0.500000
16 57 0.500000
16 60 0.500000
16 63 0.500000
16 66 0.500000
16 67 0.500000
16 68 0.500000
16 69 0.500000
16 71 0.500000
16 72 0.500000
16 73 0.500000
16 74 0.500000
16 77 0.500000
16 79 0.500000
16 80 0.500000
16 81 0.500000
16 82 0.500000
16 84 0.500000
16 85 0.500000
16 86 0.500000
16 88 0.500000
16 90 0.500000
16 92 0.500000
16 93 0.500000
16 95 0.500000
16 96 0.500000
16 99 0.500000
16 100 0.500000
16 102 0.500000
16 103 0.500000
16 104 0.500000
16 107 0.500000
16 108 0.500000
16 111 0.500000
16 114 0.500000
16 115 0.500000
16 116 0.500000
16 117 0.500000
16 118 0.500000
17 18 0.500000
17 19 0.500000
17 20 0.500000
17 27 0.500000
17 29 0.500000
17 30 0.500000
17 31 0.500000
17 32 0.500000
17 33 0.500000
17 34 0.500000
17 36 0.500000
17 43 0.500000
17 48 0.500000
17 51 0.500000
17 52 0.500000
17 53 0.500000
17 56 0.500000
17 57 0.500000
17 58 0.500000
17 64 0.500000
17 67 0.500000
17 69 0.500000
17 70 0.500000
17 71 0.500000
17 72 0.500000
17 73 0.500000
17 78 0.500000
17 79 0.500000
17 80 0.500000
17 81 0.500000
17 83 0.500000
17 84 0.500000
17 85 0.500000
17 86 0.500000
17 87 0.500000
17 94 0.500000
17 96 0.500000
17 97 0.500000
17 98 0.500000
17 103 0.500000
17 106 0.500000
17 108 0.500000
17 109 0.500000
17 112 0.500000
17 115 0.500000
17 116 0.500000
17 117 0.500000
17 118 0.500000
17 119 0.500000
17 120 0.500000
18 20 0.500000
18 22 0.500000
18 25 0.500000
18 26 0.500000
18 28 0.500000
18 29 0.500000
18 30 0.500000
18 34 0.500000
18 40 0.500000
18 45 0.500000
18 47 0.500000
18 51 0.500000
18 52 0.500000
18 53 0.500000
18 57 0.500000
18 58 0.500000
18 63 0.500000
18 66 0.500000
18 67 0.500000
18 70 0.500000
18 74 0.500000
18 76 0.500000
18 78 0.500000
18 82 0.500000
18 83 0.500000
18 86 0.500000
18 89 0.500000
18 90 0.500000
18 92 0.500000
18 95 0.500000
18 96 0.500000
18 98 0.500000
18 99 0.500000
18 103 0.500000
18 106 0.500000
18 107 0.500000
18 108 0.500000
18 113 0.500000
18 114 0.500000
18 115 0.500000
18 116 0.500000
18 117 0.500000
18 119 0.500000
19 21 0.500000
19 25 0.500000
19 26 0.500000
19 27 0.500000
19 29 0.500000
19 32 0.500000
19 33 0.500000
19 37 0.500000
19 38 0.500000
19 39 0.500000
19 42 0.500000
19 43 0.500000
19 45 0.500000
19 47 0.500000
19 48 0.500000
19 50 0.500000
19 57 0.500000
19 58 0.500000
19 59 0.500000
19 60 0.500000
19 61 0.500000
19 67 0.500000
19 69 0.500000
19 70 0.500000
19 71 0.500000
19 73 0.500000
19 74 0.500000
19 75 0.500000
19 77 0.500000
19 81 0.500000
19 82 0.500000
19 84 0.500000
19 85 0.500000
19 87 0.500000
19 89 0.500000
19 90 0.500000
19 91 0.500000
19 93 0.500000
19 95 0.500000
19 96 0.500000
19 98 0.500000
19 101 0.500000
19 104 0.500000
19 105 0.500000
19 106 0.500000
19 108 0.500000
19 113 0.500000
19 114 0.500000
19 117 0.500000
19 118 0.500000
19 119 0.500000
20 23 0.500000
20 24 0.500000
20 25 0.500000
20 26 0.500000
20 27 0.500000
20 30 0.500000
20 32 0.500000
20 33 0.500000
20 35 0.500000
20 38 0.500000
20 41 0.500000
20 43 0.500000
20 44 0.500000
20 47 0.500000
20 48 0.500000
20 49 0.500000
20 50 0.500000
20 53 0.500000
20 54 0.500000
20 55 0.500000
20 56 0.500000
20 57 0.500000
20 58 0.500000
20 59 0.500000
20 61 0.500000
20 63 0.500000
20 64 0.500000
20 66 0.500000
20 68 0.500000
20 69 0.500000
20 73 0.500000
20 77 0.500000
20 79 0.500000
20 80 0.500000
20 82 0.500000
20 85 0.500000
20 89 0.500000
20 95 0.500000
20 97 0.500000
20 99 0.500000
20 101 0.500000
20 102 0.500000
20 103 0.500000
20 107 0.500000
20 108 0.500000
20 111 0.500000
20 112 0.500000
20 113 0.500000
20 115 0.500000
20 118 0.500000
21 22 0.500000
21 23 0.500000
21 25 0.500000
21 26 0.500000
21 28 0.500000
21 29 0.500000
21 31 0.500000
21 33 0.500000
21 34 0.500000
21 38 0.500000
21 41 0.500000
21 42 0.500000
21 44 0.500000
21 45 0.500000
21 46 0.500000
21 47 0.500000
21 49 0.500000
21 51 0.500000
21 56 0.500000
21 57 0.500000
21 58 0.500000
21 59 0.500000
21 61 0.500000
21 62 0.500000
21 63 0.500000
21 64 0.500000
21 65 0.500000
21 66 0.500000
21 68 0.500000
21 69 0.500000
21 70 0.500000
21 71 0.500000
21 72 0.500000
21 74 0.500000
21 76 0.500000
21 78 0.500000
21 87 0.500000
21 88 0.500000
21 89 0.500000
21 90 0.500000
21 91 0.500000
21 94 0.500000
21 97 0.500000
21 98 0.500000
21 99 0.500000
21 101 0.500000
21 104 0.500000
21 105 0.500000
21 106 0.500000
21 108 0.500000
21 109 0.500000
21 112 0.500000
21 118 0.500000
22 23 0.500000
22 25 0.500000
22 26 0.500000
22 29 0.500000
22 31 0.500000
22 33 0.500000
22 34 0.500000
22 35 0.500000
22 36 0.500000
22 38 0.500000
22 39 0.500000
22 41 0.500000
22 42 0.500000
22 43 0.500000
22 45 0.500000
22 48 0.500000
22 49 0.500000
22 52 0.500000
22 53 0.500000
22 57 0.500000
22 59 0.500000
22 60 0.500000
22 62 0.500000
22 68 0.500000
22 69 0.500000
22 70 0.500000
22 73 0.500000
22 75 0.500000
22 76 0.500000
22 78 0.500000
22 79 0.500000
22 84 0.500000
22 90 0.500000
22 91 0.500000
22 92 0.500000
22 98 0.500000
22 99 0.500000
22 100 0.500000
22 102 0.500000
22 103 0.500000
22 104 0.500000
22 105 0.500000
22 108 0.500000
22 109 0.500000
22 111 0.500000
22 114 0.500000
22 115 0.500000
22 120 0.500000
23 27 0.500000
23 29 0.500000
23 31 0.500000
23 32 0.500000
23 34 0.500000
23 35 0.500000
23 36 0.500000
23 37 0.500000
23 38 0.500000
23 40 0.500000
23 42 0.500000
23 43 0.500000
23 44 0.500000
23 46 0.500000
23 47 0.500000
23 49 0.500000
23 50 0.500000
23 51 0.500000
23 52 0.500000
23 54 0.500000
23 60 0.500000
23 62 0.500000
23 65 0.500000
23 67 0.500000
23 70 0.500000
23 71 0.500000
23 72 0.500000
23 75 0.500000
23 76 0.500000
23 77 0.500000
23 78 0.500000
23 79 0.500000
23 83 0.500000
23 85 0.500000
23 87 0.500000
23 88 0.500000
23 89 0.500000
23 91 0.500000
23 94 0.500000
23 97 0.500000
23 98 0.500000
23 99 0.500000
23 102 0.500000
23 103 0.500000
23 106 0.500000
23 107 0.500000
23 110 0.500000
23 112 0.500000
23 116 0.500000
23 117 0.500000
23 120 0.500000
24 25 0.500000
24 26 0.500000
24 27 0.500000
24 28 0.500000
24 29 0.500000
24 30 0.500000
24 31 0.500000
24 32 0.500000
24 33 0.500000
24 37 0.500000
24 38 0.500000
24 41 0.500000
24 46 0.500000
24 48 0.500000
24 52 0.500000
24 58 0.500000
24 60 0.500000
24 61 0.500000
24 64 0.500000
24 65 0.500000
24 66 0.500000
24 67 0.500000
24 69 0.500000
24 73 0.500000
24 74 0.500000
24 75 0.500000
24 78 0.500000
24 80 0.500000
24 81 0.500000
24 82 0.500000
24 84 0.500000
24 85 0.500000
24 87 0.500000
24 90 0.500000
24 94 0.500000
24 97 0.500000
24 98 0.500000
24 100 0.500000
24 102 0.500000
24 103 0.500000
24 106 0.500000
24 108 0.500000
24 109 0.500000
24 110 0.500000
24 112 0.500000
24 113 0.500000
24 114 0.500000
24 116 0.500000
24 117 0.500000
25 26 0.500000
25 29 0.500000
25 35 0.500000
25 38 0.500000
25 41 0.500000
25 42 0.500000
25 46 0.500000
25 47 0.500000
25 49 0.500000
25 50 0.500000
25 52 0.500000
25 53 0.500000
25 54 0.500000
25 57 0.500000
25 58 0.500000
25 61 0.500000
25 62 0.500000
25 63 0.500000
25 64 0.500000
25 67 0.500000
25 68 0.500000
25 70 0.500000
25 71 0.500000
25 73 0.500000
25 74 0.500000
25 76 0.500000
25 78 0.500000
25 79 0.500000
25 80 0.500000
25 82 0.500000
25 83 0.500000
25 86 0.500000
25 87 0.500000
25 88 0.500000
25 90 0.500000
25 94 0.500000
25 100 0.500000
25 102 0.500000
25 103 0.500000
25 104 0.500000
25 105 0.500000
25 106 0.500000
25 107 0.500000
25 108 0.500000
25 109 0.500000
25 112 0.500000
25 115 0.500000
25 117 0.500000
25 120 0.500000
26 28 0.500000
26 29 0.500000
26 31 0.500000
26 33 0.500000
26 35 0.500000
26 36 0.500000
26 37 0.500000
26 38 0.500000
26 43 0.500000
26 45 0.500000
26 46 0.500000
26 47 0.500000
26 49 0.500000
26 53 0.500000
26 54 0.500000
26 58 0.500000
26 60 0.500000
26 62 0.500000
26 63 0.500000
26 65 0.500000
26 71 0.500000
26 72 0.500000
26 76 0.500000
26 77 0.500000
26 80 0.500000
26 83 0.500000
26 85 0.500000
26 87 0.500000
26 91 0.500000
26 93 0.500000
26 94 0.500000
26 95 0.500000
26 100 0.500000
26 101 0.500000
26 103 0.500000
26 104 0.500000
26 107 0.500000
26 108 0.500000
26 109 0.500000
26 110 0.500000
26 112 0.500000
26 113 0.500000
26 116 0.500000
26 119 0.500000
26 120 0.500000
27 28 0.500000
27 29 0.500000
27 30 0.500000
27 32 0.500000
27 35 0.500000
27 37 0.500000
27 38 0.500000
27 39 0.500000
27 40 0.500000
27 43 0.500000
27 50 0.500000
27 52 0.500000
27 55 0.500000
27 57 0.500000
27 58 0.500000
27 66 0.500000
27 69 0.500000
27 71 0.500000
27 73 0.500000
27 75 0.500000
27 76 0.500000
27 81 0.500000
27 83 0.500000
27 85 0.500000
27 86 0.500000
27 87 0.500000
27 88 0.500000
27 89 0.500000
27 90 0.500000
27 91 0.500000
27 94 0.500000
27 95 0.500000
27 97 0.500000
27 101 0.500000
27 102 0.500000
27 103 0.500000
27 104 0.500000
27 108 0.500000
27 109 0.500000
27 110 0.500000
27 112 0.500000
28 29 0.500000
28 30 0.500000
28 31 0.500000
28 32 0.500000
28 33 0.500000
28 34 0.500000
28 35 0.500000
28 36 0.500000
28 37 0.500000
28 38 0.500000
28 40 0.500000
28 42 0.500000
28 43 0.500000
28 44 0.500000
28 45 0.500000
28 46 0.500000
28 49 0.500000
28 51 0.500000
28 53 0.500000
28 63 0.500000
28 64 0.500000
28 66 0.500000
28 67 0.500000
28 68 0.500000
28 69 0.500000
28 70 0.500000
28 72 0.500000
28 74 0.500000
28 76 0.500000
28 79 0.500000
28 80 0.500000
28 82 0.500000
28 83 0.500000
28 85 0.500000
28 86 0.500000
28 88 0.500000
28 89 0.500000
28 91 0.500000
28 92 0.500000
28 95 0.500000
28 99 0.500000
28 100 0.500000
28 101 0.500000
28 104 0.500000
28 105 0.500000
28 107 0.500000
28 112 0.500000
28 114 0.500000
28 115 0.500000
28 117 0.500000
28 120 0.500000
29 33 0.500000
29 35 0.500000
29 36 0.500000
29 39 0.500000
29 43 0.500000
29 45 0.500000
29 47 0.500000
29 50 0.500000
29 51 0.500000
29 52 0.500000
29 53 0.500000
29 55 0.500000
29 56 0.500000
29 59 0.500000
29 63 0.500000
29 64 0.500000
29 68 0.500000
29 69 0.500000
29 71 0.500000
29 72 0.500000
29 73 0.500000
29 74 0.500000
29 75 0.500000
29 76 0.500000
29 77 0.500000
29 78 0.500000
29 81 0.500000
29 82 0.500000
29 83 0.500000
29 85 0.500000
29 86 0.500000
29 87 0.500000
29 89 0.500000
29 96 0.500000
29 97 0.500000
29 99 0.500000
29 100 0.500000
29 103 0.500000
29 108 0.500000
29 109 0.500000
29 111 0.500000
29 113 0.500000
29 114 0.500000
29 116 0.500000
29 118 0.500000
29 120 0.500000
30 33 0.500000
30 34 0.500000
30 35 0.500000
30 38 0.500000
30 41 0.500000
30 42 0.500000
30 44 0.500000
30 45 0.500000
30 46 0.500000
30 47 0.500000
30 48 0.500000
30 49 0.500000
30 51 0.500000
30 53 0.500000
30 55 0.500000
30 56 0.500000
30 57 0.500000
30 58 0.500000
30 67 0.500000
30 68 0.500000
30 69 0.500000
30 72 0.500000
30 74 0.500000
30 79 0.500000
30 82 0.500000
30 83 0.500000
30 85 0.500000
30 87 0.500000
30 88 0.500000
30 89 0.500000
30 93 0.500000
30 96 0.500000
30 98 0.500000
30 99 0.500000
30 100 0.500000
30 103 0.500000
30 105 0.500000
30 107 0.500000
30 109 0.500000
30 112 0.500000
30 115 0.500000
30 116 0.500000
31 34 0.500000
31 36 0.500000
31 38 0.500000
31 42 0.500000
31 45 0.500000
31 50 0.500000
31 54 0.500000
31 56 0.500000
31 57 0.500000
31 58 0.500000
31 59 0.500000
31 60 0.500000
31 64 0.500000
31 67 0.500000
31 68 0.500000
31 70 0.500000
31 75 0.500000
31 76 0.500000
31 78 0.500000
31 80 0.500000
31 81 0.500000
31 82 0.500000
31 83 0.500000
31 86 0.500000
31 88 0.500000
31 90 0.500000
31 91 0.500000
31 92 0.500000
31 96 0.500000
31 100 0.500000
31 101 0.500000
31 104 0.500000
31 106 0.500000
31 107 0.500000
31 108 0.500000
31 112 0.500000
31 113 0.500000
31 115 0.500000
31 116 0.500000
31 120 0.500000
32 34 0.500000
32 35 0.500000
32 36 0.500000
32 38 0.500000
32 42 0.500000
32 43 0.500000
32 46 0.500000
32 50 0.500000
32 53 0.500000
32 54 0.500000
32 55 0.500000
32 59 0.500000
32 61 0.500000
32 62 0.500000
32 64 0.500000
32 67 0.500000
32 70 0.500000
32 72 0.500000
32 74 0.500000
32 79 0.500000
32 81 0.500000
32 87 0.500000
32 89 0.500000
32 91 0.500000
32 92 0.500000
32 94 0.500000
32 95 0.500000
32 101 0.500000
32 102 0.500000
32 105 0.500000
32 106 0.500000
32 108 0.500000
32 110 0.500000
32 113 0.500000
32 117 0.500000
32 118 0.500000
32 119 0.500000
32 120 0.500000
33 37 0.500000
33 43 0.500000
33 45 0.500000
33 50 0.500000
33 51 0.500000
33 52 0.500000
33 53 0.500000
33 58 0.500000
33 60 0.500000
33 62 0.500000
33 64 0.500000
33 65 0.500000
33 66 0.500000
33 67 0.500000
33 68 0.500000
33 69 0.500000
33 72 0.500000
33 73 0.500000
33 74 0.500000
33 76 0.500000
33 77 0.500000
33 80 0.500000
33 81 0.500000
33 82 0.500000
33 83 0.500000
33 84 0.500000
33 87 0.500000
33 88 0.500000
33 90 0.500000
33 91 0.500000
33 92 0.500000
33 93 0.500000
33 95 0.500000
33 103 0.500000
33 105 0.500000
33 107 0.500000
33 109 0.500000
33 110 0.500000
33 111 0.500000
33 112 0.500000
33 113 0.500000
33 114 0.500000
33 115 0.500000
33 117 0.500000
34 35 0.500000
34 37 0.500000
34 38 0.500000
34 39 0.500000
34 41 0.500000
34 42 0.500000
34 43 0.500000
34 44 0.500000
34 46 0.500000
34 47 0.500000
34 50 0.500000
34 52 0.500000
34 57 0.500000
34 58 0.500000
34 61 0.500000
34 62 0.500000
34 65 0.500000
34 66 0.500000
34 67 0.500000
34 68 0.500000
34 74 0.500000
34 75 0.500000
34 78 0.500000
34 79 0.500000
34 81 0.500000
34 82 0.500000
34 83 0.500000
34 84 0.500000
34 86 0.500000
34 88 0.500000
34 90 0.500000
34 94 0.500000
34 97 0.500000
34 101 0.500000
34 102 0.500000
34 105 0.500000
34 107 0.500000
34 113 0.500000
34 115 0.500000
34 118 0.500000
34 119 0.500000
35 36 0.500000
35 38 0.500000
35 41 0.500000
35 46 0.500000
35 50 0.500000
35 51 0.500000
35 54 0.500000
35 57 0.500000
35 60 0.500000
35 61 0.500000
35 64 0.500000
35 65 0.500000
35 66 0.500000
35 67 0.500000
35 70 0.500000
35 75 0.500000
35 76 0.500000
35 78 0.500000
35 80 0.500000
35 84 0.500000
35 88 0.500000
35 91 0.500000
35 97 0.500000
35 98 0.500000
35 100 0.500000
35 102 0.500000
35 104 0.500000
35 105 0.500000
35 106 0.500000
35 109 0.500000
35 110 0.500000
35 117 0.500000
35 118 0.500000
35 120 0.500000
36 38 0.500000
36 39 0.500000
36 40 0.500000
36 41 0.500000
36 44 0.500000
36 46 0.500000
36 48 0.500000
36 49 0.500000
36 50 0.500000
36 52 0.500000
36 54 0.500000
36 55 0.500000
36 56 0.500000
36 59 0.500000
36 63 0.500000
36 64 0.500000
36 65 0.500000
36 67 0.500000
36 68 0.500000
36 69 0.500000
36 73 0.500000
36 75 0.500000
36 77 0.500000
36 78 0.500000
36 79 0.500000
36 80 0.500000
36 81 0.500000
36 84 0.500000
36 85 0.500000
36 89 0.500000
36 93 0.500000
36 97 0.500000
36 98 0.500000
36 99 0.500000
36 100 0.500000
36 104 0.500000
36 105 0.500000
36 106 0.500000
36 108 0.500000
36 109 0.500000
36 112 0.500000
36 114 0.500000
36 115 0.500000
37 39 0.500000
37 40 0.500000
37 41 0.500000
37 43 0.500000
37 44 0.500000
37 45 0.500000
37 46 0.500000
37 47 0.500000
37 51 0.500000
37 52 0.500000
37 53 0.500000
37 55 0.500000
37 56 0.500000
37 57 0.500000
37 59 0.500000
37 60 0.500000
37 61 0.500000
37 65 0.500000
37 66 0.500000
37 68 0.500000
37 70 0.500000
37 71 0.500000
37 73 0.500000
37 74 0.500000
37 76 0.500000
37 77 0.500000
37 78 0.500000
37 79 0.500000
37 80 0.500000
37 83 0.500000
37 84 0.500000
37 90 0.500000
37 92 0.500000
37 93 0.500000
37 94 0.500000
37 95 0.500000
37 98 0.500000
37 103 0.500000
37 104 0.500000
37 105 0.500000
37 109 0.500000
37 110 0.500000
37 111 0.500000
37 112 0.500000
37 114 0.500000
37 117 0.500000
38 39 0.500000
38 41 0.500000
38 42 0.500000
38 43 0.500000
38 49 0.500000
38 50 0.500000
38 51 0.500000
38 52 0.500000
38 55 0.500000
38 58 0.500000
38 60 0.500000
38 63 0.500000
38 67 0.500000
38 68 0.500000
38 71 0.500000
38 74 0.500000
38 80 0.500000
38 82 0.500000
38 90 0.500000
38 92 0.500000
38 94 0.500000
38 97 0.500000
38 102 0.500000
38 105 0.500000
38 107 0.500000
38 108 0.500000
38 109 0.500000
38 113 0.500000
38 114 0.500000
38 115 0.500000
39 40 0.500000
39 42 0.500000
39 44 0.500000
39 47 0.500000
39 50 0.500000
39 51 0.500000
39 53 0.500000
39 54 0.500000
39 55 0.500000
39 56 0.500000
39 57 0.500000
39 58 0.500000
39 59 0.500000
39 64 0.500000
39 65 0.500000
39 72 0.500000
39 73 0.500000
39 74 0.500000
39 75 0.500000
39 77 0.500000
39 78 0.500000
39 83 0.500000
39 84 0.500000
39 86 0.500000
39 87 0.500000
39 88 0.500000
39 89 0.500000
39 91 0.500000
39 92 0.500000
39 94 0.500000
39 95 0.500000
39 96 0.500000
39 99 0.500000
39 102 0.500000
39 104 0.500000
39 107 0.500000
39 110 0.500000
39 112 0.500000
39 113 0.500000
39 114 0.500000
39 115 0.500000
39 116 0.500000
39 119 0.500000
39 120 0.500000
40 45 0.500000
40 46 0.500000
40 49 0.500000
40 51 0.500000
40 53 0.500000
40 58 0.500000
40 59 0.500000
40 62 0.500000
40 63 0.500000
40 64 0.500000
40 65 0.500000
40 68 0.500000
40 70 0.500000
40 71 0.500000
40 75 0.500000
40 77 0.500000
40 79 0.500000
40 82 0.500000
40 83 0.500000
40 84 0.500000
40 86 0.500000
40 91 0.500000
40 92 0.500000
40 93 0.500000
40 95 0.500000
40 98 0.500000
40 99 0.500000
40 103 0.500000
40 105 0.500000
40 108 0.500000
40 111 0.500000
40 112 0.500000
40 113 0.500000
40 117 0.500000
41 44 0.500000
41 47 0.500000
41 48 0.500000
41 49 0.500000
41 51 0.500000
41 53 0.500000
41 55 0.500000
41 56 0.500000
41 59 0.500000
41 60 0.500000
41 61 0.500000
41 62 0.500000
41 63 0.500000
41 64 0.500000
41 65 0.500000
41 67 0.500000
41 70 0.500000
41 71 0.500000
41 72 0.500000
41 73 0.500000
41 74 0.500000
41 76 0.500000
41 84 0.500000
41 86 0.500000
41 87 0.500000
41 89 0.500000
41 90 0.500000
41 94 0.500000
41 96 0.500000
41 98 0.500000
41 99 0.500000
41 102 0.500000
41 103 0.500000
41 104 0.500000
41 106 0.500000
41 107 0.500000
41 109 0.500000
41 110 0.500000
41 112 0.500000
41 115 0.500000
41 117 0.500000
41 118 0.500000
41 119 0.500000
42 44 0.500000
42 45 0.500000
42 46 0.500000
42 47 0.500000
42 49 0.500000
42 50 0.500000
42 52 0.500000
42 54 0.500000
42 55 0.500000
42 56 0.500000
42 57 0.500000
42 58 0.500000
42 60 0.500000
42 63 0.500000
42 65 0.500000
42 67 0.500000
42 69 0.500000
42 71 0.500000
42 72 0.500000
42 75 0.500000
42 77 0.500000
42 78 0.500000
42 79 0.500000
42 81 0.500000
42 82 0.500000
42 83 0.500000
42 87 0.500000
42 89 0.500000
42 90 0.500000
42 91 0.500000
42 92 0.500000
42 95 0.500000
42 96 0.500000
42 97 0.500000
42 98 0.500000
42 101 0.500000
42 102 0.500000
42 105 0.500000
42 106 0.500000
42 108 0.500000
42 109 0.500000
42 110 0.500000
42 111 0.500000
42 112 0.500000
42 114 0.500000
42 119 0.500000
42 120 0.500000
43 44 0.500000
43 48 0.500000
43 49 0.500000
43 51 0.500000
43 53 0.500000
43 57 0.500000
43 59 0.500000
43 61 0.500000
43 68 0.500000
43 70 0.500000
43 71 0.500000
43 72 0.500000
43 73 0.500000
43 75 0.500000
43 76 0.500000
43 81 0.500000
43 82 0.500000
43 85 0.500000
43 86 0.500000
43 87 0.500000
43 88 0.500000
43 90 0.500000
43 91 0.500000
43 92 0.500000
43 93 0.500000
43 94 0.500000
43 96 0.500000
43 98 0.500000
43 100 0.500000
43 104 0.500000
43 105 0.500000
43 107 0.500000
43 110 0.500000
43 115 0.500000
43 116 0.500000
43 117 0.500000
44 50 0.500000
44 52 0.500000
44 53 0.500000
44 54 0.500000
44 55 0.500000
44 57 0.500000
44 59 0.500000
44 60 0.500000
44 61 0.500000
44 63 0.500000
44 64 0.500000
44 65 0.500000
44 66 0.500000
44 71 0.500000
44 74 0.500000
44 79 0.500000
44 80 0.500000
44 90 0.500000
44 91 0.500000
44 94 0.500000
44 96 0.500000
44 99 0.500000
44 100 0.500000
44 102 0.500000
44 105 0.500000
44 106 0.500000
44 107 0.500000
44 108 0.500000
44 112 0.500000
44 113 0.500000
44 114 0.500000
44 115 0.500000
44 116 0.500000
44 118 0.500000
45 50 0.500000
45 51 0.500000
45 54 0.500000
45 59 0.500000
45 62 0.500000
45 63 0.500000
45 66 0.500000
45 67 0.500000
45 68 0.500000
45 75 0.500000
45 76 0.500000
45 78 0.500000
45 79 0.500000
45 83 0.500000
45 84 0.500000
45 89 0.500000
45 90 0.500000
45 92 0.500000
45 93 0.500000
45 94 0.500000
45 95 0.500000
45 96 0.500000
45 98 0.500000
45 99 0.500000
45 100 0.500000
45 102 0.500000
45 106 0.500000
45 107 0.500000
45 108 0.500000
45 109 0.500000
45 110 0.500000
45 116 0.500000
45 118 0.500000
45 120 0.500000
46 48 0.500000
46 49 0.500000
46 53 0.500000
46 54 0.500000
46 58 0.500000
46 59 0.500000
46 61 0.500000
46 63 0.500000
46 64 0.500000
46 70 0.500000
46 73 0.500000
46 74 0.500000
46 76 0.500000
46 85 0.500000
46 88 0.500000
46 91 0.500000
46 92 0.500000
46 94 0.500000
46 98 0.500000
46 100 0.500000
46 102 0.500000
46 104 0.500000
46 105 0.500000
46 106 0.500000
46 107 0.500000
46 110 0.500000
46 115 0.500000
46 117 0.500000
46 119 0.500000
46 120 0.500000
47 48 0.500000
47 50 0.500000
47 51 0.500000
47 54 0.500000
47 55 0.500000
47 56 0.500000
47 61 0.500000
47 64 0.500000
47 69 0.500000
47 70 0.500000
47 72 0.500000
47 74 0.500000
47 77 0.500000
47 79 0.500000
47 82 0.500000
47 83 0.500000
47 84 0.500000
47 86 0.500000
47 88 0.500000
47 91 0.500000
47 95 0.500000
47 96 0.500000
47 97 0.500000
47 98 0.500000
47 101 0.500000
47 104 0.500000
47 105 0.500000
47 107 0.500000
47 108 0.500000
47 110 0.500000
47 111 0.500000
47 114 0.500000
47 117 0.500000
47 118 0.500000
47 119 0.500000
47 120 0.500000
48 49 0.500000
48 52 0.500000
48 54 0.500000
48 55 0.500000
48 60 0.500000
48 62 0.500000
48 64 0.500000
48 65 0.500000
48 67 0.500000
48 69 0.500000
48 70 0.500000
48 78 0.500000
48 79 0.500000
48 81 0.500000
48 84 0.500000
48 85 0.500000
48 86 0.500000
48 91 0.500000
48 93 0.500000
48 98 0.500000
48 99 0.500000
48 100 0.500000
48 101 0.500000
48 103 0.500000
48 104 0.500000
48 107 0.500000
48 108 0.500000
48 109 0.500000
48 110 0.500000
48 111 0.500000
48 117 0.500000
48 118 0.500000
48 119 0.500000
49 54 0.500000
49 55 0.500000
49 61 0.500000
49 63 0.500000
49 67 0.500000
49 68 0.500000
49 71 0.500000
49 73 0.500000
49 75 0.500000
49 76 0.500000
49 77 0.500000
49 79 0.500000
49 82 0.500000
49 84 0.500000
49 85 0.500000
49 88 0.500000
49 93 0.500000
49 97 0.500000
49 98 0.500000
49 99 0.500000
49 103 0.500000
49 104 0.500000
49 106 0.500000
49 109 0.500000
49 110 0.500000
49 114 0.500000
49 116 0.500000
49 118 0.500000
49 120 0.500000
50 54 0.500000
50 56 0.500000
50 57 0.500000
50 59 0.500000
50 61 0.500000
50 62 0.500000
50 65 0.500000
50 67 0.500000
50 69 0.500000
50 74 0.500000
50 76 0.500000
50 77 0.500000
50 78 0.500000
50 79 0.500000
50 85 0.500000
50 86 0.500000
50 87 0.500000
50 90 0.500000
50 91 0.500000
50 94 0.500000
50 95 0.500000
50 96 0.500000
50 98 0.500000
50 101 0.500000
50 102 0.500000
50 105 0.500000
50 106 0.500000
50 111 0.500000
50 113 0.500000
50 117 0.500000
50 118 0.500000
50 119 0.500000
50 120 0.500000
51 54 0.500000
51 57 0.500000
51 58 0.500000
51 60 0.500000
51 64 0.500000
51 66 0.500000
51 67 0.500000
51 68 0.500000
51 69 0.500000
51 70 0.500000
51 72 0.500000
51 74 0.500000
51 75 0.500000
51 76 0.500000
51 80 0.500000
51 81 0.500000
51 82 0.500000
51 83 0.500000
51 84 0.500000
51 85 0.500000
51 86 0.500000
51 87 0.500000
51 89 0.500000
51 90 0.500000
51 94 0.500000
51 96 0.500000
51 100 0.500000
51 101 0.500000
51 104 0.500000
51 105 0.500000
51 107 0.500000
51 108 0.500000
51 110 0.500000
51 111 0.500000
51 113 0.500000
51 114 0.500000
51 118 0.500000
52 53 0.500000
52 54 0.500000
52 58 0.500000
52 59 0.500000
52 62 0.500000
52 63 0.500000
52 64 0.500000
52 66 0.500000
52 67 0.500000
52 70 0.500000
52 71 0.500000
52 75 0.500000
52 76 0.500000
52 77 0.500000
52 79 0.500000
52 81 0.500000
52 82 0.500000
52 83 0.500000
52 84 0.500000
52 86 0.500000
52 87 0.500000
52 90 0.500000
52 91 0.500000
52 95 0.500000
52 97 0.500000
52 99 0.500000
52 100 0.500000
52 101 0.500000
52 103 0.500000
52 104 0.500000
52 108 0.500000
52 110 0.500000
52 112 0.500000
52 113 0.500000
52 119 0.500000
53 54 0.500000
53 55 0.500000
53 56 0.500000
53 59 0.500000
53 60 0.500000
53 61 0.500000
53 63 0.500000
53 64 0.500000
53 67 0.500000
53 68 0.500000
53 69 0.500000
53 70 0.500000
53 73 0.500000
53 74 0.500000
53 75 0.500000
53 77 0.500000
53 78 0.500000
53 79 0.500000
53 82 0.500000
53 84 0.500000
53 86 0.500000
53 87 0.500000
53 88 0.500000
53 89 0.500000
53 90 0.500000
53 91 0.500000
53 92 0.500000
53 94 0.500000
53 96 0.500000
53 97 0.500000
53 98 0.500000
53 100 0.500000
53 101 0.500000
53 103 0.500000
53 104 0.500000
53 105 0.500000
53 106 0.500000
53 107 0.500000
53 111 0.500000
53 113 0.500000
53 114 0.500000
53 115 0.500000
53 116 0.500000
53 119 0.500000
54 55 0.500000
54 56 0.500000
54 58 0.500000
54 60 0.500000
54 61 0.500000
54 63 0.500000
54 64 0.500000
54 68 0.500000
54 69 0.500000
54 70 0.500000
54 71 0.500000
54 72 0.500000
54 75 0.500000
54 78 0.500000
54 83 0.500000
54 84 0.500000
54 87 0.500000
54 90 0.500000
54 94 0.500000
54 97 0.500000
54 98 0.500000
54 100 0.500000
54 103 0.500000
54 107 0.500000
54 109 0.500000
54 113 0.500000
54 114 0.500000
54 115 0.500000
54 117 0.500000
54 118 0.500000
54 120 0.500000
55 56 0.500000
55 58 0.500000
55 59 0.500000
55 60 0.500000
55 64 0.500000
55 66 0.500000
55 68 0.500000
55 72 0.500000
55 75 0.500000
55 78 0.500000
55 79 0.500000
55 82 0.500000
55 84 0.500000
55 85 0.500000
55 88 0.500000
55 89 0.500000
55 90 0.500000
55 91 0.500000
55 92 0.500000
55 94 0.500000
55 98 0.500000
55 99 0.500000
55 100 0.500000
55 102 0.500000
55 104 0.500000
55 105 0.500000
55 108 0.500000
55 110 0.500000
55 111 0.500000
55 112 0.500000
55 113 0.500000
55 114 0.500000
55 115 0.500000
55 116 0.500000
55 117 0.500000
56 62 0.500000
56 68 0.500000
56 69 0.500000
56 70 0.500000
56 71 0.500000
56 73 0.500000
56 74 0.500000
56 76 0.500000
56 78 0.500000
56 79 0.500000
56 80 0.500000
56 81 0.500000
56 83 0.500000
56 84 0.500000
56 86 0.500000
56 87 0.500000
56 88 0.500000
56 91 0.500000
56 94 0.500000
56 95 0.500000
56 96 0.500000
56 97 0.500000
56 99 0.500000
56 101 0.500000
56 102 0.500000
56 105 0.500000
56 106 0.500000
56 108 0.500000
56 109 0.500000
56 114 0.500000
56 115 0.500000
56 117 0.500000
56 118 0.500000
56 119 0.500000
57 58 0.500000
57 59 0.500000
57 61 0.500000
57 63 0.500000
57 64 0.500000
57 66 0.500000
57 68 0.500000
57 73 0.500000
57 74 0.500000
57 75 0.500000
57 76 0.500000
57 78 0.500000
57 80 0.500000
57 81 0.500000
57 83 0.500000
57 86 0.500000
57 87 0.500000
57 88 0.500000
57 90 0.500000
57 93 0.500000
57 94 0.500000
57 97 0.500000
57 98 0.500000
57 100 0.500000
57 101 0.500000
57 103 0.500000
57 104 0.500000
57 106 0.500000
57 109 0.500000
57 110 0.500000
57 113 0.500000
57 117 0.500000
57 118 0.500000
58 61 0.500000
58 62 0.500000
58 63 0.500000
58 64 0.500000
58 65 0.500000
58 67 0.500000
58 71 0.500000
58 74 0.500000
58 75 0.500000
58 77 0.500000
58 78 0.500000
58 80 0.500000
58 81 0.500000
58 82 0.500000
58 83 0.500000
58 84 0.500000
58 86 0.500000
58 87 0.500000
58 90 0.500000
58 91 0.500000
58 93 0.500000
58 95 0.500000
58 97 0.500000
58 98 0.500000
58 99 0.500000
58 101 0.500000
58 102 0.500000
58 104 0.500000
58 105 0.500000
58 107 0.500000
58 109 0.500000
58 113 0.500000
58 114 0.500000
58 116 0.500000
58 117 0.500000
58 118 0.500000
59 61 0.500000
59 62 0.500000
59 64 0.500000
59 66 0.500000
59 67 0.500000
59 70 0.500000
59 72 0.500000
59 74 0.500000
59 75 0.500000
59 78 0.500000
59 79 0.500000
59 80 0.500000
59 81 0.500000
59 82 0.500000
59 83 0.500000
59 85 0.500000
59 86 0.500000
59 88 0.500000
59 89 0.500000
59 95 0.500000
59 96 0.500000
59 97 0.500000
59 98 0.500000
59 101 0.500000
59 103 0.500000
59 104 0.500000
59 105 0.500000
59 107 0.500000
59 110 0.500000
59 111 0.500000
59 112 0.500000
59 113 0.500000
59 114 0.500000
59 115 0.500000
59 117 0.500000
59 119 0.500000
59 120 0.500000
60 62 0.500000
60 63 0.500000
60 64 0.500000
60 65 0.500000
60 68 0.500000
60 69 0.500000
60 70 0.500000
60 71 0.500000
60 73 0.500000
60 77 0.500000
60 78 0.500000
60 80 0.500000
60 81 0.500000
60 82 0.500000
60 87 0.500000
60 88 0.500000
60 89 0.500000
60 90 0.500000
60 92 0.500000
60 97 0.500000
60 100 0.500000
60 101 0.500000
60 102 0.500000
60 104 0.500000
60 105 0.500000
60 106 0.500000
60 107 0.500000
60 108 0.500000
60 110 0.500000
60 113 0.500000
60 114 0.500000
60 116 0.500000
60 118 0.500000
61 62 0.500000
61 63 0.500000
61 64 0.500000
61 65 0.500000
61 66 0.500000
61 71 0.500000
61 72 0.500000
61 74 0.500000
61 77 0.500000
61 79 0.500000
61 80 0.500000
61 81 0.500000
61 83 0.500000
61 86 0.500000
61 88 0.500000
61 89 0.500000
61 90 0.500000
61 98 0.500000
61 103 0.500000
61 104 0.500000
61 109 0.500000
61 110 0.500000
61 111 0.500000
61 112 0.500000
61 113 0.500000
61 114 0.500000
61 115 0.500000
61 118 0.500000
61 120 0.500000
62 66 0.500000
62 67 0.500000
62 71 0.500000
62 75 0.500000
62 76 0.500000
62 77 0.500000
62 78 0.500000
62 79 0.500000
62 83 0.500000
62 84 0.500000
62 86 0.500000
62 87 0.500000
62 90 0.500000
62 91 0.500000
62 93 0.500000
62 94 0.500000
62 95 0.500000
62 96 0.500000
62 98 0.500000
62 103 0.500000
62 105 0.500000
62 106 0.500000
62 111 0.500000
62 113 0.500000
62 114 0.500000
62 115 0.500000
62 118 0.500000
63 64 0.500000
63 65 0.500000
63 66 0.500000
63 67 0.500000
63 68 0.500000
63 69 0.500000
63 71 0.500000
63 74 0.500000
63 76 0.500000
63 78 0.500000
63 79 0.500000
63 81 0.500000
63 84 0.500000
63 85 0.500000
63 88 0.500000
63 89 0.500000
63 91 0.500000
63 92 0.500000
63 93 0.500000
63 95 0.500000
63 96 0.500000
63 99 0.500000
63 104 0.500000
63 105 0.500000
63 106 0.500000
63 108 0.500000
63 110 0.500000
63 114 0.500000
63 116 0.500000
63 118 0.500000
63 120 0.500000
64 66 0.500000
64 69 0.500000
64 74 0.500000
64 75 0.500000
64 76 0.500000
64 78 0.500000
64 79 0.500000
64 81 0.500000
64 82 0.500000
64 83 0.500000
64 85 0.500000
64 86 0.500000
64 89 0.500000
64 90 0.500000
64 91 0.500000
64 93 0.500000
64 94 0.500000
64 95 0.500000
64 97 0.500000
64 98 0.500000
64 99 0.500000
64 100 0.500000
64 101 0.500000
64 105 0.500000
64 109 0.500000
64 115 0.500000
64 116 0.500000
64 118 0.500000
64 119 0.500000
65 66 0.500000
65 70 0.500000
65 71 0.500000
65 72 0.500000
65 74 0.500000
65 75 0.500000
65 76 0.500000
65 77 0.500000
65 81 0.500000
65 84 0.500000
65 85 0.500000
65 88 0.500000
65 89 0.500000
65 91 0.500000
65 92 0.500000
65 93 0.500000
65 96 0.500000
65 97 0.500000
65 100 0.500000
65 102 0.500000
65 103 0.500000
65 104 0.500000
65 107 0.500000
65 108 0.500000
65 109 0.500000
65 111 0.500000
65 113 0.500000
65 114 0.500000
65 115 0.500000
65 116 0.500000
65 118 0.500000
65 120 0.500000
66 69 0.500000
66 71 0.500000
66 73 0.500000
66 74 0.500000
66 75 0.500000
66 78 0.500000
66 80 0.500000
66 81 0.500000
66 82 0.500000
66 84 0.500000
66 87 0.500000
66 88 0.500000
66 89 0.500000
66 90 0.500000
66 92 0.500000
66 93 0.500000
66 94 0.500000
66 95 0.500000
66 98 0.500000
66 99 0.500000
66 100 0.500000
66 101 0.500000
66 102 0.500000
66 104 0.500000
66 105 0.500000
66 106 0.500000
66 107 0.500000
66 108 0.500000
66 111 0.500000
66 113 0.500000
66 115 0.500000
66 116 0.500000
66 118 0.500000
67 69 0.500000
67 71 0.500000
67 72 0.500000
67 73 0.500000
67 75 0.500000
67 77 0.500000
67 78 0.500000
67 80 0.500000
67 81 0.500000
67 83 0.500000
67 84 0.500000
67 88 0.500000
67 89 0.500000
67 90 0.500000
67 91 0.500000
67 92 0.500000
67 94 0.500000
67 98 0.500000
67 99 0.500000
67 100 0.500000
67 102 0.500000
67 103 0.500000
67 104 0.500000
67 105 0.500000
67 106 0.500000
67 111 0.500000
67 114 0.500000
67 116 0.500000
67 117 0.500000
67 118 0.500000
67 119 0.500000
67 120 0.500000
68 69 0.500000
68 72 0.500000
68 74 0.500000
68 75 0.500000
68 77 0.500000
68 78 0.500000
68 79 0.500000
68 80 0.500000
68 81 0.500000
68 82 0.500000
68 83 0.500000
68 85 0.500000
68 87 0.500000
68 88 0.500000
68 89 0.500000
68 91 0.500000
68 93 0.500000
68 97 0.500000
68 98 0.500000
68 99 0.500000
68 102 0.500000
68 106 0.500000
68 107 0.500000
68 108 0.500000
68 110 0.500000
68 111 0.500000
68 114 0.500000
68 117 0.500000
68 118 0.500000
68 120 0.500000
69 72 0.500000
69 73 0.500000
69 74 0.500000
69 76 0.500000
69 78 0.500000
69 79 0.500000
69 80 0.500000
69 81 0.500000
69 82 0.500000
69 84 0.500000
69 85 0.500000
69 88 0.500000
69 89 0.500000
69 97 0.500000
69 98 0.500000
69 99 0.500000
69 104 0.500000
69 105 0.500000
69 110 0.500000
69 113 0.500000
69 118 0.500000
70 71 0.500000
70 72 0.500000
70 73 0.500000
70 74 0.500000
70 76 0.500000
70 77 0.500000
70 78 0.500000
70 79 0.500000
70 80 0.500000
70 81 0.500000
70 83 0.500000
70 85 0.500000
70 86 0.500000
70 87 0.500000
70 90 0.500000
70 92 0.500000
70 93 0.500000
70 94 0.500000
70 95 0.500000
70 96 0.500000
70 100 0.500000
70 103 0.500000
70 106 0.500000
70 110 0.500000
70 113 0.500000
70 115 0.500000
70 116 0.500000
70 117 0.500000
70 119 0.500000
70 120 0.500000
71 75 0.500000
71 76 0.500000
71 77 0.500000
71 78 0.500000
71 79 0.500000
71 80 0.500000
71 82 0.500000
71 84 0.500000
71 85 0.500000
71 88 0.500000
71 92 0.500000
71 93 0.500000
71 100 0.500000
71 104 0.500000
71 105 0.500000
71 106 0.500000
71 107 0.500000
71 108 0.500000
71 110 0.500000
71 113 0.500000
71 115 0.500000
71 116 0.500000
71 117 0.500000
71 118 0.500000
71 119 0.500000
71 120 0.500000
72 75 0.500000
72 78 0.500000
72 80 0.500000
72 81 0.500000
72 82 0.500000
72 86 0.500000
72 87 0.500000
72 89 0.500000
72 91 0.500000
72 92 0.500000
72 94 0.500000
72 95 0.500000
72 96 0.500000
72 97 0.500000
72 101 0.500000
72 102 0.500000
72 103 0.500000
72 105 0.500000
72 107 0.500000
72 108 0.500000
72 110 0.500000
72 111 0.500000
72 112 0.500000
72 115 0.500000
72 118 0.500000
72 120 0.500000
73 74 0.500000
73 78 0.500000
73 80 0.500000
73 82 0.500000
73 83 0.500000
73 85 0.500000
73 86 0.500000
73 89 0.500000
73 90 0.500000
73 93 0.500000
73 95 0.500000
73 96 0.500000
73 97 0.500000
73 98 0.500000
73 100 0.500000
73 101 0.500000
73 102 0.500000
73 103 0.500000
73 104 0.500000
73 107 0.500000
73 108 0.500000
73 111 0.500000
73 112 0.500000
73 113 0.500000
73 114 0.500000
73 117 0.500000
73 119 0.500000
73 120 0.500000
74 75 0.500000
74 76 0.500000
74 77 0.500000
74 80 0.500000
74 83 0.500000
74 86 0.500000
74 90 0.500000
74 92 0.500000
74 96 0.500000
74 98 0.500000
74 103 0.500000
74 105 0.500000
74 106 0.500000
74 107 0.500000
74 108 0.500000
74 109 0.500000
74 110 0.500000
74 114 0.500000
74 115 0.500000
74 117 0.500000
74 118 0.500000
74 120 0.500000
75 77 0.500000
75 78 0.500000
75 79 0.500000
75 82 0.500000
75 83 0.500000
75 86 0.500000
75 87 0.500000
75 88 0.500000
75 91 0.500000
75 92 0.500000
75 93 0.500000
75 96 0.500000
75 97 0.500000
75 100 0.500000
75 102 0.500000
75 103 0.500000
75 104 0.500000
75 105 0.500000
75 107 0.500000
75 109 0.500000
75 114 0.500000
75 116 0.500000
75 118 0.500000
76 77 0.500000
76 81 0.500000
76 82 0.500000
76 83 0.500000
76 90 0.500000
76 91 0.500000
76 92 0.500000
76 96 0.500000
76 98 0.500000
76 103 0.500000
76 106 0.500000
76 107 0.500000
76 108 0.500000
76 109 0.500000
76 112 0.500000
76 113 0.500000
76 116 0.500000
76 117 0.500000
76 118 0.500000
77 83 0.500000
77 86 0.500000
77 87 0.500000
77 90 0.500000
77 94 0.500000
77 95 0.500000
77 96 0.500000
77 98 0.500000
77 100 0.500000
77 101 0.500000
77 102 0.500000
77 104 0.500000
77 105 0.500000
77 106 0.500000
77 107 0.500000
77 109 0.500000
77 111 0.500000
77 112 0.500000
77 115 0.500000
77 116 0.500000
77 118 0.500000
77 120 0.500000
78 80 0.500000
78 81 0.500000
78 86 0.500000
78 87 0.500000
78 90 0.500000
78 94 0.500000
78 97 0.500000
78 99 0.500000
78 100 0.500000
78 103 0.500000
78 108 0.500000
78 111 0.500000
78 112 0.500000
79 80 0.500000
79 88 0.500000
79 90 0.500000
79 91 0.500000
79 92 0.500000
79 94 0.500000
79 96 0.500000
79 98 0.500000
79 102 0.500000
79 103 0.500000
79 109 0.500000
79 110 0.500000
79 111 0.500000
79 118 0.500000
79 119 0.500000
80 81 0.500000
80 83 0.500000
80 84 0.500000
80 87 0.500000
80 88 0.500000
80 89 0.500000
80 90 0.500000
80 93 0.500000
80 94 0.500000
80 95 0.500000
80 96 0.500000
80 99 0.500000
80 103 0.500000
80 108 0.500000
80 112 0.500000
80 113 0.500000
80 115 0.500000
80 118 0.500000
80 119 0.500000
81 85 0.500000
81 86 0.500000
81 88 0.500000
81 89 0.500000
81 90 0.500000
81 91 0.500000
81 92 0.500000
81 93 0.500000
81 94 0.500000
81 100 0.500000
81 105 0.500000
81 107 0.500000
81 109 0.500000
81 110 0.500000
81 111 0.500000
81 114 0.500000
81 115 0.500000
81 117 0.500000
82 83 0.500000
82 87 0.500000
82 92 0.500000
82 99 0.500000
82 101 0.500000
82 102 0.500000
82 108 0.500000
82 110 0.500000
82 111 0.500000
82 113 0.500000
82 114 0.500000
82 115 0.500000
82 116 0.500000
82 117 0.500000
82 118 0.500000
82 120 0.500000
83 85 0.500000
83 86 0.500000
83 87 0.500000
83 92 0.500000
83 93 0.500000
83 95 0.500000
83 97 0.500000
83 98 0.500000
83 101 0.500000
83 102 0.500000
83 104 0.500000
83 105 0.500000
83 106 0.500000
83 108 0.500000
83 109 0.500000
83 110 0.500000
83 111 0.500000
83 112 0.500000
83 113 0.500000
83 114 0.500000
83 115 0.500000
83 119 0.500000
84 90 0.500000
84 91 0.500000
84 92 0.500000
84 95 0.500000
84 96 0.500000
84 97 0.500000
84 98 0.500000
84 99 0.500000
84 100 0.500000
84 101 0.500000
84 103 0.500000
84 106 0.500000
84 107 0.500000
84 108 0.500000
84 109 0.500000
84 111 0.500000
84 116 0.500000
84 117 0.500000
84 120 0.500000
85 86 0.500000
85 87 0.500000
85 88 0.500000
85 89 0.500000
85 94 0.500000
85 95 0.500000
85 96 0.500000
85 99 0.500000
85 100 0.500000
85 102 0.500000
85 103 0.500000
85 104 0.500000
85 105 0.500000
85 109 0.500000
85 110 0.500000
85 112 0.500000
85 115 0.500000
85 117 0.500000
85 118 0.500000
85 119 0.500000
85 120 0.500000
86 88 0.500000
86 94 0.500000
86 97 0.500000
86 98 0.500000
86 99 0.500000
86 105 0.500000
86 106 0.500000
86 107 0.500000
86 108 0.500000
86 109 0.500000
86 111 0.500000
86 116 0.500000
86 119 0.500000
87 88 0.500000
87 90 0.500000
87 91 0.500000
87 92 0.500000
87 93 0.500000
87 95 0.500000
87 97 0.500000
87 98 0.500000
87 100 0.500000
87 102 0.500000
87 104 0.500000
87 111 0.500000
87 112 0.500000
87 113 0.500000
87 116 0.500000
87 119 0.500000
88 91 0.500000
88 93 0.500000
88 94 0.500000
88 96 0.500000
88 97 0.500000
88 98 0.500000
88 100 0.500000
88 103 0.500000
88 104 0.500000
88 108 0.500000
88 109 0.500000
88 110 0.500000
88 112 0.500000
88 114 0.500000
88 115 0.500000
88 116 0.500000
88 118 0.500000
88 120 0.500000
89 90 0.500000
89 91 0.500000
89 95 0.500000
89 96 0.500000
89 98 0.500000
89 102 0.500000
89 104 0.500000
89 105 0.500000
89 108 0.500000
89 109 0.500000
89 112 0.500000
89 115 0.500000
89 117 0.500000
89 119 0.500000
90 91 0.500000
90 92 0.500000
90 94 0.500000
90 95 0.500000
90 97 0.500000
90 98 0.500000
90 105 0.500000
90 107 0.500000
90 109 0.500000
90 110 0.500000
90 112 0.500000
90 116 0.500000
90 118 0.500000
91 92 0.500000
91 95 0.500000
91 99 0.500000
91 100 0.500000
91 103 0.500000
91 104 0.500000
91 105 0.500000
91 107 0.500000
91 109 0.500000
91 114 0.500000
91 116 0.500000
91 117 0.500000
91 118 0.500000
91 120 0.500000
92 93 0.500000
92 94 0.500000
92 95 0.500000
92 96 0.500000
92 97 0.500000
92 98 0.500000
92 99 0.500000
92 101 0.500000
92 102 0.500000
92 104 0.500000
92 107 0.500000
92 108 0.500000
92 109 0.500000
92 110 0.500000
92 111 0.500000
92 113 0.500000
92 116 0.500000
92 117 0.500000
92 118 0.500000
92 120 0.500000
93 95 0.500000
93 97 0.500000
93 101 0.500000
93 103 0.500000
93 106 0.500000
93 108 0.500000
93 110 0.500000
93 111 0.500000
93 113 0.500000
93 114 0.500000
93 117 0.500000
93 118 0.500000
93 119 0.500000
94 95 0.500000
94 98 0.500000
94 99 0.500000
94 100 0.500000
94 101 0.500000
94 105 0.500000
94 108 0.500000
94 109 0.500000
94 111 0.500000
94 114 0.500000
94 115 0.500000
94 118 0.500000
94 119 0.500000
95 100 0.500000
95 102 0.500000
95 106 0.500000
95 107 0.500000
95 108 0.500000
95 109 0.500000
95 110 0.500000
95 111 0.500000
95 113 0.500000
95 114 0.500000
95 115 0.500000
95 117 0.500000
95 118 0.500000
95 120 0.500000
96 100 0.500000
96 103 0.500000
96 104 0.500000
96 108 0.500000
96 109 0.500000
96 110 0.500000
96 114 0.500000
96 115 0.500000
96 116 0.500000
96 119 0.500000
96 120 0.500000
97 99 0.500000
97 100 0.500000
97 103 0.500000
97 105 0.500000
97 108 0.500000
97 109 0.500000
97 114 0.500000
97 116 0.500000
97 117 0.500000
97 118 0.500000
98 101 0.500000
98 103 0.500000
98 104 0.500000
98 106 0.500000
98 107 0.500000
98 109 0.500000
98 113 0.500000
98 116 0.500000
98 117 0.500000
99 100 0.500000
99 103 0.500000
99 104 0.500000
99 106 0.500000
99 107 0.500000
99 109 0.500000
99 110 0.500000
99 113 0.500000
99 114 0.500000
99 116 0.500000
99 118 0.500000
99 120 0.500000
100 104 0.500000
100 108 0.500000
100 111 0.500000
100 112 0.500000
100 115 0.500000
100 117 0.500000
100 118 0.500000
101 103 0.500000
101 106 0.500000
101 107 0.500000
101 109 0.500000
101 110 0.500000
101 112 0.500000
101 113 0.500000
101 115 0.500000
101 118 0.500000
101 119 0.500000
101 120 0.500000
102 104 0.500000
102 105 0.500000
102 107 0.500000
102 108 0.500000
102 109 0.500000
102 112 0.500000
102 115 0.500000
103 105 0.500000
103 110 0.500000
103 111 0.500000
103 113 0.500000
103 114 0.500000
103 117 0.500000
103 119 0.500000
104 105 0.500000
104 106 0.500000
104 108 0.500000
104 109 0.500000
104 110 0.500000
104 111 0.500000
104 114 0.500000
104 116 0.500000
104 117 0.500000
105 106 0.500000
105 110 0.500000
105 111 0.500000
105 112 0.500000
105 115 0.500000
105 117 0.500000
105 120 0.500000
106 107 0.500000
106 108 0.500000
106 110 0.500000
106 111 0.500000
106 113 0.500000
106 114 0.500000
106 116 0.500000
106 117 0.500000
106 118 0.500000
106 120 0.500000
107 109 0.500000
107 113 0.500000
107 114 0.500000
107 116 0.500000
107 119 0.500000
108 109 0.500000
108 111 0.500000
108 112 0.500000
108 114 0.500000
108 115 0.500000
108 116 0.500000
108 119 0.500000
108 120 0.500000
109 113 0.500000
109 114 0.500000
109 116 0.500000
109 117 0.500000
110 111 0.500000
110 112 0.500000
110 114 0.500000
110 115 0.500000
110 116 0.500000
110 119 0.500000
111 115 0.500000
111 117 0.500000
111 119 0.500000
112 113 0.500000
112 116 0.500000
112 120 0.500000
113 115 0.500000
113 116 0.500000
113 117 0.500000
113 119 0.500000
114 115 0.500000
114 117 0.500000
114 119 0.500000
115 116 0.500000
115 118 0.500000
115 120 0.500000
116 117 0.500000
116 118 0.500000
117 120 0.500000
