120 30 3570
1 2 0.500000
1 4 0.500000
1 5 0.500000
1 9 0.500000
1 12 0.500000
1 13 0.500000
1 17 0.500000
1 19 0.500000
1 20 0.500000
1 21 0.500000
1 22 0.500000
1 23 0.500000
1 24 0.500000
1 26 0.500000
1 27 0.500000
1 29 0.500000
1 31 0.500000
1 32 0.500000
1 33 0.500000
1 34 0.500000
1 37 0.500000
1 38 0.500000
1 42 0.500000
1 45 0.500000
1 49 0.500000
1 51 0.500000
1 52 0.500000
1 54 0.500000
1 55 0.500000
1 56 0.500000
1 57 0.500000
1 64 0.500000
1 65 0.500000
1 66 0.500000
1 72 0.500000
1 73 0.500000
1 74 0.500000
1 77 0.500000
1 78 0.500000
1 81 0.500000
1 82 0.500000
1 85 0.500000
1 86 0.500000
1 87 0.500000
1 91 0.500000
1 92 0.500000
1 93 0.500000
1 96 0.500000
1 97 0.500000
1 101 0.500000
1 103 0.500000
1 104 0.500000
1 107 0.500000
1 108 0.500000
1 109 0.500000
1 114 0.500000
1 116 0.500000
1 117 0.500000
1 118 0.500000
1 119 0.500000
2 3 0.500000
2 5 0.500000
2 6 0.500000
2 7 0.500000
2 8 0.500000
2 12 0.500000
2 23 0.500000
2 24 0.500000
2 25 0.500000
2 26 0.500000
2 27 0.500000
2 28 0.500000
2 30 0.500000
2 32 0.500000
2 33 0.500000
2 34 0.500000
2 37 0.500000
2 41 0.500000
2 45 0.500000
2 46 0.500000
2 47 0.500000
2 49 0.500000
2 50 0.500000
2 52 0.500000
2 60 0.500000
2 61 0.500000
2 63 0.500000
2 66 0.500000
2 68 0.500000
2 71 0.500000
2 72 0.500000
2 73 0.500000
2 76 0.500000
2 79 0.500000
2 82 0.500000
2 83 0.500000
2 85 0.500000
2 88 0.500000
2 89 0.500000
2 90 0.500000
2 91 0.500000
2 95 0.500000
2 98 0.500000
2 104 0.500000
2 108 0.500000
2 110 0.500000
2 111 0.500000
2 115 0.500000
2 117 0.500000
2 118 0.500000
3 4 0.500000
3 5 0.500000
3 7 0.500000
3 8 0.500000
3 10 0.500000
3 12 0.500000
3 14 0.500000
3 15 0.500000
3 18 0.500000
3 22 0.500000
3 23 0.500000
3 24 0.500000
3 26 0.500000
3 29 0.500000
3 30 0.500000
3 33 0.500000
3 35 0.500000
3 37 0.500000
3 39 0.500000
3 41 0.500000
3 42 0.500000
3 44 0.500000
3 45 0.500000
3 48 0.500000
3 50 0.500000
3 51 0.500000
3 53 0.500000
3 54 0.500000
3 55 0.500000
3 56 0.500000
3 57 0.500000
3 59 0.500000
3 60 0.500000
3 63 0.500000
3 71 0.500000
3 72 0.500000
3 73 0.500000
3 74 0.500000
3 77 0.500000
3 78 0.500000
3 88 0.500000
3 92 0.500000
3 93 0.500000
3 95 0.500000
3 97 0.500000
3 101 0.500000
3 103 0.500000
3 106 0.500000
3 107 0.500000
3 110 0.500000
3 114 0.500000
3 115 0.500000
3 116 0.500000
3 117 0.500000
3 118 0.500000
3 120 0.500000
4 8 0.500000
4 18 0.500000
4 19 0.500000
4 20 0.500000
4 22 0.500000
4 25 0.500000
4 26 0.500000
4 30 0.500000
4 32 0.500000
4 33 0.500000
4 34 0.500000
4 35 0.500000
4 36 0.500000
4 39 0.500000
4 42 0.500000
4 47 0.500000
4 48 0.500000
4 49 0.500000
4 50 0.500000
4 51 0.500000
4 52 0.500000
4 53 0.500000
4 64 0.500000
4 67 0.500000
4 69 0.500000
4 70 0.500000
4 72 0.500000
4 75 0.500000
4 79 0.500000
4 80 0.500000
4 81 0.500000
4 82 0.500000
4 83 0.500000
4 84 0.500000
4 85 0.500000
4 86 0.500000
4 92 0.500000
4 97 0.500000
4 98 0.500000
4 99 0.500000
4 101 0.500000
4 102 0.500000
4 103 0.500000
4 105 0.500000
4 106 0.500000
4 107 0.500000
4 110 0.500000
4 112 0.500000
4 114 0.500000
4 116 0.500000
4 117 0.500000
4 118 0.500000
5 9 0.500000
5 10 0.500000
5 13 0.500000
5 14 0.500000
5 17 0.500000
5 18 0.500000
5 20 0.500000
5 25 0.500000
5 26 0.500000
5 28 0.500000
5 29 0.500000
5 30 0.500000
5 33 0.500000
5 35 0.500000
5 36 0.500000
5 37 0.500000
5 38 0.500000
5 40 0.500000
5 43 0.500000
5 45 0.500000
5 46 0.500000
5 47 0.500000
5 48 0.500000
5 49 0.500000
5 54 0.500000
5 55 0.500000
5 61 0.500000
5 63 0.500000
5 65 0.500000
5 66 0.500000
5 68 0.500000
5 69 0.500000
5 70 0.500000
5 71 0.500000
5 73 0.500000
5 75 0.500000
5 78 0.500000
5 79 0.500000
5 80 0.500000
5 81 0.500000
5 85 0.500000
5 86 0.500000
5 87 0.500000
5 88 0.500000
5 91 0.500000
5 92 0.500000
5 93 0.500000
5 95 0.500000
5 97 0.500000
5 99 0.500000
5 100 0.500000
5 103 0.500000
5 104 0.500000
5 106 0.500000
5 107 0.500000
5 108 0.500000
5 109 0.500000
5 111 0.500000
5 112 0.500000
5 113 0.500000
5 114 0.500000
5 115 0.500000
5 116 0.500000
5 118 0.500000
5 120 0.500000
6 8 0.500000
6 9 0.500000
6 11 0.500000
6 12 0.500000
6 16 0.500000
6 17 0.500000
6 18 0.500000
6 20 0.500000
6 22 0.500000
6 23 0.500000
6 29 0.500000
6 30 0.500000
6 31 0.500000
6 33 0.500000
6 37 0.500000
6 38 0.500000
6 39 0.500000
6 41 0.500000
6 42 0.500000
6 43 0.500000
6 44 0.500000
6 46 0.500000
6 49 0.500000
6 52 0.500000
6 54 0.500000
6 57 0.500000
6 58 0.500000
6 62 0.500000
6 63 0.500000
6 65 0.500000
6 66 0.500000
6 67 0.500000
6 68 0.500000
6 71 0.500000
6 73 0.500000
6 74 0.500000
6 75 0.500000
6 86 0.500000
6 87 0.500000
6 94 0.500000
6 95 0.500000
6 97 0.500000
6 104 0.500000
6 105 0.500000
6 106 0.500000
6 108 0.500000
6 112 0.500000
6 113 0.500000
6 115 0.500000
6 116 0.500000
6 117 0.500000
6 118 0.500000
6 119 0.500000
6 120 0.500000
7 10 0.500000
7 12 0.500000
7 15 0.500000
7 17 0.500000
7 18 0.500000
7 20 0.500000
7 21 0.500000
7 22 0.500000
7 23 0.500000
7 24 0.500000
7 26 0.500000
7 27 0.500000
7 29 0.500000
7 31 0.500000
7 33 0.500000
7 34 0.500000
7 36 0.500000
7 37 0.500000
7 40 0.500000
7 43 0.500000
7 44 0.500000
7 46 0.500000
7 50 0.500000
7 51 0.500000
7 54 0.500000
7 56 0.500000
7 57 0.500000
7 58 0.500000
7 59 0.500000
7 60 0.500000
7 63 0.500000
7 65 0.500000
7 67 0.500000
7 68 0.500000
7 69 0.500000
7 71 0.500000
7 72 0.500000
7 73 0.500000
7 75 0.500000
7 77 0.500000
7 78 0.500000
7 79 0.500000
7 83 0.500000
7 85 0.500000
7 89 0.500000
7 91 0.500000
7 92 0.500000
7 93 0.500000
7 97 0.500000
7 100 0.500000
7 102 0.500000
7 103 0.500000
7 104 0.500000
7 106 0.500000
7 111 0.500000
7 112 0.500000
7 117 0.500000
7 119 0.500000
7 120 0.500000
8 10 0.500000
8 11 0.500000
8 13 0.500000
8 15 0.500000
8 16 0.500000
8 17 0.500000
8 19 0.500000
8 20 0.500000
8 21 0.500000
8 25 0.500000
8 26 0.500000
8 29 0.500000
8 31 0.500000
8 32 0.500000
8 34 0.500000
8 35 0.500000
8 36 0.500000
8 37 0.500000
8 38 0.500000
8 42 0.500000
8 43 0.500000
8 45 0.500000
8 46 0.500000
8 47 0.500000
8 48 0.500000
8 49 0.500000
8 53 0.500000
8 54 0.500000
8 55 0.500000
8 59 0.500000
8 60 0.500000
8 61 0.500000
8 62 0.500000
8 63 0.500000
8 67 0.500000
8 68 0.500000
8 70 0.500000
8 78 0.500000
8 80 0.500000
8 86 0.500000
8 88 0.500000
8 89 0.500000
8 90 0.500000
8 93 0.500000
8 94 0.500000
8 99 0.500000
8 100 0.500000
8 102 0.500000
8 103 0.500000
8 106 0.500000
8 107 0.500000
8 110 0.500000
8 111 0.500000
8 112 0.500000
8 113 0.500000
8 116 0.500000
8 117 0.500000
8 118 0.500000
8 119 0.500000
8 120 0.500000
9 10 0.500000
9 14 0.500000
9 15 0.500000
9 20 0.500000
9 21 0.500000
9 23 0.500000
9 27 0.500000
9 29 0.500000
9 31 0.500000
9 32 0.500000
9 33 0.500000
9 36 0.500000
9 40 0.500000
9 43 0.500000
9 44 0.500000
9 45 0.500000
9 46 0.500000
9 47 0.500000
9 51 0.500000
9 52 0.500000
9 53 0.500000
9 54 0.500000
9 55 0.500000
9 58 0.500000
9 63 0.500000
9 64 0.500000
9 65 0.500000
9 67 0.500000
9 71 0.500000
9 75 0.500000
9 76 0.500000
9 78 0.500000
9 79 0.500000
9 80 0.500000
9 82 0.500000
9 85 0.500000
9 89 0.500000
9 90 0.500000
9 92 0.500000
9 94 0.500000
9 95 0.500000
9 96 0.500000
9 97 0.500000
9 98 0.500000
9 101 0.500000
9 102 0.500000
9 103 0.500000
9 104 0.500000
9 105 0.500000
9 106 0.500000
9 111 0.500000
9 114 0.500000
9 115 0.500000
9 118 0.500000
9 119 0.500000
10 12 0.500000
10 14 0.500000
10 16 0.500000
10 17 0.500000
10 18 0.500000
10 21 0.500000
10 22 0.500000
10 28 0.500000
10 29 0.500000
10 31 0.500000
10 32 0.500000
10 34 0.500000
10 35 0.500000
10 36 0.500000
10 37 0.500000
10 40 0.500000
10 41 0.500000
10 42 0.500000
10 47 0.500000
10 48 0.500000
10 53 0.500000
10 56 0.500000
10 57 0.500000
10 61 0.500000
10 62 0.500000
10 63 0.500000
10 68 0.500000
10 70 0.500000
10 72 0.500000
10 75 0.500000
10 77 0.500000
10 79 0.500000
10 80 0.500000
10 83 0.500000
10 90 0.500000
10 92 0.500000
10 93 0.500000
10 95 0.500000
10 96 0.500000
10 99 0.500000
10 103 0.500000
10 106 0.500000
10 109 0.500000
10 110 0.500000
10 111 0.500000
10 113 0.500000
10 116 0.500000
10 117 0.500000
10 118 0.500000
10 120 0.500000
11 17 0.500000
11 18 0.500000
11 19 0.500000
11 20 0.500000
11 22 0.500000
11 26 0.500000
11 28 0.500000
11 29 0.500000
11 30 0.500000
11 34 0.500000
11 35 0.500000
11 36 0.500000
11 38 0.500000
11 39 0.500000
11 40 0.500000
11 45 0.500000
11 46 0.500000
11 47 0.500000
11 53 0.500000
11 55 0.500000
11 56 0.500000
11 59 0.500000
11 60 0.500000
11 62 0.500000
11 64 0.500000
11 65 0.500000
11 67 0.500000
11 68 0.500000
11 70 0.500000
11 72 0.500000
11 73 0.500000
11 74 0.500000
11 75 0.500000
11 79 0.500000
11 80 0.500000
11 81 0.500000
11 82 0.500000
11 83 0.500000
11 85 0.500000
11 86 0.500000
11 87 0.500000
11 91 0.500000
11 92 0.500000
11 99 0.500000
11 100 0.500000
11 101 0.500000
11 102 0.500000
11 106 0.500000
11 109 0.500000
11 110 0.500000
11 111 0.500000
11 112 0.500000
11 113 0.500000
11 116 0.500000
11 117 0.500000
11 118 0.500000
12 13 0.500000
12 14 0.500000
12 15 0.500000
12 16 0.500000
12 17 0.500000
12 21 0.500000
12 25 0.500000
12 29 0.500000
12 30 0.500000
12 31 0.500000
12 32 0.500000
12 33 0.500000
12 34 0.500000
12 36 0.500000
12 39 0.500000
12 41 0.500000
12 43 0.500000
12 45 0.500000
12 48 0.500000
12 49 0.500000
12 51 0.500000
12 53 0.500000
12 55 0.500000
12 56 0.500000
12 57 0.500000
12 59 0.500000
12 63 0.500000
12 64 0.500000
12 65 0.500000
12 70 0.500000
12 73 0.500000
12 75 0.500000
12 76 0.500000
12 77 0.500000
12 79 0.500000
12 80 0.500000
12 81 0.500000
12 83 0.500000
12 84 0.500000
12 86 0.500000
12 89 0.500000
12 92 0.500000
12 93 0.500000
12 94 0.500000
12 96 0.500000
12 98 0.500000
12 100 0.500000
12 101 0.500000
12 103 0.500000
12 105 0.500000
12 108 0.500000
12 110 0.500000
12 112 0.500000
12 113 0.500000
12 115 0.500000
12 117 0.500000
12 118 0.500000
12 119 0.500000
12 120 0.500000
13 15 0.500000
13 16 0.500000
13 18 0.500000
13 21 0.500000
13 22 0.500000
13 23 0.500000
13 25 0.500000
13 26 0.500000
13 28 0.500000
13 30 0.500000
13 31 0.500000
13 34 0.500000
13 36 0.500000
13 38 0.500000
13 39 0.500000
13 40 0.500000
13 41 0.500000
13 43 0.500000
13 46 0.500000
13 49 0.500000
13 51 0.500000
13 54 0.500000
13 55 0.500000
13 57 0.500000
13 58 0.500000
13 59 0.500000
13 62 0.500000
13 64 0.500000
13 65 0.500000
13 68 0.500000
13 70 0.500000
13 74 0.500000
13 75 0.500000
13 77 0.500000
13 92 0.500000
13 94 0.500000
13 95 0.500000
13 96 0.500000
13 98 0.500000
13 100 0.500000
13 102 0.500000
13 104 0.500000
13 108 0.500000
13 109 0.500000
13 111 0.500000
13 113 0.500000
13 114 0.500000
13 120 0.500000
14 15 0.500000
14 19 0.500000
14 20 0.500000
14 22 0.500000
14 23 0.500000
14 24 0.500000
14 25 0.500000
14 26 0.500000
14 28 0.500000
14 29 0.500000
14 32 0.500000
14 36 0.500000
14 38 0.500000
14 39 0.500000
14 40 0.500000
14 42 0.500000
14 43 0.500000
14 45 0.500000
14 46 0.500000
14 47 0.500000
14 49 0.500000
14 51 0.500000
14 52 0.500000
14 53 0.500000
14 54 0.500000
14 56 0.500000
14 57 0.500000
14 63 0.500000
14 64 0.500000
14 65 0.500000
14 66 0.500000
14 69 0.500000
14 72 0.500000
14 75 0.500000
14 77 0.500000
14 79 0.500000
14 80 0.500000
14 82 0.500000
14 83 0.500000
14 85 0.500000
14 86 0.500000
14 87 0.500000
14 89 0.500000
14 90 0.500000
14 92 0.500000
14 93 0.500000
14 96 0.500000
14 97 0.500000
14 100 0.500000
14 102 0.500000
14 104 0.500000
14 105 0.500000
14 106 0.500000
14 108 0.500000
14 111 0.500000
14 114 0.500000
14 116 0.500000
14 119 0.500000
15 16 0.500000
15 18 0.500000
15 19 0.500000
15 21 0.500000
15 22 0.500000
15 23 0.500000
15 24 0.500000
15 25 0.500000
15 28 0.500000
15 32 0.500000
15 36 0.500000
15 37 0.500000
15 40 0.500000
15 41 0.500000
15 43 0.500000
15 48 0.500000
15 49 0.500000
15 50 0.500000
15 51 0.500000
15 52 0.500000
15 53 0.500000
15 56 0.500000
15 61 0.500000
15 62 0.500000
15 66 0.500000
15 67 0.500000
15 70 0.500000
15 71 0.500000
15 72 0.500000
15 74 0.500000
15 77 0.500000
15 78 0.500000
15 79 0.500000
15 82 0.500000
15 83 0.500000
15 85 0.500000
15 89 0.500000
15 90 0.500000
15 92 0.500000
15 101 0.500000
15 102 0.500000
15 106 0.500000
15 111 0.500000
15 112 0.500000
15 115 0.500000
15 117 0.500000
15 118 0.500000
15 119 0.500000
16 18 0.500000
16 19 0.500000
16 20 0.500000
16 21 0.500000
16 22 0.500000
16 24 0.500000
16 25 0.500000
16 26 0.500000
16 32 0.500000
16 33 0.500000
16 34 0.500000
16 35 0.500000
16 37 0.500000
16 38 0.500000
16 40 0.500000
16 42 0.500000
16 45 0.500000
16 46 0.500000
16 47 0.500000
16 48 0.500000
16 50 0.500000
16 53 0.500000
16 54 0.500000
16 55 0.500000
16 58 0.500000
16 59 0.500000
16 61 0.500000
16 62 0.500000
16 64 0.500000
16 66 0.500000
16 67 0.500000
16 71 0.500000
16 72 0.500000
16 76 0.500000
16 85 0.500000
16 86 0.500000
16 88 0.500000
16 89 0.500000
16 91 0.500000
16 94 0.500000
16 95 0.500000
16 97 0.500000
16 98 0.500000
16 99 0.500000
16 100 0.500000
16 104 0.500000
16 106 0.500000
16 107 0.500000
16 108 0.500000
16 109 0.500000
16 110 0.500000
16 111 0.500000
16 113 0.500000
16 116 0.500000
16 117 0.500000
16 118 0.500000
16 119 0.500000
16 120 0.500000
17 23 0.500000
17 24 0.500000
17 25 0.500000
17 26 0.500000
17 27 0.500000
17 32 0.500000
17 34 0.500000
17 39 0.500000
17 41 0.500000
17 43 0.500000
17 44 0.500000
17 45 0.500000
17 48 0.500000
17 50 0.500000
17 52 0.500000
17 56 0.500000
17 58 0.500000
17 59 0.500000
17 60 0.500000
17 68 0.500000
17 70 0.500000
17 71 0.500000
17 72 0.500000
17 74 0.500000
17 75 0.500000
17 76 0.500000
17 77 0.500000
17 78 0.500000
17 79 0.500000
17 81 0.500000
17 82 0.500000
17 90 0.500000
17 92 0.500000
17 94 0.500000
17 97 0.500000
17 99 0.500000
17 100 0.500000
17 102 0.500000
17 104 0.500000
17 106 0.500000
17 107 0.500000
17 108 0.500000
17 109 0.500000
17 110 0.500000
17 112 0.500000
17 114 0.500000
17 116 0.500000
17 118 0.500000
17 119 0.500000
18 20 0.500000
18 23 0.500000
18 25 0.500000
18 29 0.500000
18 31 0.500000
18 32 0.500000
18 36 0.500000
18 37 0.500000
18 40 0.500000
18 42 0.500000
18 44 0.500000
18 47 0.500000
18 49 0.500000
18 51 0.500000
18 52 0.500000
18 55 0.500000
18 56 0.500000
18 57 0.500000
18 59 0.500000
18 60 0.500000
18 62 0.500000
18 65 0.500000
18 67 0.500000
18 71 0.500000
18 72 0.500000
18 75 0.500000
18 76 0.500000
18 80 0.500000
18 83 0.500000
18 85 0.500000
18 86 0.500000
18 87 0.500000
18 88 0.500000
18 89 0.500000
18 90 0.500000
18 91 0.500000
18 92 0.500000
18 93 0.500000
18 96 0.500000
18 97 0.500000
18 98 0.500000
18 100 0.500000
18 101 0.500000
18 102 0.500000
18 103 0.500000
18 104 0.500000
18 106 0.500000
18 109 0.500000
18 112 0.500000
18 114 0.500000
18 117 0.500000
18 118 0.500000
18 119 0.500000
18 120 0.500000
19 20 0.500000
19 22 0.500000
19 23 0.500000
19 24 0.500000
19 25 0.500000
19 27 0.500000
19 28 0.500000
19 30 0.500000
19 36 0.500000
19 37 0.500000
19 38 0.500000
19 42 0.500000
19 46 0.500000
19 47 0.500000
19 48 0.500000
19 50 0.500000
19 51 0.500000
19 52 0.500000
19 57 0.500000
19 60 0.500000
19 62 0.500000
19 64 0.500000
19 66 0.500000
19 73 0.500000
19 74 0.500000
19 76 0.500000
19 78 0.500000
19 82 0.500000
19 83 0.500000
19 84 0.500000
19 85 0.500000
19 90 0.500000
19 91 0.500000
19 92 0.500000
19 95 0.500000
19 96 0.500000
19 99 0.500000
19 102 0.500000
19 104 0.500000
19 106 0.500000
19 107 0.500000
19 108 0.500000
19 109 0.500000
19 111 0.500000
19 114 0.500000
19 116 0.500000
19 118 0.500000
20 22 0.500000
20 23 0.500000
20 27 0.500000
20 30 0.500000
20 32 0.500000
20 33 0.500000
20 34 0.500000
20 36 0.500000
20 38 0.500000
20 43 0.500000
20 46 0.500000
20 47 0.500000
20 48 0.500000
20 49 0.500000
20 51 0.500000
20 52 0.500000
20 54 0.500000
20 55 0.500000
20 56 0.500000
20 58 0.500000
20 60 0.500000
20 61 0.500000
20 62 0.500000
20 63 0.500000
20 64 0.500000
20 65 0.500000
20 66 0.500000
20 68 0.500000
20 70 0.500000
20 71 0.500000
20 72 0.500000
20 79 0.500000
20 87 0.500000
20 92 0.500000
20 94 0.500000
20 95 0.500000
20 98 0.500000
20 103 0.500000
20 104 0.500000
20 105 0.500000
20 109 0.500000
20 110 0.500000
20 112 0.500000
20 115 0.500000
20 117 0.500000
20 118 0.500000
20 119 0.500000
20 120 0.500000
21 24 0.500000
21 25 0.500000
21 29 0.500000
21 31 0.500000
21 34 0.500000
21 35 0.500000
21 37 0.500000
21 41 0.500000
21 42 0.500000
21 43 0.500000
21 44 0.500000
21 45 0.500000
21 48 0.500000
21 49 0.500000
21 50 0.500000
21 54 0.500000
21 60 0.500000
21 63 0.500000
21 65 0.500000
21 66 0.500000
21 67 0.500000
21 68 0.500000
21 70 0.500000
21 71 0.500000
21 74 0.500000
21 76 0.500000
21 78 0.500000
21 82 0.500000
21 84 0.500000
21 85 0.500000
21 86 0.500000
21 87 0.500000
21 89 0.500000
21 92 0.500000
21 93 0.500000
21 94 0.500000
21 97 0.500000
21 98 0.500000
21 99 0.500000
21 101 0.500000
21 102 0.500000
21 103 0.500000
21 104 0.500000
21 106 0.500000
21 110 0.500000
21 115 0.500000
21 119 0.500000
22 23 0.500000
22 24 0.500000
22 25 0.500000
22 28 0.500000
22 31 0.500000
22 32 0.500000
22 33 0.500000
22 36 0.500000
22 39 0.500000
22 46 0.500000
22 49 0.500000
22 50 0.500000
22 53 0.500000
22 54 0.500000
22 57 0.500000
22 58 0.500000
22 62 0.500000
22 63 0.500000
22 66 0.500000
22 67 0.500000
22 68 0.500000
22 71 0.500000
22 74 0.500000
22 75 0.500000
22 78 0.500000
22 79 0.500000
22 80 0.500000
22 81 0.500000
22 82 0.500000
22 86 0.500000
22 87 0.500000
22 88 0.500000
22 89 0.500000
22 90 0.500000
22 100 0.500000
22 104 0.500000
22 105 0.500000
22 111 0.500000
22 112 0.500000
22 113 0.500000
22 115 0.500000
22 117 0.500000
22 119 0.500000
23 24 0.500000
23 27 0.500000
23 30 0.500000
23 32 0.500000
23 33 0.500000
23 37 0.500000
23 38 0.500000
23 39 0.500000
23 40 0.500000
23 41 0.500000
23 43 0.500000
23 44 0.500000
23 45 0.500000
23 48 0.500000
23 49 0.500000
23 50 0.500000
23 51 0.500000
23 52 0.500000
23 55 0.500000
23 57 0.500000
23 60 0.500000
23 61 0.500000
23 62 0.500000
23 63 0.500000
23 64 0.500000
23 65 0.500000
23 68 0.500000
23 69 0.500000
23 70 0.500000
23 71 0.500000
23 73 0.500000
23 74 0.500000
23 75 0.500000
23 77 0.500000
23 78 0.500000
23 79 0.500000
23 80 0.500000
23 82 0.500000
23 84 0.500000
23 86 0.500000
23 88 0.500000
23 89 0.500000
23 90 0.500000
23 92 0.500000
23 93 0.500000
23 94 0.500000
23 95 0.500000
23 96 0.500000
23 98 0.500000
23 99 0.500000
23 101 0.500000
23 103 0.500000
23 105 0.500000
23 106 0.500000
23 107 0.500000
23 108 0.500000
23 110 0.500000
23 115 0.500000
23 116 0.500000
23 120 0.500000
24 28 0.500000
24 31 0.500000
24 32 0.500000
24 33 0.500000
24 34 0.500000
24 36 0.500000
24 38 0.500000
24 40 0.500000
24 43 0.500000
24 45 0.500000
24 46 0.500000
24 48 0.500000
24 50 0.500000
24 54 0.500000
24 58 0.500000
24 63 0.500000
24 64 0.500000
24 69 0.500000
24 73 0.500000
24 74 0.500000
24 78 0.500000
24 79 0.500000
24 80 0.500000
24 81 0.500000
24 82 0.500000
24 83 0.500000
24 84 0.500000
24 85 0.500000
24 90 0.500000
24 91 0.500000
24 94 0.500000
24 97 0.500000
24 98 0.500000
24 100 0.500000
24 102 0.500000
24 104 0.500000
24 107 0.500000
24 109 0.500000
24 110 0.500000
24 111 0.500000
24 113 0.500000
24 114 0.500000
24 115 0.500000
24 117 0.500000
24 120 0.500000
25 28 0.500000
25 29 0.500000
25 31 0.500000
25 32 0.500000
25 36 0.500000
25 38 0.500000
25 42 0.500000
25 44 0.500000
25 48 0.500000
25 51 0.500000
25 52 0.500000
25 57 0.500000
25 61 0.500000
25 63 0.500000
25 65 0.500000
25 70 0.500000
25 73 0.500000
25 77 0.500000
25 79 0.500000
25 81 0.500000
25 82 0.500000
25 86 0.500000
25 87 0.500000
25 88 0.500000
25 91 0.500000
25 92 0.500000
25 93 0.500000
25 94 0.500000
25 95 0.500000
25 97 0.500000
25 98 0.500000
25 99 0.500000
25 102 0.500000
25 103 0.500000
25 104 0.500000
25 105 0.500000
25 106 0.500000
25 109 0.500000
25 111 0.500000
25 112 0.500000
25 115 0.500000
25 118 0.500000
25 120 0.500000
26 27 0.500000
26 29 0.500000
26 30 0.500000
26 32 0.500000
26 34 0.500000
26 36 0.500000
26 37 0.500000
26 39 0.500000
26 42 0.500000
26 43 0.500000
26 45 0.500000
26 47 0.500000
26 49 0.500000
26 51 0.500000
26 54 0.500000
26 58 0.500000
26 59 0.500000
26 60 0.500000
26 62 0.500000
26 63 0.500000
26 64 0.500000
26 66 0.500000
26 68 0.500000
26 70 0.500000
26 76 0.500000
26 80 0.500000
26 84 0.500000
26 85 0.500000
26 86 0.500000
26 88 0.500000
26 90 0.500000
26 91 0.500000
26 92 0.500000
26 93 0.500000
26 95 0.500000
26 97 0.500000
26 98 0.500000
26 101 0.500000
26 103 0.500000
26 105 0.500000
26 108 0.500000
26 110 0.500000
26 113 0.500000
26 114 0.500000
26 115 0.500000
26 116 0.500000
26 117 0.500000
26 118 0.500000
26 119 0.500000
26 120 0.500000
27 29 0.500000
27 31 0.500000
27 32 0.500000
27 34 0.500000
27 35 0.500000
27 37 0.500000
27 39 0.500000
27 40 0.500000
27 43 0.500000
27 44 0.500000
27 45 0.500000
27 46 0.500000
27 48 0.500000
27 49 0.500000
27 50 0.500000
27 51 0.500000
27 53 0.500000
27 54 0.500000
27 55 0.500000
27 58 0.500000
27 59 0.500000
27 62 0.500000
27 63 0.500000
27 64 0.500000
27 68 0.500000
27 72 0.500000
27 74 0.500000
27 76 0.500000
27 77 0.500000
27 79 0.500000
27 81 0.500000
27 86 0.500000
27 87 0.500000
27 88 0.500000
27 89 0.500000
27 92 0.500000
27 93 0.500000
27 97 0.500000
27 99 0.500000
27 100 0.500000
27 101 0.500000
27 103 0.500000
27 105 0.500000
27 108 0.500000
27 109 0.500000
27 114 0.500000
27 120 0.500000
28 30 0.500000
28 32 0.500000
28 33 0.500000
28 35 0.500000
28 37 0.500000
28 38 0.500000
28 39 0.500000
28 40 0.500000
28 43 0.500000
28 47 0.500000
28 48 0.500000
28 56 0.500000
28 57 0.500000
28 58 0.500000
28 61 0.500000
28 63 0.500000
28 65 0.500000
28 67 0.500000
28 68 0.500000
28 69 0.500000
28 71 0.500000
28 77 0.500000
28 81 0.500000
28 82 0.500000
28 84 0.500000
28 85 0.500000
28 86 0.500000
28 88 0.500000
28 89 0.500000
28 91 0.500000
28 95 0.500000
28 96 0.500000
28 98 0.500000
28 99 0.500000
28 102 0.500000
28 103 0.500000
28 109 0.500000
28 110 0.500000
28 111 0.500000
28 112 0.500000
28 113 0.500000
28 115 0.500000
28 117 0.500000
28 118 0.500000
28 119 0.500000
28 120 0.500000
29 32 0.500000
29 33 0.500000
29 34 0.500000
29 36 0.500000
29 37 0.500000
29 38 0.500000
29 39 0.500000
29 41 0.500000
29 45 0.500000
29 51 0.500000
29 52 0.500000
29 53 0.500000
29 54 0.500000
29 55 0.500000
29 56 0.500000
29 57 0.500000
29 58 0.500000
29 60 0.500000
29 61 0.500000
29 65 0.500000
29 67 0.500000
29 68 0.500000
29 69 0.500000
29 70 0.500000
29 71 0.500000
29 75 0.500000
29 84 0.500000
29 87 0.500000
29 88 0.500000
29 92 0.500000
29 93 0.500000
29 95 0.500000
29 97 0.500000
29 98 0.500000
29 99 0.500000
29 103 0.500000
29 104 0.500000
29 105 0.500000
29 106 0.500000
29 107 0.500000
29 111 0.500000
29 114 0.500000
29 115 0.500000
29 117 0.500000
30 31 0.500000
30 32 0.500000
30 34 0.500000
30 35 0.500000
30 36 0.500000
30 40 0.500000
30 43 0.500000
30 45 0.500000
30 46 0.500000
30 51 0.500000
30 52 0.500000
30 53 0.500000
30 55 0.500000
30 56 0.500000
30 57 0.500000
30 58 0.500000
30 59 0.500000
30 60 0.500000
30 63 0.500000
30 69 0.500000
30 71 0.500000
30 74 0.500000
30 75 0.500000
30 77 0.500000
30 78 0.500000
30 79 0.500000
30 80 0.500000
30 81 0.500000
30 82 0.500000
30 83 0.500000
30 84 0.500000
30 85 0.500000
30 86 0.500000
30 87 0.500000
30 88 0.500000
30 92 0.500000
30 93 0.500000
30 94 0.500000
30 95 0.500000
30 96 0.500000
30 98 0.500000
30 99 0.500000
30 100 0.500000
30 102 0.500000
30 104 0.500000
30 106 0.500000
30 107 0.500000
30 109 0.500000
30 110 0.500000
30 112 0.500000
30 114 0.500000
30 115 0.500000
30 116 0.500000
30 117 0.500000
30 120 0.500000
31 32 0.500000
31 33 0.500000
31 37 0.500000
31 40 0.500000
31 41 0.500000
31 44 0.500000
31 48 0.500000
31 49 0.500000
31 55 0.500000
31 58 0.500000
31 59 0.500000
31 62 0.500000
31 63 0.500000
31 64 0.500000
31 65 0.500000
31 66 0.500000
31 67 0.500000
31 68 0.500000
31 71 0.500000
31 72 0.500000
31 75 0.500000
31 76 0.500000
31 77 0.500000
31 78 0.500000
31 80 0.500000
31 92 0.500000
31 94 0.500000
31 96 0.500000
31 102 0.500000
31 103 0.500000
31 105 0.500000
31 106 0.500000
31 107 0.500000
31 108 0.500000
31 110 0.500000
31 113 0.500000
31 115 0.500000
31 116 0.500000
31 117 0.500000
31 118 0.500000
31 119 0.500000
32 33 0.500000
32 34 0.500000
32 38 0.500000
32 39 0.500000
32 41 0.500000
32 43 0.500000
32 44 0.500000
32 49 0.500000
32 50 0.500000
32 51 0.500000
32 53 0.500000
32 55 0.500000
32 58 0.500000
32 61 0.500000
32 66 0.500000
32 67 0.500000
32 69 0.500000
32 70 0.500000
32 71 0.500000
32 72 0.500000
32 73 0.500000
32 74 0.500000
32 75 0.500000
32 77 0.500000
32 78 0.500000
32 80 0.500000
32 81 0.500000
32 84 0.500000
32 85 0.500000
32 86 0.500000
32 87 0.500000
32 88 0.500000
32 89 0.500000
32 90 0.500000
32 92 0.500000
32 93 0.500000
32 94 0.500000
32 96 0.500000
32 97 0.500000
32 100 0.500000
32 103 0.500000
32 104 0.500000
32 106 0.500000
32 109 0.500000
32 110 0.500000
32 113 0.500000
32 116 0.500000
32 119 0.500000
33 36 0.500000
33 38 0.500000
33 42 0.500000
33 44 0.500000
33 45 0.500000
33 46 0.500000
33 47 0.500000
33 49 0.500000
33 50 0.500000
33 52 0.500000
33 55 0.500000
33 59 0.500000
33 60 0.500000
33 61 0.500000
33 62 0.500000
33 64 0.500000
33 65 0.500000
33 66 0.500000
33 68 0.500000
33 72 0.500000
33 75 0.500000
33 77 0.500000
33 78 0.500000
33 79 0.500000
33 80 0.500000
33 81 0.500000
33 82 0.500000
33 83 0.500000
33 85 0.500000
33 86 0.500000
33 87 0.500000
33 90 0.500000
33 93 0.500000
33 94 0.500000
33 95 0.500000
33 98 0.500000
33 104 0.500000
33 105 0.500000
33 110 0.500000
33 112 0.500000
33 114 0.500000
33 117 0.500000
33 118 0.500000
33 119 0.500000
33 120 0.500000
34 35 0.500000
34 40 0.500000
34 43 0.500000
34 45 0.500000
34 46 0.500000
34 47 0.500000
34 48 0.500000
34 49 0.500000
34 50 0.500000
34 51 0.500000
34 53 0.500000
34 55 0.500000
34 62 0.500000
34 66 0.500000
34 68 0.500000
34 71 0.500000
34 72 0.500000
34 73 0.500000
34 74 0.500000
34 85 0.500000
34 86 0.500000
34 89 0.500000
34 90 0.500000
34 92 0.500000
34 93 0.500000
34 95 0.500000
34 97 0.500000
34 99 0.500000
34 100 0.500000
34 101 0.500000
34 102 0.500000
34 104 0.500000
34 106 0.500000
34 108 0.500000
34 110 0.500000
34 111 0.500000
34 113 0.500000
34 114 0.500000
34 115 0.500000
34 116 0.500000
34 119 0.500000
34 120 0.500000
35 36 0.500000
35 38 0.500000
35 40 0.500000
35 41 0.500000
35 42 0.500000
35 47 0.500000
35 50 0.500000
35 52 0.500000
35 54 0.500000
35 57 0.500000
35 62 0.500000
35 64 0.500000
35 65 0.500000
35 66 0.500000
35 67 0.500000
35 69 0.500000
35 70 0.500000
35 72 0.500000
35 81 0.500000
35 82 0.500000
35 85 0.500000
35 87 0.500000
35 89 0.500000
35 96 0.500000
35 97 0.500000
35 99 0.500000
35 101 0.500000
35 103 0.500000
35 104 0.500000
35 105 0.500000
35 107 0.500000
35 108 0.500000
35 109 0.500000
35 110 0.500000
35 111 0.500000
35 112 0.500000
35 113 0.500000
35 116 0.500000
35 118 0.500000
35 120 0.500000
36 37 0.500000
36 40 0.500000
36 41 0.500000
36 42 0.500000
36 44 0.500000
36 45 0.500000
36 47 0.500000
36 48 0.500000
36 50 0.500000
36 52 0.500000
36 54 0.500000
36 55 0.500000
36 56 0.500000
36 57 0.500000
36 58 0.500000
36 59 0.500000
36 65 0.500000
36 68 0.500000
36 69 0.500000
36 70 0.500000
36 71 0.500000
36 72 0.500000
36 74 0.500000
36 75 0.500000
36 78 0.500000
36 80 0.500000
36 81 0.500000
36 82 0.500000
36 91 0.500000
36 92 0.500000
36 94 0.500000
36 96 0.500000
36 97 0.500000
36 98 0.500000
36 100 0.500000
36 101 0.500000
36 102 0.500000
36 103 0.500000
36 106 0.500000
36 107 0.500000
36 109 0.500000
36 111 0.500000
36 112 0.500000
36 113 0.500000
36 114 0.500000
36 115 0.500000
36 118 0.500000
36 120 0.500000
37 38 0.500000
37 40 0.500000
37 43 0.500000
37 49 0.500000
37 54 0.500000
37 60 0.500000
37 68 0.500000
37 69 0.500000
37 70 0.500000
37 71 0.500000
37 72 0.500000
37 74 0.500000
37 75 0.500000
37 77 0.500000
37 78 0.500000
37 87 0.500000
37 88 0.500000
37 90 0.500000
37 93 0.500000
37 94 0.500000
37 98 0.500000
37 100 0.500000
37 101 0.500000
37 102 0.500000
37 103 0.500000
37 104 0.500000
37 106 0.500000
37 107 0.500000
37 109 0.500000
37 110 0.500000
37 111 0.500000
37 115 0.500000
37 116 0.500000
37 118 0.500000
38 39 0.500000
38 40 0.500000
38 42 0.500000
38 43 0.500000
38 44 0.500000
38 46 0.500000
38 47 0.500000
38 48 0.500000
38 49 0.500000
38 55 0.500000
38 56 0.500000
38 61 0.500000
38 63 0.500000
38 66 0.500000
38 69 0.500000
38 71 0.500000
38 75 0.500000
38 77 0.500000
38 79 0.500000
38 80 0.500000
38 85 0.500000
38 86 0.500000
38 87 0.500000
38 88 0.500000
38 89 0.500000
38 90 0.500000
38 91 0.500000
38 92 0.500000
38 94 0.500000
38 95 0.500000
38 96 0.500000
38 101 0.500000
38 102 0.500000
38 103 0.500000
38 105 0.500000
38 106 0.500000
38 107 0.500000
38 110 0.500000
38 112 0.500000
38 114 0.500000
38 116 0.500000
38 119 0.500000
38 120 0.500000
39 41 0.500000
39 42 0.500000
39 47 0.500000
39 48 0.500000
39 51 0.500000
39 55 0.500000
39 56 0.500000
39 58 0.500000
39 59 0.500000
39 63 0.500000
39 65 0.500000
39 68 0.500000
39 69 0.500000
39 72 0.500000
39 74 0.500000
39 76 0.500000
39 77 0.500000
39 78 0.500000
39 79 0.500000
39 80 0.500000
39 82 0.500000
39 87 0.500000
39 88 0.500000
39 92 0.500000
39 93 0.500000
39 94 0.500000
39 96 0.500000
39 97 0.500000
39 98 0.500000
39 99 0.500000
39 101 0.500000
39 102 0.500000
39 104 0.500000
39 105 0.500000
39 107 0.500000
39 109 0.500000
39 115 0.500000
39 118 0.500000
39 119 0.500000
39 120 0.500000
40 43 0.500000
40 45 0.500000
40 46 0.500000
40 49 0.500000
40 50 0.500000
40 51 0.500000
40 53 0.500000
40 55 0.500000
40 58 0.500000
40 60 0.500000
40 64 0.500000
40 67 0.500000
40 68 0.500000
40 69 0.500000
40 70 0.500000
40 72 0.500000
40 73 0.500000
40 74 0.500000
40 75 0.500000
40 81 0.500000
40 86 0.500000
40 90 0.500000
40 91 0.500000
40 92 0.500000
40 96 0.500000
40 98 0.500000
40 101 0.500000
40 102 0.500000
40 105 0.500000
40 107 0.500000
40 108 0.500000
40 109 0.500000
40 110 0.500000
40 113 0.500000
40 120 0.500000
41 47 0.500000
41 48 0.500000
41 50 0.500000
41 51 0.500000
41 53 0.500000
41 55 0.500000
41 58 0.500000
41 59 0.500000
41 60 0.500000
41 63 0.500000
41 65 0.500000
41 67 0.500000
41 68 0.500000
41 71 0.500000
41 73 0.500000
41 75 0.500000
41 76 0.500000
41 77 0.500000
41 79 0.500000
41 82 0.500000
41 84 0.500000
41 85 0.500000
41 87 0.500000
41 88 0.500000
41 89 0.500000
41 91 0.500000
41 92 0.500000
41 96 0.500000
41 99 0.500000
41 100 0.500000
41 101 0.500000
41 102 0.500000
41 103 0.500000
41 104 0.500000
41 105 0.500000
41 106 0.500000
41 107 0.500000
41 109 0.500000
41 110 0.500000
41 112 0.500000
41 116 0.500000
41 117 0.500000
41 119 0.500000
42 43 0.500000
42 44 0.500000
42 45 0.500000
42 48 0.500000
42 52 0.500000
42 55 0.500000
42 56 0.500000
42 57 0.500000
42 58 0.500000
42 59 0.500000
42 61 0.500000
42 62 0.500000
42 63 0.500000
42 65 0.500000
42 66 0.500000
42 67 0.500000
42 68 0.500000
42 71 0.500000
42 72 0.500000
42 73 0.500000
42 74 0.500000
42 75 0.500000
42 77 0.500000
42 79 0.500000
42 80 0.500000
42 83 0.500000
42 86 0.500000
42 87 0.500000
42 88 0.500000
42 89 0.500000
42 90 0.500000
42 91 0.500000
42 93 0.500000
42 94 0.500000
42 95 0.500000
42 98 0.500000
42 99 0.500000
42 100 0.500000
42 101 0.500000
42 103 0.500000
42 104 0.500000
42 105 0.500000
42 108 0.500000
42 110 0.500000
42 111 0.500000
42 113 0.500000
42 115 0.500000
42 117 0.500000
42 118 0.500000
43 44 0.500000
43 45 0.500000
43 46 0.500000
43 48 0.500000
43 50 0.500000
43 51 0.500000
43 54 0.500000
43 55 0.500000
43 56 0.500000
43 57 0.500000
43 58 0.500000
43 59 0.500000
43 61 0.500000
43 65 0.500000
43 69 0.500000
43 70 0.500000
43 72 0.500000
43 73 0.500000
43 74 0.500000
43 76 0.500000
43 77 0.500000
43 80 0.500000
43 82 0.500000
43 84 0.500000
43 85 0.500000
43 87 0.500000
43 88 0.500000
43 93 0.500000
43 94 0.500000
43 95 0.500000
43 96 0.500000
43 98 0.500000
43 102 0.500000
43 103 0.500000
43 106 0.500000
43 108 0.500000
43 115 0.500000
43 116 0.500000
43 118 0.500000
44 46 0.500000
44 47 0.500000
44 48 0.500000
44 49 0.500000
44 50 0.500000
44 51 0.500000
44 52 0.500000
44 53 0.500000
44 54 0.500000
44 58 0.500000
44 64 0.500000
44 65 0.500000
44 67 0.500000
44 68 0.500000
44 69 0.500000
44 70 0.500000
44 75 0.500000
44 76 0.500000
44 77 0.500000
44 78 0.500000
44 81 0.500000
44 82 0.500000
44 83 0.500000
44 84 0.500000
44 87 0.500000
44 88 0.500000
44 91 0.500000
44 92 0.500000
44 93 0.500000
44 96 0.500000
44 97 0.500000
44 98 0.500000
44 103 0.500000
44 104 0.500000
44 106 0.500000
44 108 0.500000
44 110 0.500000
44 111 0.500000
44 113 0.500000
44 115 0.500000
44 116 0.500000
44 118 0.500000
44 119 0.500000
44 120 0.500000
45 46 0.500000
45 48 0.500000
45 49 0.500000
45 50 0.500000
45 53 0.500000
45 56 0.500000
45 58 0.500000
45 63 0.500000
45 68 0.500000
45 69 0.500000
45 70 0.500000
45 72 0.500000
45 73 0.500000
45 74 0.500000
45 75 0.500000
45 78 0.500000
45 79 0.500000
45 80 0.500000
45 81 0.500000
45 82 0.500000
45 84 0.500000
45 87 0.500000
45 88 0.500000
45 89 0.500000
45 90 0.500000
45 91 0.500000
45 92 0.500000
45 93 0.500000
45 95 0.500000
45 96 0.500000
45 97 0.500000
45 99 0.500000
45 100 0.500000
45 101 0.500000
45 102 0.500000
45 103 0.500000
45 104 0.500000
45 108 0.500000
45 109 0.500000
45 110 0.500000
45 111 0.500000
45 112 0.500000
45 114 0.500000
45 115 0.500000
45 116 0.500000
45 117 0.500000
45 120 0.500000
46 47 0.500000
46 53 0.500000
46 54 0.500000
46 56 0.500000
46 59 0.500000
46 60 0.500000
46 61 0.500000
46 65 0.500000
46 67 0.500000
46 68 0.500000
46 69 0.500000
46 70 0.500000
46 74 0.500000
46 76 0.500000
46 80 0.500000
46 81 0.500000
46 82 0.500000
46 83 0.500000
46 85 0.500000
46 86 0.500000
46 87 0.500000
46 88 0.500000
46 92 0.500000
46 93 0.500000
46 94 0.500000
46 96 0.500000
46 99 0.500000
46 100 0.500000
46 101 0.500000
46 102 0.500000
46 104 0.500000
46 105 0.500000
46 106 0.500000
46 109 0.500000
46 115 0.500000
46 116 0.500000
46 120 0.500000
47 53 0.500000
47 56 0.500000
47 57 0.500000
47 58 0.500000
47 59 0.500000
47 61 0.500000
47 62 0.500000
47 65 0.500000
47 66 0.500000
47 67 0.500000
47 70 0.500000
47 72 0.500000
47 73 0.500000
47 74 0.500000
47 76 0.500000
47 79 0.500000
47 80 0.500000
47 81 0.500000
47 83 0.500000
47 85 0.500000
47 86 0.500000
47 87 0.500000
47 88 0.500000
47 92 0.500000
47 93 0.500000
47 96 0.500000
47 101 0.500000
47 103 0.500000
47 105 0.500000
47 106 0.500000
47 107 0.500000
47 108 0.500000
47 109 0.500000
47 110 0.500000
47 114 0.500000
47 118 0.500000
47 120 0.500000
48 49 0.500000
48 51 0.500000
48 52 0.500000
48 54 0.500000
48 56 0.500000
48 57 0.500000
48 68 0.500000
48 69 0.500000
48 72 0.500000
48 73 0.500000
48 75 0.500000
48 76 0.500000
48 77 0.500000
48 79 0.500000
48 80 0.500000
48 83 0.500000
48 84 0.500000
48 85 0.500000
48 86 0.500000
48 90 0.500000
48 92 0.500000
48 98 0.500000
48 99 0.500000
48 102 0.500000
48 103 0.500000
48 105 0.500000
48 106 0.500000
48 107 0.500000
48 108 0.500000
48 109 0.500000
48 111 0.500000
48 114 0.500000
48 115 0.500000
48 117 0.500000
48 119 0.500000
48 120 0.500000
49 51 0.500000
49 55 0.500000
49 57 0.500000
49 58 0.500000
49 60 0.500000
49 63 0.500000
49 65 0.500000
49 66 0.500000
49 68 0.500000
49 70 0.500000
49 75 0.500000
49 77 0.500000
49 78 0.500000
49 79 0.500000
49 82 0.500000
49 83 0.500000
49 86 0.500000
49 87 0.500000
49 88 0.500000
49 89 0.500000
49 90 0.500000
49 91 0.500000
49 94 0.500000
49 95 0.500000
49 97 0.500000
49 99 0.500000
49 102 0.500000
49 103 0.500000
49 104 0.500000
49 106 0.500000
49 111 0.500000
49 112 0.500000
49 113 0.500000
49 115 0.500000
49 117 0.500000
50 51 0.500000
50 52 0.500000
50 55 0.500000
50 57 0.500000
50 58 0.500000
50 60 0.500000
50 62 0.500000
50 63 0.500000
50 65 0.500000
50 67 0.500000
50 69 0.500000
50 73 0.500000
50 76 0.500000
50 78 0.500000
50 81 0.500000
50 83 0.500000
50 84 0.500000
50 87 0.500000
50 97 0.500000
50 98 0.500000
50 99 0.500000
50 101 0.500000
50 103 0.500000
50 104 0.500000
50 105 0.500000
50 108 0.500000
50 110 0.500000
50 112 0.500000
50 116 0.500000
50 117 0.500000
51 52 0.500000
51 53 0.500000
51 54 0.500000
51 55 0.500000
51 59 0.500000
51 60 0.500000
51 64 0.500000
51 67 0.500000
51 68 0.500000
51 71 0.500000
51 73 0.500000
51 77 0.500000
51 80 0.500000
51 81 0.500000
51 82 0.500000
51 84 0.500000
51 85 0.500000
51 89 0.500000
51 90 0.500000
51 91 0.500000
51 92 0.500000
51 93 0.500000
51 95 0.500000
51 97 0.500000
51 98 0.500000
51 99 0.500000
51 104 0.500000
51 115 0.500000
51 116 0.500000
51 117 0.500000
52 53 0.500000
52 54 0.500000
52 55 0.500000
52 57 0.500000
52 58 0.500000
52 59 0.500000
52 63 0.500000
52 64 0.500000
52 66 0.500000
52 68 0.500000
52 71 0.500000
52 72 0.500000
52 73 0.500000
52 76 0.500000
52 77 0.500000
52 78 0.500000
52 81 0.500000
52 83 0.500000
52 87 0.500000
52 88 0.500000
52 90 0.500000
52 91 0.500000
52 92 0.500000
52 94 0.500000
52 95 0.500000
52 98 0.500000
52 103 0.500000
52 107 0.500000
52 111 0.500000
52 113 0.500000
52 114 0.500000
52 115 0.500000
52 117 0.500000
52 119 0.500000
52 120 0.500000
53 55 0.500000
53 57 0.500000
53 59 0.500000
53 60 0.500000
53 61 0.500000
53 62 0.500000
53 64 0.500000
53 65 0.500000
53 68 0.500000
53 69 0.500000
53 73 0.500000
53 74 0.500000
53 75 0.500000
53 77 0.500000
53 78 0.500000
53 79 0.500000
53 81 0.500000
53 82 0.500000
53 83 0.500000
53 84 0.500000
53 85 0.500000
53 86 0.500000
53 88 0.500000
53 90 0.500000
53 91 0.500000
53 92 0.500000
53 93 0.500000
53 94 0.500000
53 95 0.500000
53 96 0.500000
53 97 0.500000
53 99 0.500000
53 100 0.500000
53 102 0.500000
53 105 0.500000
53 109 0.500000
53 110 0.500000
53 113 0.500000
53 115 0.500000
53 116 0.500000
53 120 0.500000
54 55 0.500000
54 59 0.500000
54 61 0.500000
54 62 0.500000
54 66 0.500000
54 71 0.500000
54 74 0.500000
54 77 0.500000
54 78 0.500000
54 79 0.500000
54 80 0.500000
54 83 0.500000
54 84 0.500000
54 87 0.500000
54 88 0.500000
54 89 0.500000
54 92 0.500000
54 93 0.500000
54 94 0.500000
54 95 0.500000
54 97 0.500000
54 98 0.500000
54 101 0.500000
54 103 0.500000
54 104 0.500000
54 105 0.500000
54 109 0.500000
54 111 0.500000
54 115 0.500000
54 119 0.500000
54 120 0.500000
55 58 0.500000
55 62 0.500000
55 68 0.500000
55 69 0.500000
55 70 0.500000
55 71 0.500000
55 72 0.500000
55 73 0.500000
55 75 0.500000
55 77 0.500000
55 78 0.500000
55 79 0.500000
55 80 0.500000
55 81 0.500000
55 82 0.500000
55 86 0.500000
55 87 0.500000
55 88 0.500000
55 94 0.500000
55 95 0.500000
55 96 0.500000
55 98 0.500000
55 99 0.500000
55 100 0.500000
55 101 0.500000
55 104 0.500000
55 107 0.500000
55 109 0.500000
55 115 0.500000
55 117 0.500000
55 118 0.500000
55 120 0.500000
56 61 0.500000
56 63 0.500000
56 66 0.500000
56 68 0.500000
56 70 0.500000
56 76 0.500000
56 78 0.500000
56 79 0.500000
56 83 0.500000
56 84 0.500000
56 85 0.500000
56 86 0.500000
56 88 0.500000
56 91 0.500000
56 92 0.500000
56 93 0.500000
56 97 0.500000
56 99 0.500000
56 101 0.500000
56 107 0.500000
56 111 0.500000
56 112 0.500000
56 113 0.500000
56 116 0.500000
56 120 0.500000
57 58 0.500000
57 59 0.500000
57 64 0.500000
57 65 0.500000
57 66 0.500000
57 67 0.500000
57 71 0.500000
57 72 0.500000
57 73 0.500000
57 77 0.500000
57 78 0.500000
57 79 0.500000
57 80 0.500000
57 82 0.500000
57 83 0.500000
57 84 0.500000
57 85 0.500000
57 88 0.500000
57 89 0.500000
57 90 0.500000
57 91 0.500000
57 92 0.500000
57 93 0.500000
57 96 0.500000
57 98 0.500000
57 99 0.500000
57 101 0.500000
57 102 0.500000
57 103 0.500000
57 106 0.500000
57 107 0.500000
57 108 0.500000
57 112 0.500000
57 113 0.500000
57 114 0.500000
57 119 0.500000
58 59 0.500000
58 70 0.500000
58 71 0.500000
58 73 0.500000
58 74 0.500000
58 76 0.500000
58 78 0.500000
58 79 0.500000
58 82 0.500000
58 85 0.500000
58 86 0.500000
58 88 0.500000
58 89 0.500000
58 90 0.500000
58 94 0.500000
58 95 0.500000
58 96 0.500000
58 98 0.500000
58 99 0.500000
58 101 0.500000
58 103 0.500000
58 107 0.500000
58 108 0.500000
58 109 0.500000
58 110 0.500000
58 111 0.500000
58 113 0.500000
58 115 0.500000
58 120 0.500000
59 64 0.500000
59 68 0.500000
59 69 0.500000
59 70 0.500000
59 71 0.500000
59 73 0.500000
59 74 0.500000
59 75 0.500000
59 80 0.500000
59 82 0.500000
59 83 0.500000
59 84 0.500000
59 88 0.500000
59 89 0.500000
59 90 0.500000
59 92 0.500000
59 94 0.500000
59 95 0.500000
59 97 0.500000
59 100 0.500000
59 101 0.500000
59 102 0.500000
59 105 0.500000
59 108 0.500000
59 109 0.500000
59 110 0.500000
59 112 0.500000
59 114 0.500000
59 119 0.500000
59 120 0.500000
60 63 0.500000
60 64 0.500000
60 65 0.500000
60 66 0.500000
60 68 0.500000
60 69 0.500000
60 78 0.500000
60 79 0.500000
60 80 0.500000
60 81 0.500000
60 82 0.500000
60 83 0.500000
60 86 0.500000
60 87 0.500000
60 88 0.500000
60 90 0.500000
60 91 0.500000
60 95 0.500000
60 96 0.500000
60 97 0.500000
60 98 0.500000
60 101 0.500000
60 103 0.500000
60 104 0.500000
60 105 0.500000
60 106 0.500000
60 107 0.500000
60 108 0.500000
60 109 0.500000
60 114 0.500000
60 115 0.500000
60 116 0.500000
60 120 0.500000
61 62 0.500000
61 65 0.500000
61 68 0.500000
61 72 0.500000
61 73 0.500000
61 77 0.500000
61 78 0.500000
61 79 0.500000
61 80 0.500000
61 82 0.500000
61 88 0.500000
61 91 0.500000
61 92 0.500000
61 94 0.500000
61 95 0.500000
61 101 0.500000
61 102 0.500000
61 103 0.500000
61 106 0.500000
61 108 0.500000
61 109 0.500000
61 110 0.500000
61 112 0.500000
61 118 0.500000
61 119 0.500000
61 120 0.500000
62 63 0.500000
62 65 0.500000
62 67 0.500000
62 68 0.500000
62 69 0.500000
62 72 0.500000
62 75 0.500000
62 76 0.500000
62 79 0.500000
62 83 0.500000
62 84 0.500000
62 85 0.500000
62 87 0.500000
62 88 0.500000
62 89 0.500000
62 91 0.500000
62 94 0.500000
62 95 0.500000
62 96 0.500000
62 98 0.500000
62 99 0.500000
62 101 0.500000
62 104 0.500000
62 106 0.500000
62 108 0.500000
62 109 0.500000
62 112 0.500000
62 113 0.500000
62 114 0.500000
62 116 0.500000
62 117 0.500000
62 118 0.500000
62 119 0.500000
62 120 0.500000
63 64 0.500000
63 65 0.500000
63 69 0.500000
63 71 0.500000
63 73 0.500000
63 74 0.500000
63 75 0.500000
63 76 0.500000
63 80 0.500000
63 81 0.500000
63 84 0.500000
63 85 0.500000
63 86 0.500000
63 90 0.500000
63 91 0.500000
63 92 0.500000
63 97 0.500000
63 99 0.500000
63 100 0.500000
63 101 0.500000
63 102 0.500000
63 104 0.500000
63 107 0.500000
63 108 0.500000
63 109 0.500000
63 113 0.500000
63 115 0.500000
63 119 0.500000
64 65 0.500000
64 66 0.500000
64 67 0.500000
64 68 0.500000
64 69 0.500000
64 70 0.500000
64 73 0.500000
64 74 0.500000
64 75 0.500000
64 76 0.500000
64 79 0.500000
64 80 0.500000
64 83 0.500000
64 85 0.500000
64 89 0.500000
64 90 0.500000
64 91 0.500000
64 92 0.500000
64 94 0.500000
64 95 0.500000
64 96 0.500000
64 99 0.500000
64 100 0.500000
64 101 0.500000
64 103 0.500000
64 104 0.500000
64 105 0.500000
64 106 0.500000
64 107 0.500000
64 110 0.500000
64 112 0.500000
64 117 0.500000
64 120 0.500000
65 69 0.500000
65 70 0.500000
65 72 0.500000
65 73 0.500000
65 75 0.500000
65 76 0.500000
65 77 0.500000
65 84 0.500000
65 86 0.500000
65 89 0.500000
65 90 0.500000
65 91 0.500000
65 93 0.500000
65 94 0.500000
65 96 0.500000
65 100 0.500000
65 103 0.500000
65 105 0.500000
65 108 0.500000
65 110 0.500000
65 112 0.500000
65 113 0.500000
65 115 0.500000
65 116 0.500000
65 117 0.500000
65 118 0.500000
66 68 0.500000
66 73 0.500000
66 74 0.500000
66 75 0.500000
66 77 0.500000
66 79 0.500000
66 81 0.500000
66 82 0.500000
66 83 0.500000
66 85 0.500000
66 87 0.500000
66 89 0.500000
66 90 0.500000
66 91 0.500000
66 92 0.500000
66 93 0.500000
66 98 0.500000
66 99 0.500000
66 101 0.500000
66 102 0.500000
66 103 0.500000
66 110 0.500000
66 113 0.500000
66 115 0.500000
66 116 0.500000
66 117 0.500000
66 118 0.500000
67 68 0.500000
67 70 0.500000
67 72 0.500000
67 73 0.500000
67 75 0.500000
67 78 0.500000
67 80 0.500000
67 83 0.500000
67 84 0.500000
67 85 0.500000
67 86 0.500000
67 87 0.500000
67 88 0.500000
67 89 0.500000
67 90 0.500000
67 91 0.500000
67 95 0.500000
67 101 0.500000
67 102 0.500000
67 105 0.500000
67 106 0.500000
67 108 0.500000
67 109 0.500000
67 110 0.500000
67 111 0.500000
67 116 0.500000
67 117 0.500000
67 118 0.500000
68 69 0.500000
68 76 0.500000
68 78 0.500000
68 80 0.500000
68 81 0.500000
68 82 0.500000
68 83 0.500000
68 84 0.500000
68 85 0.500000
68 86 0.500000
68 87 0.500000
68 90 0.500000
68 91 0.500000
68 96 0.500000
68 97 0.500000
68 99 0.500000
68 100 0.500000
68 101 0.500000
68 102 0.500000
68 105 0.500000
68 108 0.500000
68 110 0.500000
68 111 0.500000
68 113 0.500000
68 117 0.500000
68 118 0.500000
68 120 0.500000
69 70 0.500000
69 72 0.500000
69 73 0.500000
69 75 0.500000
69 78 0.500000
69 84 0.500000
69 85 0.500000
69 86 0.500000
69 87 0.500000
69 88 0.500000
69 89 0.500000
69 91 0.500000
69 95 0.500000
69 97 0.500000
69 98 0.500000
69 101 0.500000
69 103 0.500000
69 104 0.500000
69 108 0.500000
69 109 0.500000
69 111 0.500000
69 112 0.500000
69 115 0.500000
69 116 0.500000
69 117 0.500000
69 119 0.500000
70 72 0.500000
70 73 0.500000
70 74 0.500000
70 75 0.500000
70 78 0.500000
70 80 0.500000
70 83 0.500000
70 86 0.500000
70 87 0.500000
70 88 0.500000
70 91 0.500000
70 95 0.500000
70 96 0.500000
70 97 0.500000
70 98 0.500000
70 101 0.500000
70 102 0.500000
70 106 0.500000
70 113 0.500000
70 114 0.500000
70 115 0.500000
70 116 0.500000
70 117 0.500000
70 118 0.500000
70 119 0.500000
71 72 0.500000
71 73 0.500000
71 74 0.500000
71 75 0.500000
71 77 0.500000
71 80 0.500000
71 83 0.500000
71 85 0.500000
71 86 0.500000
71 95 0.500000
71 99 0.500000
71 102 0.500000
71 103 0.500000
71 104 0.500000
71 105 0.500000
71 106 0.500000
71 107 0.500000
71 109 0.500000
71 113 0.500000
71 116 0.500000
71 117 0.500000
71 119 0.500000
72 74 0.500000
72 76 0.500000
72 79 0.500000
72 81 0.500000
72 82 0.500000
72 83 0.500000
72 84 0.500000
72 85 0.500000
72 89 0.500000
72 90 0.500000
72 93 0.500000
72 94 0.500000
72 96 0.500000
72 97 0.500000
72 98 0.500000
72 99 0.500000
72 100 0.500000
72 101 0.500000
72 103 0.500000
72 109 0.500000
72 111 0.500000
72 114 0.500000
72 116 0.500000
72 117 0.500000
72 119 0.500000
73 75 0.500000
73 79 0.500000
73 80 0.500000
73 95 0.500000
73 98 0.500000
73 100 0.500000
73 103 0.500000
73 105 0.500000
73 106 0.500000
73 107 0.500000
73 108 0.500000
73 110 0.500000
73 113 0.500000
73 116 0.500000
73 117 0.500000
73 118 0.500000
73 119 0.500000
73 120 0.500000
74 75 0.500000
74 76 0.500000
74 80 0.500000
74 81 0.500000
74 82 0.500000
74 84 0.500000
74 85 0.500000
74 88 0.500000
74 89 0.500000
74 91 0.500000
74 92 0.500000
74 96 0.500000
74 97 0.500000
74 103 0.500000
74 104 0.500000
74 106 0.500000
74 108 0.500000
74 109 0.500000
74 110 0.500000
74 112 0.500000
74 114 0.500000
74 115 0.500000
74 116 0.500000
74 118 0.500000
74 120 0.500000
75 76 0.500000
75 77 0.500000
75 78 0.500000
75 79 0.500000
75 80 0.500000
75 81 0.500000
75 82 0.500000
75 83 0.500000
75 84 0.500000
75 85 0.500000
75 86 0.500000
75 87 0.500000
75 95 0.500000
75 97 0.500000
75 99 0.500000
75 100 0.500000
75 101 0.500000
75 102 0.500000
75 104 0.500000
75 107 0.500000
75 109 0.500000
75 111 0.500000
75 112 0.500000
75 113 0.500000
75 115 0.500000
75 119 0.500000
75 120 0.500000
76 78 0.500000
76 83 0.500000
76 88 0.500000
76 89 0.500000
76 91 0.500000
76 92 0.500000
76 93 0.500000
76 97 0.500000
76 99 0.500000
76 102 0.500000
76 103 0.500000
76 104 0.500000
76 106 0.500000
76 109 0.500000
76 111 0.500000
76 112 0.500000
76 114 0.500000
76 116 0.500000
76 117 0.500000
76 118 0.500000
76 119 0.500000
76 120 0.500000
77 79 0.500000
77 82 0.500000
77 83 0.500000
77 87 0.500000
77 88 0.500000
77 91 0.500000
77 95 0.500000
77 97 0.500000
77 99 0.500000
77 102 0.500000
77 105 0.500000
77 106 0.500000
77 111 0.500000
77 119 0.500000
78 82 0.500000
78 85 0.500000
78 86 0.500000
78 89 0.500000
78 91 0.500000
78 93 0.500000
78 96 0.500000
78 98 0.500000
78 99 0.500000
78 100 0.500000
78 102 0.500000
78 105 0.500000
78 106 0.500000
78 109 0.500000
78 110 0.500000
78 112 0.500000
78 117 0.500000
78 120 0.500000
79 82 0.500000
79 84 0.500000
79 90 0.500000
79 92 0.500000
79 93 0.500000
79 96 0.500000
79 97 0.500000
79 98 0.500000
79 99 0.500000
79 100 0.500000
79 101 0.500000
79 104 0.500000
79 105 0.500000
79 106 0.500000
79 108 0.500000
79 109 0.500000
79 111 0.500000
79 113 0.500000
79 119 0.500000
80 81 0.500000
80 83 0.500000
80 84 0.500000
80 87 0.500000
80 88 0.500000
80 89 0.500000
80 91 0.500000
80 92 0.500000
80 94 0.500000
80 96 0.500000
80 99 0.500000
80 101 0.500000
80 103 0.500000
80 105 0.500000
80 106 0.500000
80 107 0.500000
80 108 0.500000
80 109 0.500000
80 111 0.500000
80 114 0.500000
80 116 0.500000
80 117 0.500000
81 83 0.500000
81 85 0.500000
81 88 0.500000
81 90 0.500000
81 91 0.500000
81 92 0.500000
81 93 0.500000
81 94 0.500000
81 97 0.500000
81 98 0.500000
81 99 0.500000
81 101 0.500000
81 102 0.500000
81 104 0.500000
81 106 0.500000
81 110 0.500000
81 113 0.500000
81 116 0.500000
81 117 0.500000
81 120 0.500000
82 85 0.500000
82 89 0.500000
82 90 0.500000
82 94 0.500000
82 95 0.500000
82 96 0.500000
82 97 0.500000
82 99 0.500000
82 100 0.500000
82 101 0.500000
82 102 0.500000
82 104 0.500000
82 107 0.500000
82 109 0.500000
82 110 0.500000
82 113 0.500000
82 114 0.500000
82 115 0.500000
82 118 0.500000
82 119 0.500000
82 120 0.500000
83 87 0.500000
83 89 0.500000
83 90 0.500000
83 91 0.500000
83 94 0.500000
83 97 0.500000
83 101 0.500000
83 102 0.500000
83 103 0.500000
83 104 0.500000
83 105 0.500000
83 107 0.500000
83 114 0.500000
83 115 0.500000
83 116 0.500000
84 85 0.500000
84 86 0.500000
84 87 0.500000
84 94 0.500000
84 96 0.500000
84 101 0.500000
84 104 0.500000
84 106 0.500000
84 107 0.500000
84 108 0.500000
84 110 0.500000
84 111 0.500000
84 112 0.500000
84 113 0.500000
84 115 0.500000
84 116 0.500000
84 117 0.500000
84 118 0.500000
85 88 0.500000
85 90 0.500000
85 91 0.500000
85 92 0.500000
85 93 0.500000
85 94 0.500000
85 95 0.500000
85 98 0.500000
85 101 0.500000
85 103 0.500000
85 105 0.500000
85 106 0.500000
85 108 0.500000
85 109 0.500000
85 112 0.500000
85 113 0.500000
85 116 0.500000
85 117 0.500000
85 118 0.500000
85 119 0.500000
85 120 0.500000
86 87 0.500000
86 93 0.500000
86 94 0.500000
86 100 0.500000
86 101 0.500000
86 103 0.500000
86 105 0.500000
86 106 0.500000
86 108 0.500000
86 109 0.500000
86 112 0.500000
86 113 0.500000
86 118 0.500000
86 120 0.500000
87 89 0.500000
87 90 0.500000
87 94 0.500000
87 95 0.500000
87 99 0.500000
87 101 0.500000
87 102 0.500000
87 103 0.500000
87 104 0.500000
87 105 0.500000
87 106 0.500000
87 107 0.500000
87 108 0.500000
87 111 0.500000
87 114 0.500000
87 118 0.500000
88 90 0.500000
88 91 0.500000
88 95 0.500000
88 96 0.500000
88 98 0.500000
88 101 0.500000
88 105 0.500000
88 106 0.500000
88 107 0.500000
88 110 0.500000
88 112 0.500000
88 118 0.500000
88 119 0.500000
89 90 0.500000
89 93 0.500000
89 94 0.500000
89 95 0.500000
89 96 0.500000
89 98 0.500000
89 99 0.500000
89 103 0.500000
89 104 0.500000
89 112 0.500000
89 113 0.500000
89 115 0.500000
89 116 0.500000
89 117 0.500000
89 118 0.500000
90 91 0.500000
90 92 0.500000
90 93 0.500000
90 94 0.500000
90 97 0.500000
90 98 0.500000
90 102 0.500000
90 103 0.500000
90 107 0.500000
90 108 0.500000
90 114 0.500000
90 115 0.500000
90 116 0.500000
90 118 0.500000
90 120 0.500000
91 92 0.500000
91 94 0.500000
91 96 0.500000
91 97 0.500000
91 98 0.500000
91 100 0.500000
91 102 0.500000
91 104 0.500000
91 106 0.500000
91 108 0.500000
91 114 0.500000
91 116 0.500000
91 118 0.500000
91 120 0.500000
92 94 0.500000
92 96 0.500000
92 99 0.500000
92 103 0.500000
92 105 0.500000
92 106 0.500000
92 116 0.500000
92 120 0.500000
93 94 0.500000
93 95 0.500000
93 96 0.500000
93 97 0.500000
93 99 0.500000
93 100 0.500000
93 102 0.500000
93 103 0.500000
93 106 0.500000
93 108 0.500000
93 109 0.500000
93 113 0.500000
93 115 0.500000
93 116 0.500000
93 118 0.500000
93 119 0.500000
94 95 0.500000
94 96 0.500000
94 97 0.500000
94 98 0.500000
94 100 0.500000
94 101 0.500000
94 104 0.500000
94 105 0.500000
94 106 0.500000
94 108 0.500000
94 110 0.500000
94 113 0.500000
94 117 0.500000
95 96 0.500000
95 97 0.500000
95 100 0.500000
95 101 0.500000
95 102 0.500000
95 103 0.500000
95 104 0.500000
95 106 0.500000
95 107 0.500000
95 108 0.500000
95 109 0.500000
95 110 0.500000
95 112 0.500000
95 114 0.500000
95 115 0.500000
95 117 0.500000
95 119 0.500000
95 120 0.500000
96 98 0.500000
96 100 0.500000
96 101 0.500000
96 102 0.500000
96 103 0.500000
96 107 0.500000
96 108 0.500000
96 112 0.500000
96 113 0.500000
96 114 0.500000
96 118 0.500000
96 120 0.500000
97 101 0.500000
97 102 0.500000
97 105 0.500000
97 106 0.500000
97 108 0.500000
97 111 0.500000
97 112 0.500000
97 115 0.500000
97 116 0.500000
97 117 0.500000
97 119 0.500000
98 99 0.500000
98 101 0.500000
98 103 0.500000
98 104 0.500000
98 106 0.500000
98 110 0.500000
98 111 0.500000
98 113 0.500000
98 118 0.500000
98 120 0.500000
99 102 0.500000
99 105 0.500000
99 111 0.500000
99 112 0.500000
99 113 0.500000
99 115 0.500000
99 118 0.500000
99 119 0.500000
100 104 0.500000
100 105 0.500000
100 107 0.500000
100 108 0.500000
100 111 0.500000
100 112 0.500000
100 113 0.500000
100 114 0.500000
100 116 0.500000
100 120 0.500000
101 102 0.500000
101 105 0.500000
101 106 0.500000
101 108 0.500000
101 109 0.500000
101 110 0.500000
101 112 0.500000
101 114 0.500000
101 116 0.500000
101 117 0.500000
101 120 0.500000
102 107 0.500000
102 108 0.500000
102 109 0.500000
102 115 0.500000
102 116 0.500000
103 106 0.500000
103 107 0.500000
103 112 0.500000
103 113 0.500000
103 118 0.500000
103 119 0.500000
103 120 0.500000
104 106 0.500000
104 109 0.500000
104 111 0.500000
104 112 0.500000
104 114 0.500000
104 117 0.500000
105 111 0.500000
105 112 0.500000
105 113 0.500000
105 116 0.500000
105 119 0.500000
106 108 0.500000
106 109 0.500000
106 110 0.500000
106 111 0.500000
106 113 0.500000
106 115 0.500000
106 116 0.500000
107 108 0.500000
107 109 0.500000
107 110 0.500000
107 111 0.500000
107 114 0.500000
107 116 0.500000
107 119 0.500000
107 120 0.500000
108 110 0.500000
108 111 0.500000
108 112 0.500000
108 114 0.500000
108 115 0.500000
108 116 0.500000
108 117 0.500000
108 120 0.500000
109 111 0.500000
109 117 0.500000
109 119 0.500000
109 120 0.500000
110 111 0.500000
110 112 0.500000
110 114 0.500000
110 115 0.500000
110 117 0.500000
110 118 0.500000
111 114 0.500000
111 115 0.500000
111 118 0.500000
112 118 0.500000
112 119 0.500000
112 120 0.500000
113 114 0.500000
113 115 0.500000
113 116 0.500000
113 120 0.500000
114 115 0.500000
114 117 0.500000
114 119 0.500000
114 120 0.500000
115 118 0.500000
115 119 0.500000
116 118 0.500000
116 120 0.500000
117 118 0.500000
117 119 0.500000
118 119 0.500000
118 120 0.500000
