120 60 5355
1 2 0.500000
1 3 0.500000
1 4 0.500000
1 5 0.500000
1 7 0.500000
1 8 0.500000
1 9 0.500000
1 10 0.500000
1 11 0.500000
1 12 0.500000
1 13 0.500000
1 14 0.500000
1 15 0.500000
1 16 0.500000
1 17 0.500000
1 18 0.500000
1 20 0.500000
1 22 0.500000
1 23 0.500000
1 24 0.500000
1 25 0.500000
1 26 0.500000
1 27 0.500000
1 28 0.500000
1 29 0.500000
1 30 0.500000
1 31 0.500000
1 32 0.500000
1 33 0.500000
1 34 0.500000
1 35 0.500000
1 36 0.500000
1 38 0.500000
1 39 0.500000
1 41 0.500000
1 42 0.500000
1 43 0.500000
1 44 0.500000
1 46 0.500000
1 47 0.500000
1 48 0.500000
1 49 0.500000
1 50 0.500000
1 51 0.500000
1 52 0.500000
1 53 0.500000
1 54 0.500000
1 55 0.500000
1 56 0.500000
1 57 0.500000
1 59 0.500000
1 60 0.500000
1 62 0.500000
1 63 0.500000
1 64 0.500000
1 65 0.500000
1 66 0.500000
1 67 0.500000
1 68 0.500000
1 69 0.500000
1 70 0.500000
1 71 0.500000
1 72 0.500000
1 73 0.500000
1 74 0.500000
1 75 0.500000
1 77 0.500000
1 78 0.500000
1 79 0.500000
1 80 0.500000
1 81 0.500000
1 82 0.500000
1 83 0.500000
1 84 0.500000
1 85 0.500000
1 86 0.500000
1 87 0.500000
1 88 0.500000
1 89 0.500000
1 91 0.500000
1 92 0.500000
1 93 0.500000
1 94 0.500000
1 95 0.500000
1 97 0.500000
1 99 0.500000
1 100 0.500000
1 101 0.500000
1 102 0.500000
1 104 0.500000
1 105 0.500000
1 106 0.500000
1 107 0.500000
1 108 0.500000
1 109 0.500000
1 111 0.500000
1 112 0.500000
1 113 0.500000
1 114 0.500000
1 117 0.500000
1 118 0.500000
1 120 0.500000
2 3 0.500000
2 4 0.500000
2 5 0.500000
2 6 0.500000
2 8 0.500000
2 9 0.500000
2 10 0.500000
2 11 0.500000
2 12 0.500000
2 14 0.500000
2 16 0.500000
2 17 0.500000
2 18 0.500000
2 20 0.500000
2 21 0.500000
2 23 0.500000
2 24 0.500000
2 25 0.500000
2 26 0.500000
2 27 0.500000
2 28 0.500000
2 29 0.500000
2 31 0.500000
2 32 0.500000
2 33 0.500000
2 34 0.500000
2 36 0.500000
2 37 0.500000
2 38 0.500000
2 39 0.500000
2 40 0.500000
2 41 0.500000
2 42 0.500000
2 43 0.500000
2 44 0.500000
2 45 0.500000
2 46 0.500000
2 47 0.500000
2 50 0.500000
2 51 0.500000
2 52 0.500000
2 53 0.500000
2 54 0.500000
2 55 0.500000
2 56 0.500000
2 58 0.500000
2 59 0.500000
2 61 0.500000
2 63 0.500000
2 64 0.500000
2 66 0.500000
2 67 0.500000
2 68 0.500000
2 69 0.500000
2 71 0.500000
2 72 0.500000
2 74 0.500000
2 76 0.500000
2 77 0.500000
2 78 0.500000
2 79 0.500000
2 80 0.500000
2 82 0.500000
2 83 0.500000
2 84 0.500000
2 85 0.500000
2 86 0.500000
2 87 0.500000
2 88 0.500000
2 91 0.500000
2 92 0.500000
2 93 0.500000
2 94 0.500000
2 95 0.500000
2 96 0.500000
2 97 0.500000
2 98 0.500000
2 101 0.500000
2 102 0.500000
2 103 0.500000
2 104 0.500000
2 105 0.500000
2 106 0.500000
2 107 0.500000
2 108 0.500000
2 110 0.500000
2 111 0.500000
2 112 0.500000
2 113 0.500000
2 114 0.500000
2 115 0.500000
2 116 0.500000
2 117 0.500000
2 118 0.500000
2 120 0.500000
3 4 0.500000
3 5 0.500000
3 6 0.500000
3 7 0.500000
3 8 0.500000
3 10 0.500000
3 11 0.500000
3 12 0.500000
3 13 0.500000
3 16 0.500000
3 18 0.500000
3 19 0.500000
3 20 0.500000
3 21 0.500000
3 22 0.500000
3 23 0.500000
3 24 0.500000
3 25 0.500000
3 26 0.500000
3 27 0.500000
3 28 0.500000
3 29 0.500000
3 32 0.500000
3 34 0.500000
3 35 0.500000
3 37 0.500000
3 40 0.500000
3 41 0.500000
3 44 0.500000
3 47 0.500000
3 49 0.500000
3 50 0.500000
3 53 0.500000
3 55 0.500000
3 56 0.500000
3 58 0.500000
3 59 0.500000
3 61 0.500000
3 62 0.500000
3 63 0.500000
3 64 0.500000
3 65 0.500000
3 66 0.500000
3 70 0.500000
3 71 0.500000
3 72 0.500000
3 73 0.500000
3 74 0.500000
3 77 0.500000
3 78 0.500000
3 79 0.500000
3 82 0.500000
3 83 0.500000
3 85 0.500000
3 86 0.500000
3 87 0.500000
3 88 0.500000
3 90 0.500000
3 91 0.500000
3 93 0.500000
3 94 0.500000
3 95 0.500000
3 96 0.500000
3 97 0.500000
3 99 0.500000
3 100 0.500000
3 101 0.500000
3 103 0.500000
3 106 0.500000
3 107 0.500000
3 108 0.500000
3 110 0.500000
3 111 0.500000
3 113 0.500000
3 115 0.500000
3 116 0.500000
3 117 0.500000
3 118 0.500000
3 120 0.500000
4 5 0.500000
4 6 0.500000
4 8 0.500000
4 12 0.500000
4 13 0.500000
4 14 0.500000
4 15 0.500000
4 16 0.500000
4 17 0.500000
4 21 0.500000
4 23 0.500000
4 25 0.500000
4 28 0.500000
4 29 0.500000
4 30 0.500000
4 31 0.500000
4 33 0.500000
4 36 0.500000
4 38 0.500000
4 40 0.500000
4 41 0.500000
4 42 0.500000
4 43 0.500000
4 44 0.500000
4 49 0.500000
4 51 0.500000
4 52 0.500000
4 53 0.500000
4 55 0.500000
4 57 0.500000
4 58 0.500000
4 59 0.500000
4 61 0.500000
4 62 0.500000
4 63 0.500000
4 64 0.500000
4 65 0.500000
4 66 0.500000
4 67 0.500000
4 68 0.500000
4 69 0.500000
4 70 0.500000
4 71 0.500000
4 72 0.500000
4 74 0.500000
4 75 0.500000
4 76 0.500000
4 77 0.500000
4 78 0.500000
4 79 0.500000
4 80 0.500000
4 81 0.500000
4 82 0.500000
4 84 0.500000
4 85 0.500000
4 86 0.500000
4 87 0.500000
4 88 0.500000
4 90 0.500000
4 91 0.500000
4 92 0.500000
4 93 0.500000
4 94 0.500000
4 95 0.500000
4 96 0.500000
4 97 0.500000
4 100 0.500000
4 101 0.500000
4 103 0.500000
4 104 0.500000
4 105 0.500000
4 107 0.500000
4 108 0.500000
4 109 0.500000
4 111 0.500000
4 112 0.500000
4 113 0.500000
4 114 0.500000
4 115 0.500000
4 116 0.500000
4 118 0.500000
4 119 0.500000
4 120 0.500000
5 6 0.500000
5 7 0.500000
5 8 0.500000
5 9 0.500000
5 10 0.500000
5 12 0.500000
5 13 0.500000
5 15 0.500000
5 18 0.500000
5 19 0.500000
5 20 0.500000
5 21 0.500000
5 22 0.500000
5 23 0.500000
5 24 0.500000
5 25 0.500000
5 26 0.500000
5 27 0.500000
5 30 0.500000
5 31 0.500000
5 32 0.500000
5 33 0.500000
5 34 0.500000
5 35 0.500000
5 37 0.500000
5 39 0.500000
5 41 0.500000
5 42 0.500000
5 45 0.500000
5 46 0.500000
5 47 0.500000
5 48 0.500000
5 49 0.500000
5 51 0.500000
5 52 0.500000
5 53 0.500000
5 54 0.500000
5 56 0.500000
5 58 0.500000
5 59 0.500000
5 60 0.500000
5 61 0.500000
5 62 0.500000
5 63 0.500000
5 66 0.500000
5 68 0.500000
5 69 0.500000
5 70 0.500000
5 71 0.500000
5 73 0.500000
5 75 0.500000
5 77 0.500000
5 78 0.500000
5 80 0.500000
5 82 0.500000
5 85 0.500000
5 86 0.500000
5 87 0.500000
5 88 0.500000
5 89 0.500000
5 90 0.500000
5 91 0.500000
5 93 0.500000
5 94 0.500000
5 95 0.500000
5 98 0.500000
5 99 0.500000
5 100 0.500000
5 101 0.500000
5 102 0.500000
5 103 0.500000
5 105 0.500000
5 106 0.500000
5 107 0.500000
5 108 0.500000
5 109 0.500000
5 110 0.500000
5 111 0.500000
5 112 0.500000
5 113 0.500000
5 114 0.500000
5 115 0.500000
5 117 0.500000
5 118 0.500000
5 119 0.500000
5 120 0.500000
6 7 0.500000
6 9 0.500000
6 10 0.500000
6 12 0.500000
6 13 0.500000
6 15 0.500000
6 16 0.500000
6 18 0.500000
6 19 0.500000
6 21 0.500000
6 22 0.500000
6 23 0.500000
6 24 0.500000
6 25 0.500000
6 26 0.500000
6 27 0.500000
6 28 0.500000
6 30 0.500000
6 31 0.500000
6 32 0.500000
6 33 0.500000
6 34 0.500000
6 37 0.500000
6 38 0.500000
6 39 0.500000
6 40 0.500000
6 41 0.500000
6 42 0.500000
6 44 0.500000
6 45 0.500000
6 47 0.500000
6 48 0.500000
6 49 0.500000
6 50 0.500000
6 51 0.500000
6 52 0.500000
6 53 0.500000
6 55 0.500000
6 56 0.500000
6 58 0.500000
6 61 0.500000
6 62 0.500000
6 65 0.500000
6 66 0.500000
6 68 0.500000
6 69 0.500000
6 71 0.500000
6 72 0.500000
6 73 0.500000
6 74 0.500000
6 75 0.500000
6 77 0.500000
6 78 0.500000
6 79 0.500000
6 80 0.500000
6 82 0.500000
6 83 0.500000
6 85 0.500000
6 86 0.500000
6 88 0.500000
6 89 0.500000
6 91 0.500000
6 92 0.500000
6 93 0.500000
6 96 0.500000
6 97 0.500000
6 98 0.500000
6 99 0.500000
6 100 0.500000
6 101 0.500000
6 102 0.500000
6 104 0.500000
6 105 0.500000
6 106 0.500000
6 107 0.500000
6 108 0.500000
6 109 0.500000
6 110 0.500000
6 111 0.500000
6 112 0.500000
6 114 0.500000
6 115 0.500000
6 116 0.500000
6 118 0.500000
6 119 0.500000
6 120 0.500000
7 9 0.500000
7 10 0.500000
7 11 0.500000
7 12 0.500000
7 14 0.500000
7 15 0.500000
7 16 0.500000
7 17 0.500000
7 18 0.500000
7 19 0.500000
7 20 0.500000
7 21 0.500000
7 23 0.500000
7 24 0.500000
7 26 0.500000
7 27 0.500000
7 28 0.500000
7 29 0.500000
7 30 0.500000
7 31 0.500000
7 32 0.500000
7 33 0.500000
7 35 0.500000
7 37 0.500000
7 40 0.500000
7 42 0.500000
7 45 0.500000
7 48 0.500000
7 49 0.500000
7 50 0.500000
7 51 0.500000
7 52 0.500000
7 54 0.500000
7 56 0.500000
7 57 0.500000
7 58 0.500000
7 59 0.500000
7 61 0.500000
7 62 0.500000
7 63 0.500000
7 64 0.500000
7 65 0.500000
7 66 0.500000
7 67 0.500000
7 68 0.500000
7 69 0.500000
7 72 0.500000
7 73 0.500000
7 75 0.500000
7 76 0.500000
7 77 0.500000
7 78 0.500000
7 79 0.500000
7 80 0.500000
7 81 0.500000
7 83 0.500000
7 84 0.500000
7 85 0.500000
7 86 0.500000
7 87 0.500000
7 88 0.500000
7 89 0.500000
7 90 0.500000
7 91 0.500000
7 92 0.500000
7 94 0.500000
7 95 0.500000
7 98 0.500000
7 99 0.500000
7 100 0.500000
7 101 0.500000
7 103 0.500000
7 104 0.500000
7 105 0.500000
7 106 0.500000
7 107 0.500000
7 109 0.500000
7 110 0.500000
7 111 0.500000
7 113 0.500000
7 114 0.500000
7 116 0.500000
7 118 0.500000
7 119 0.500000
7 120 0.500000
8 9 0.500000
8 10 0.500000
8 11 0.500000
8 12 0.500000
8 14 0.500000
8 15 0.500000
8 16 0.500000
8 17 0.500000
8 19 0.500000
8 20 0.500000
8 22 0.500000
8 23 0.500000
8 27 0.500000
8 30 0.500000
8 31 0.500000
8 32 0.500000
8 33 0.500000
8 34 0.500000
8 36 0.500000
8 37 0.500000
8 38 0.500000
8 39 0.500000
8 40 0.500000
8 41 0.500000
8 44 0.500000
8 45 0.500000
8 47 0.500000
8 48 0.500000
8 52 0.500000
8 53 0.500000
8 55 0.500000
8 56 0.500000
8 57 0.500000
8 58 0.500000
8 59 0.500000
8 61 0.500000
8 62 0.500000
8 63 0.500000
8 64 0.500000
8 65 0.500000
8 66 0.500000
8 67 0.500000
8 68 0.500000
8 69 0.500000
8 70 0.500000
8 72 0.500000
8 73 0.500000
8 75 0.500000
8 77 0.500000
8 78 0.500000
8 79 0.500000
8 80 0.500000
8 81 0.500000
8 82 0.500000
8 83 0.500000
8 84 0.500000
8 85 0.500000
8 87 0.500000
8 88 0.500000
8 89 0.500000
8 90 0.500000
8 91 0.500000
8 92 0.500000
8 95 0.500000
8 98 0.500000
8 99 0.500000
8 100 0.500000
8 101 0.500000
8 102 0.500000
8 103 0.500000
8 104 0.500000
8 105 0.500000
8 106 0.500000
8 107 0.500000
8 108 0.500000
8 109 0.500000
8 111 0.500000
8 112 0.500000
8 114 0.500000
8 115 0.500000
8 116 0.500000
8 117 0.500000
8 119 0.500000
8 120 0.500000
9 10 0.500000
9 11 0.500000
9 12 0.500000
9 15 0.500000
9 16 0.500000
9 17 0.500000
9 20 0.500000
9 21 0.500000
9 23 0.500000
9 24 0.500000
9 25 0.500000
9 26 0.500000
9 29 0.500000
9 30 0.500000
9 31 0.500000
9 32 0.500000
9 33 0.500000
9 34 0.500000
9 35 0.500000
9 36 0.500000
9 37 0.500000
9 38 0.500000
9 41 0.500000
9 42 0.500000
9 45 0.500000
9 46 0.500000
9 47 0.500000
9 48 0.500000
9 49 0.500000
9 54 0.500000
9 56 0.500000
9 58 0.500000
9 59 0.500000
9 60 0.500000
9 61 0.500000
9 63 0.500000
9 64 0.500000
9 65 0.500000
9 66 0.500000
9 67 0.500000
9 68 0.500000
9 69 0.500000
9 70 0.500000
9 71 0.500000
9 72 0.500000
9 74 0.500000
9 75 0.500000
9 76 0.500000
9 78 0.500000
9 79 0.500000
9 82 0.500000
9 83 0.500000
9 84 0.500000
9 85 0.500000
9 86 0.500000
9 87 0.500000
9 88 0.500000
9 89 0.500000
9 90 0.500000
9 91 0.500000
9 93 0.500000
9 94 0.500000
9 95 0.500000
9 97 0.500000
9 98 0.500000
9 99 0.500000
9 100 0.500000
9 101 0.500000
9 102 0.500000
9 104 0.500000
9 105 0.500000
9 106 0.500000
9 108 0.500000
9 109 0.500000
9 112 0.500000
9 114 0.500000
9 116 0.500000
9 117 0.500000
9 118 0.500000
9 120 0.500000
10 11 0.500000
10 14 0.500000
10 15 0.500000
10 16 0.500000
10 17 0.500000
10 19 0.500000
10 20 0.500000
10 22 0.500000
10 23 0.500000
10 25 0.500000
10 27 0.500000
10 28 0.500000
10 30 0.500000
10 31 0.500000
10 34 0.500000
10 35 0.500000
10 39 0.500000
10 40 0.500000
10 41 0.500000
10 42 0.500000
10 43 0.500000
10 45 0.500000
10 46 0.500000
10 47 0.500000
10 48 0.500000
10 49 0.500000
10 50 0.500000
10 51 0.500000
10 52 0.500000
10 54 0.500000
10 55 0.500000
10 56 0.500000
10 57 0.500000
10 58 0.500000
10 59 0.500000
10 60 0.500000
10 63 0.500000
10 64 0.500000
10 65 0.500000
10 69 0.500000
10 70 0.500000
10 71 0.500000
10 73 0.500000
10 75 0.500000
10 76 0.500000
10 77 0.500000
10 78 0.500000
10 79 0.500000
10 80 0.500000
10 83 0.500000
10 85 0.500000
10 87 0.500000
10 88 0.500000
10 89 0.500000
10 90 0.500000
10 92 0.500000
10 93 0.500000
10 94 0.500000
10 95 0.500000
10 96 0.500000
10 97 0.500000
10 99 0.500000
10 100 0.500000
10 101 0.500000
10 102 0.500000
10 103 0.500000
10 104 0.500000
10 105 0.500000
10 106 0.500000
10 107 0.500000
10 108 0.500000
10 109 0.500000
10 110 0.500000
10 111 0.500000
10 112 0.500000
10 113 0.500000
10 115 0.500000
10 116 0.500000
10 117 0.500000
10 118 0.500000
10 119 0.500000
10 120 0.500000
11 12 0.500000
11 13 0.500000
11 14 0.500000
11 16 0.500000
11 17 0.500000
11 18 0.500000
11 19 0.500000
11 20 0.500000
11 21 0.500000
11 22 0.500000
11 23 0.500000
11 25 0.500000
11 26 0.500000
11 27 0.500000
11 28 0.500000
11 29 0.500000
11 30 0.500000
11 31 0.500000
11 32 0.500000
11 33 0.500000
11 34 0.500000
11 36 0.500000
11 37 0.500000
11 38 0.500000
11 39 0.500000
11 40 0.500000
11 42 0.500000
11 44 0.500000
11 45 0.500000
11 48 0.500000
11 49 0.500000
11 52 0.500000
11 54 0.500000
11 56 0.500000
11 57 0.500000
11 59 0.500000
11 60 0.500000
11 61 0.500000
11 62 0.500000
11 63 0.500000
11 65 0.500000
11 66 0.500000
11 68 0.500000
11 69 0.500000
11 70 0.500000
11 71 0.500000
11 72 0.500000
11 73 0.500000
11 75 0.500000
11 76 0.500000
11 77 0.500000
11 79 0.500000
11 80 0.500000
11 81 0.500000
11 82 0.500000
11 83 0.500000
11 84 0.500000
11 85 0.500000
11 86 0.500000
11 87 0.500000
11 88 0.500000
11 90 0.500000
11 91 0.500000
11 92 0.500000
11 93 0.500000
11 94 0.500000
11 95 0.500000
11 96 0.500000
11 97 0.500000
11 98 0.500000
11 99 0.500000
11 100 0.500000
11 104 0.500000
11 106 0.500000
11 109 0.500000
11 110 0.500000
11 112 0.500000
11 113 0.500000
11 114 0.500000
11 115 0.500000
11 116 0.500000
11 117 0.500000
11 118 0.500000
11 119 0.500000
11 120 0.500000
12 13 0.500000
12 14 0.500000
12 16 0.500000
12 17 0.500000
12 20 0.500000
12 22 0.500000
12 23 0.500000
12 24 0.500000
12 25 0.500000
12 26 0.500000
12 27 0.500000
12 28 0.500000
12 29 0.500000
12 30 0.500000
12 31 0.500000
12 32 0.500000
12 33 0.500000
12 36 0.500000
12 37 0.500000
12 39 0.500000
12 40 0.500000
12 41 0.500000
12 42 0.500000
12 43 0.500000
12 44 0.500000
12 45 0.500000
12 48 0.500000
12 50 0.500000
12 51 0.500000
12 54 0.500000
12 55 0.500000
12 56 0.500000
12 59 0.500000
12 60 0.500000
12 63 0.500000
12 64 0.500000
12 65 0.500000
12 66 0.500000
12 67 0.500000
12 68 0.500000
12 69 0.500000
12 70 0.500000
12 71 0.500000
12 72 0.500000
12 74 0.500000
12 75 0.500000
12 76 0.500000
12 79 0.500000
12 80 0.500000
12 81 0.500000
12 82 0.500000
12 84 0.500000
12 86 0.500000
12 87 0.500000
12 88 0.500000
12 89 0.500000
12 90 0.500000
12 91 0.500000
12 92 0.500000
12 94 0.500000
12 96 0.500000
12 98 0.500000
12 99 0.500000
12 100 0.500000
12 101 0.500000
12 102 0.500000
12 103 0.500000
12 104 0.500000
12 105 0.500000
12 106 0.500000
12 107 0.500000
12 109 0.500000
12 111 0.500000
12 113 0.500000
12 114 0.500000
12 115 0.500000
12 116 0.500000
12 117 0.500000
12 118 0.500000
12 119 0.500000
12 120 0.500000
13 14 0.500000
13 15 0.500000
13 16 0.500000
13 17 0.500000
13 19 0.500000
13 20 0.500000
13 22 0.500000
13 23 0.500000
13 25 0.500000
13 26 0.500000
13 28 0.500000
13 29 0.500000
13 31 0.500000
13 32 0.500000
13 35 0.500000
13 36 0.500000
13 37 0.500000
13 38 0.500000
13 39 0.500000
13 40 0.500000
13 41 0.500000
13 42 0.500000
13 47 0.500000
13 48 0.500000
13 49 0.500000
13 50 0.500000
13 51 0.500000
13 52 0.500000
13 54 0.500000
13 55 0.500000
13 56 0.500000
13 57 0.500000
13 58 0.500000
13 59 0.500000
13 60 0.500000
13 61 0.500000
13 63 0.500000
13 64 0.500000
13 65 0.500000
13 66 0.500000
13 67 0.500000
13 68 0.500000
13 69 0.500000
13 70 0.500000
13 71 0.500000
13 72 0.500000
13 74 0.500000
13 75 0.500000
13 76 0.500000
13 77 0.500000
13 78 0.500000
13 79 0.500000
13 80 0.500000
13 81 0.500000
13 84 0.500000
13 85 0.500000
13 88 0.500000
13 89 0.500000
13 90 0.500000
13 93 0.500000
13 94 0.500000
13 96 0.500000
13 98 0.500000
13 99 0.500000
13 101 0.500000
13 102 0.500000
13 103 0.500000
13 104 0.500000
13 106 0.500000
13 107 0.500000
13 108 0.500000
13 109 0.500000
13 110 0.500000
13 111 0.500000
13 112 0.500000
13 113 0.500000
13 114 0.500000
13 115 0.500000
13 116 0.500000
13 118 0.500000
13 120 0.500000
14 16 0.500000
14 17 0.500000
14 18 0.500000
14 19 0.500000
14 20 0.500000
14 22 0.500000
14 23 0.500000
14 24 0.500000
14 25 0.500000
14 26 0.500000
14 27 0.500000
14 28 0.500000
14 29 0.500000
14 30 0.500000
14 32 0.500000
14 33 0.500000
14 34 0.500000
14 35 0.500000
14 36 0.500000
14 38 0.500000
14 40 0.500000
14 41 0.500000
14 44 0.500000
14 45 0.500000
14 46 0.500000
14 47 0.500000
14 48 0.500000
14 49 0.500000
14 50 0.500000
14 51 0.500000
14 52 0.500000
14 53 0.500000
14 55 0.500000
14 56 0.500000
14 58 0.500000
14 59 0.500000
14 60 0.500000
14 61 0.500000
14 63 0.500000
14 64 0.500000
14 65 0.500000
14 66 0.500000
14 67 0.500000
14 68 0.500000
14 69 0.500000
14 70 0.500000
14 71 0.500000
14 72 0.500000
14 73 0.500000
14 74 0.500000
14 76 0.500000
14 77 0.500000
14 78 0.500000
14 79 0.500000
14 80 0.500000
14 81 0.500000
14 84 0.500000
14 85 0.500000
14 86 0.500000
14 87 0.500000
14 88 0.500000
14 89 0.500000
14 91 0.500000
14 93 0.500000
14 94 0.500000
14 95 0.500000
14 96 0.500000
14 100 0.500000
14 102 0.500000
14 104 0.500000
14 106 0.500000
14 107 0.500000
14 108 0.500000
14 109 0.500000
14 110 0.500000
14 112 0.500000
14 113 0.500000
14 114 0.500000
14 116 0.500000
14 120 0.500000
15 16 0.500000
15 18 0.500000
15 21 0.500000
15 22 0.500000
15 24 0.500000
15 25 0.500000
15 27 0.500000
15 28 0.500000
15 29 0.500000
15 30 0.500000
15 31 0.500000
15 32 0.500000
15 33 0.500000
15 34 0.500000
15 36 0.500000
15 38 0.500000
15 39 0.500000
15 41 0.500000
15 44 0.500000
15 45 0.500000
15 46 0.500000
15 48 0.500000
15 49 0.500000
15 50 0.500000
15 51 0.500000
15 53 0.500000
15 56 0.500000
15 57 0.500000
15 62 0.500000
15 63 0.500000
15 64 0.500000
15 66 0.500000
15 67 0.500000
15 68 0.500000
15 69 0.500000
15 71 0.500000
15 72 0.500000
15 74 0.500000
15 75 0.500000
15 76 0.500000
15 77 0.500000
15 79 0.500000
15 80 0.500000
15 81 0.500000
15 82 0.500000
15 83 0.500000
15 84 0.500000
15 85 0.500000
15 87 0.500000
15 88 0.500000
15 89 0.500000
15 90 0.500000
15 91 0.500000
15 92 0.500000
15 93 0.500000
15 95 0.500000
15 96 0.500000
15 97 0.500000
15 98 0.500000
15 100 0.500000
15 101 0.500000
15 102 0.500000
15 105 0.500000
15 106 0.500000
15 107 0.500000
15 108 0.500000
15 110 0.500000
15 111 0.500000
15 112 0.500000
15 113 0.500000
15 114 0.500000
15 115 0.500000
15 116 0.500000
15 117 0.500000
15 118 0.500000
15 119 0.500000
16 18 0.500000
16 19 0.500000
16 20 0.500000
16 21 0.500000
16 22 0.500000
16 24 0.500000
16 26 0.500000
16 27 0.500000
16 28 0.500000
16 29 0.500000
16 31 0.500000
16 33 0.500000
16 34 0.500000
16 35 0.500000
16 36 0.500000
16 37 0.500000
16 38 0.500000
16 40 0.500000
16 41 0.500000
16 42 0.500000
16 45 0.500000
16 46 0.500000
16 47 0.500000
16 48 0.500000
16 49 0.500000
16 50 0.500000
16 51 0.500000
16 52 0.500000
16 53 0.500000
16 54 0.500000
16 56 0.500000
16 57 0.500000
16 58 0.500000
16 59 0.500000
16 60 0.500000
16 61 0.500000
16 62 0.500000
16 63 0.500000
16 64 0.500000
16 65 0.500000
16 66 0.500000
16 67 0.500000
16 68 0.500000
16 69 0.500000
16 71 0.500000
16 72 0.500000
16 73 0.500000
16 74 0.500000
16 75 0.500000
16 77 0.500000
16 78 0.500000
16 79 0.500000
16 80 0.500000
16 81 0.500000
16 82 0.500000
16 84 0.500000
16 85 0.500000
16 86 0.500000
16 87 0.500000
16 88 0.500000
16 89 0.500000
16 91 0.500000
16 92 0.500000
16 93 0.500000
16 94 0.500000
16 96 0.500000
16 97 0.500000
16 98 0.500000
16 99 0.500000
16 101 0.500000
16 102 0.500000
16 103 0.500000
16 104 0.500000
16 106 0.500000
16 107 0.500000
16 109 0.500000
16 110 0.500000
16 111 0.500000
16 112 0.500000
16 114 0.500000
16 116 0.500000
16 117 0.500000
16 118 0.500000
16 119 0.500000
16 120 0.500000
17 18 0.500000
17 19 0.500000
17 21 0.500000
17 23 0.500000
17 24 0.500000
17 25 0.500000
17 26 0.500000
17 28 0.500000
17 30 0.500000
17 31 0.500000
17 32 0.500000
17 34 0.500000
17 35 0.500000
17 36 0.500000
17 37 0.500000
17 39 0.500000
17 40 0.500000
17 41 0.500000
17 42 0.500000
17 43 0.500000
17 44 0.500000
17 45 0.500000
17 46 0.500000
17 47 0.500000
17 48 0.500000
17 49 0.500000
17 50 0.500000
17 52 0.500000
17 53 0.500000
17 55 0.500000
17 56 0.500000
17 58 0.500000
17 59 0.500000
17 60 0.500000
17 61 0.500000
17 63 0.500000
17 64 0.500000
17 65 0.500000
17 68 0.500000
17 69 0.500000
17 70 0.500000
17 71 0.500000
17 72 0.500000
17 73 0.500000
17 75 0.500000
17 76 0.500000
17 79 0.500000
17 80 0.500000
17 81 0.500000
17 83 0.500000
17 85 0.500000
17 86 0.500000
17 87 0.500000
17 88 0.500000
17 89 0.500000
17 92 0.500000
17 93 0.500000
17 95 0.500000
17 96 0.500000
17 99 0.500000
17 100 0.500000
17 101 0.500000
17 102 0.500000
17 103 0.500000
17 104 0.500000
17 105 0.500000
17 106 0.500000
17 107 0.500000
17 108 0.500000
17 111 0.500000
17 112 0.500000
17 113 0.500000
17 114 0.500000
17 115 0.500000
17 116 0.500000
17 117 0.500000
17 119 0.500000
18 19 0.500000
18 20 0.500000
18 22 0.500000
18 23 0.500000
18 24 0.500000
18 26 0.500000
18 27 0.500000
18 28 0.500000
18 29 0.500000
18 30 0.500000
18 31 0.500000
18 34 0.500000
18 35 0.500000
18 36 0.500000
18 37 0.500000
18 39 0.500000
18 40 0.500000
18 41 0.500000
18 44 0.500000
18 45 0.500000
18 47 0.500000
18 48 0.500000
18 49 0.500000
18 50 0.500000
18 52 0.500000
18 55 0.500000
18 58 0.500000
18 59 0.500000
18 63 0.500000
18 64 0.500000
18 65 0.500000
18 66 0.500000
18 67 0.500000
18 68 0.500000
18 69 0.500000
18 70 0.500000
18 73 0.500000
18 74 0.500000
18 75 0.500000
18 77 0.500000
18 78 0.500000
18 79 0.500000
18 80 0.500000
18 81 0.500000
18 84 0.500000
18 85 0.500000
18 86 0.500000
18 87 0.500000
18 88 0.500000
18 89 0.500000
18 91 0.500000
18 92 0.500000
18 93 0.500000
18 94 0.500000
18 96 0.500000
18 97 0.500000
18 98 0.500000
18 99 0.500000
18 100 0.500000
18 101 0.500000
18 103 0.500000
18 104 0.500000
18 106 0.500000
18 107 0.500000
18 108 0.500000
18 109 0.500000
18 110 0.500000
18 112 0.500000
18 113 0.500000
18 114 0.500000
18 115 0.500000
18 116 0.500000
18 117 0.500000
18 118 0.500000
18 119 0.500000
18 120 0.500000
19 20 0.500000
19 21 0.500000
19 22 0.500000
19 23 0.500000
19 25 0.500000
19 26 0.500000
19 27 0.500000
19 30 0.500000
19 32 0.500000
19 35 0.500000
19 36 0.500000
19 37 0.500000
19 38 0.500000
19 39 0.500000
19 42 0.500000
19 43 0.500000
19 44 0.500000
19 45 0.500000
19 47 0.500000
19 49 0.500000
19 50 0.500000
19 51 0.500000
19 53 0.500000
19 54 0.500000
19 55 0.500000
19 56 0.500000
19 58 0.500000
19 59 0.500000
19 60 0.500000
19 61 0.500000
19 62 0.500000
19 63 0.500000
19 64 0.500000
19 66 0.500000
19 67 0.500000
19 68 0.500000
19 69 0.500000
19 71 0.500000
19 72 0.500000
19 73 0.500000
19 74 0.500000
19 75 0.500000
19 76 0.500000
19 77 0.500000
19 79 0.500000
19 80 0.500000
19 81 0.500000
19 83 0.500000
19 87 0.500000
19 88 0.500000
19 89 0.500000
19 90 0.500000
19 91 0.500000
19 92 0.500000
19 93 0.500000
19 95 0.500000
19 97 0.500000
19 98 0.500000
19 99 0.500000
19 100 0.500000
19 101 0.500000
19 102 0.500000
19 103 0.500000
19 105 0.500000
19 107 0.500000
19 108 0.500000
19 109 0.500000
19 110 0.500000
19 113 0.500000
19 114 0.500000
19 115 0.500000
19 116 0.500000
19 118 0.500000
19 119 0.500000
19 120 0.500000
20 21 0.500000
20 22 0.500000
20 25 0.500000
20 26 0.500000
20 28 0.500000
20 29 0.500000
20 30 0.500000
20 31 0.500000
20 32 0.500000
20 33 0.500000
20 34 0.500000
20 36 0.500000
20 37 0.500000
20 38 0.500000
20 41 0.500000
20 42 0.500000
20 43 0.500000
20 45 0.500000
20 46 0.500000
20 49 0.500000
20 50 0.500000
20 51 0.500000
20 52 0.500000
20 53 0.500000
20 54 0.500000
20 55 0.500000
20 56 0.500000
20 57 0.500000
20 58 0.500000
20 59 0.500000
20 60 0.500000
20 62 0.500000
20 63 0.500000
20 66 0.500000
20 68 0.500000
20 69 0.500000
20 70 0.500000
20 73 0.500000
20 76 0.500000
20 77 0.500000
20 78 0.500000
20 79 0.500000
20 80 0.500000
20 83 0.500000
20 84 0.500000
20 85 0.500000
20 86 0.500000
20 87 0.500000
20 88 0.500000
20 89 0.500000
20 90 0.500000
20 91 0.500000
20 92 0.500000
20 93 0.500000
20 94 0.500000
20 95 0.500000
20 96 0.500000
20 97 0.500000
20 98 0.500000
20 99 0.500000
20 101 0.500000
20 102 0.500000
20 103 0.500000
20 104 0.500000
20 105 0.500000
20 106 0.500000
20 108 0.500000
20 110 0.500000
20 111 0.500000
20 112 0.500000
20 113 0.500000
20 114 0.500000
20 115 0.500000
20 117 0.500000
20 118 0.500000
20 119 0.500000
21 23 0.500000
21 24 0.500000
21 25 0.500000
21 28 0.500000
21 30 0.500000
21 31 0.500000
21 33 0.500000
21 34 0.500000
21 35 0.500000
21 36 0.500000
21 37 0.500000
21 38 0.500000
21 39 0.500000
21 41 0.500000
21 42 0.500000
21 43 0.500000
21 45 0.500000
21 47 0.500000
21 49 0.500000
21 50 0.500000
21 51 0.500000
21 53 0.500000
21 54 0.500000
21 55 0.500000
21 56 0.500000
21 57 0.500000
21 58 0.500000
21 59 0.500000
21 60 0.500000
21 61 0.500000
21 62 0.500000
21 63 0.500000
21 65 0.500000
21 66 0.500000
21 67 0.500000
21 68 0.500000
21 70 0.500000
21 71 0.500000
21 72 0.500000
21 73 0.500000
21 74 0.500000
21 76 0.500000
21 77 0.500000
21 80 0.500000
21 81 0.500000
21 82 0.500000
21 83 0.500000
21 84 0.500000
21 85 0.500000
21 86 0.500000
21 87 0.500000
21 89 0.500000
21 91 0.500000
21 92 0.500000
21 93 0.500000
21 94 0.500000
21 95 0.500000
21 96 0.500000
21 97 0.500000
21 98 0.500000
21 99 0.500000
21 100 0.500000
21 101 0.500000
21 102 0.500000
21 104 0.500000
21 105 0.500000
21 106 0.500000
21 108 0.500000
21 109 0.500000
21 110 0.500000
21 113 0.500000
21 116 0.500000
21 118 0.500000
22 23 0.500000
22 24 0.500000
22 25 0.500000
22 26 0.500000
22 27 0.500000
22 31 0.500000
22 32 0.500000
22 34 0.500000
22 37 0.500000
22 38 0.500000
22 41 0.500000
22 42 0.500000
22 43 0.500000
22 44 0.500000
22 45 0.500000
22 46 0.500000
22 47 0.500000
22 49 0.500000
22 54 0.500000
22 55 0.500000
22 56 0.500000
22 57 0.500000
22 58 0.500000
22 59 0.500000
22 60 0.500000
22 62 0.500000
22 63 0.500000
22 64 0.500000
22 65 0.500000
22 66 0.500000
22 67 0.500000
22 68 0.500000
22 70 0.500000
22 72 0.500000
22 74 0.500000
22 75 0.500000
22 76 0.500000
22 77 0.500000
22 79 0.500000
22 81 0.500000
22 82 0.500000
22 84 0.500000
22 85 0.500000
22 86 0.500000
22 87 0.500000
22 88 0.500000
22 90 0.500000
22 91 0.500000
22 92 0.500000
22 93 0.500000
22 95 0.500000
22 96 0.500000
22 99 0.500000
22 101 0.500000
22 102 0.500000
22 103 0.500000
22 104 0.500000
22 106 0.500000
22 108 0.500000
22 109 0.500000
22 111 0.500000
22 112 0.500000
22 113 0.500000
22 114 0.500000
22 115 0.500000
22 116 0.500000
22 117 0.500000
22 118 0.500000
22 119 0.500000
22 120 0.500000
23 24 0.500000
23 25 0.500000
23 26 0.500000
23 27 0.500000
23 28 0.500000
23 32 0.500000
23 33 0.500000
23 34 0.500000
23 35 0.500000
23 36 0.500000
23 37 0.500000
23 39 0.500000
23 40 0.500000
23 41 0.500000
23 43 0.500000
23 44 0.500000
23 45 0.500000
23 46 0.500000
23 47 0.500000
23 49 0.500000
23 50 0.500000
23 51 0.500000
23 52 0.500000
23 53 0.500000
23 54 0.500000
23 55 0.500000
23 56 0.500000
23 57 0.500000
23 58 0.500000
23 59 0.500000
23 62 0.500000
23 63 0.500000
23 64 0.500000
23 65 0.500000
23 66 0.500000
23 69 0.500000
23 70 0.500000
23 71 0.500000
23 72 0.500000
23 73 0.500000
23 74 0.500000
23 77 0.500000
23 78 0.500000
23 79 0.500000
23 80 0.500000
23 81 0.500000
23 82 0.500000
23 83 0.500000
23 84 0.500000
23 85 0.500000
23 86 0.500000
23 87 0.500000
23 88 0.500000
23 89 0.500000
23 90 0.500000
23 93 0.500000
23 94 0.500000
23 95 0.500000
23 97 0.500000
23 98 0.500000
23 99 0.500000
23 100 0.500000
23 101 0.500000
23 102 0.500000
23 103 0.500000
23 106 0.500000
23 108 0.500000
23 109 0.500000
23 110 0.500000
23 111 0.500000
23 112 0.500000
23 116 0.500000
23 117 0.500000
23 119 0.500000
23 120 0.500000
24 26 0.500000
24 27 0.500000
24 29 0.500000
24 30 0.500000
24 32 0.500000
24 34 0.500000
24 38 0.500000
24 40 0.500000
24 44 0.500000
24 45 0.500000
24 46 0.500000
24 48 0.500000
24 49 0.500000
24 50 0.500000
24 51 0.500000
24 52 0.500000
24 53 0.500000
24 54 0.500000
24 55 0.500000
24 56 0.500000
24 57 0.500000
24 58 0.500000
24 60 0.500000
24 62 0.500000
24 63 0.500000
24 64 0.500000
24 65 0.500000
24 66 0.500000
24 67 0.500000
24 70 0.500000
24 71 0.500000
24 72 0.500000
24 73 0.500000
24 75 0.500000
24 76 0.500000
24 77 0.500000
24 78 0.500000
24 80 0.500000
24 81 0.500000
24 82 0.500000
24 83 0.500000
24 87 0.500000
24 88 0.500000
24 89 0.500000
24 90 0.500000
24 91 0.500000
24 92 0.500000
24 93 0.500000
24 94 0.500000
24 95 0.500000
24 96 0.500000
24 97 0.500000
24 98 0.500000
24 99 0.500000
24 101 0.500000
24 102 0.500000
24 103 0.500000
24 104 0.500000
24 106 0.500000
24 108 0.500000
24 109 0.500000
24 110 0.500000
24 112 0.500000
24 113 0.500000
24 115 0.500000
24 116 0.500000
24 117 0.500000
24 118 0.500000
24 119 0.500000
24 120 0.500000
25 26 0.500000
25 27 0.500000
25 28 0.500000
25 30 0.500000
25 31 0.500000
25 33 0.500000
25 34 0.500000
25 35 0.500000
25 36 0.500000
25 38 0.500000
25 40 0.500000
25 42 0.500000
25 43 0.500000
25 44 0.500000
25 45 0.500000
25 47 0.500000
25 48 0.500000
25 50 0.500000
25 51 0.500000
25 52 0.500000
25 53 0.500000
25 55 0.500000
25 56 0.500000
25 57 0.500000
25 58 0.500000
25 59 0.500000
25 60 0.500000
25 61 0.500000
25 62 0.500000
25 64 0.500000
25 65 0.500000
25 67 0.500000
25 69 0.500000
25 71 0.500000
25 73 0.500000
25 74 0.500000
25 75 0.500000
25 76 0.500000
25 77 0.500000
25 79 0.500000
25 80 0.500000
25 82 0.500000
25 83 0.500000
25 84 0.500000
25 85 0.500000
25 86 0.500000
25 88 0.500000
25 90 0.500000
25 92 0.500000
25 93 0.500000
25 95 0.500000
25 96 0.500000
25 98 0.500000
25 102 0.500000
25 103 0.500000
25 108 0.500000
25 109 0.500000
25 111 0.500000
25 112 0.500000
25 113 0.500000
25 114 0.500000
25 116 0.500000
25 117 0.500000
25 118 0.500000
25 119 0.500000
26 27 0.500000
26 28 0.500000
26 29 0.500000
26 32 0.500000
26 33 0.500000
26 34 0.500000
26 35 0.500000
26 37 0.500000
26 38 0.500000
26 39 0.500000
26 40 0.500000
26 41 0.500000
26 42 0.500000
26 43 0.500000
26 44 0.500000
26 46 0.500000
26 47 0.500000
26 48 0.500000
26 49 0.500000
26 50 0.500000
26 51 0.500000
26 55 0.500000
26 56 0.500000
26 57 0.500000
26 59 0.500000
26 60 0.500000
26 61 0.500000
26 63 0.500000
26 64 0.500000
26 65 0.500000
26 66 0.500000
26 67 0.500000
26 68 0.500000
26 69 0.500000
26 70 0.500000
26 71 0.500000
26 72 0.500000
26 74 0.500000
26 75 0.500000
26 76 0.500000
26 77 0.500000
26 78 0.500000
26 79 0.500000
26 80 0.500000
26 81 0.500000
26 84 0.500000
26 85 0.500000
26 86 0.500000
26 87 0.500000
26 91 0.500000
26 92 0.500000
26 93 0.500000
26 94 0.500000
26 96 0.500000
26 97 0.500000
26 98 0.500000
26 99 0.500000
26 100 0.500000
26 101 0.500000
26 102 0.500000
26 103 0.500000
26 104 0.500000
26 105 0.500000
26 106 0.500000
26 107 0.500000
26 108 0.500000
26 109 0.500000
26 110 0.500000
26 111 0.500000
26 113 0.500000
26 115 0.500000
26 117 0.500000
26 120 0.500000
27 28 0.500000
27 29 0.500000
27 30 0.500000
27 31 0.500000
27 32 0.500000
27 35 0.500000
27 36 0.500000
27 37 0.500000
27 38 0.500000
27 39 0.500000
27 40 0.500000
27 42 0.500000
27 43 0.500000
27 44 0.500000
27 45 0.500000
27 46 0.500000
27 48 0.500000
27 50 0.500000
27 51 0.500000
27 53 0.500000
27 54 0.500000
27 56 0.500000
27 58 0.500000
27 60 0.500000
27 61 0.500000
27 62 0.500000
27 63 0.500000
27 65 0.500000
27 66 0.500000
27 67 0.500000
27 68 0.500000
27 69 0.500000
27 72 0.500000
27 73 0.500000
27 74 0.500000
27 75 0.500000
27 77 0.500000
27 79 0.500000
27 80 0.500000
27 82 0.500000
27 83 0.500000
27 84 0.500000
27 87 0.500000
27 88 0.500000
27 90 0.500000
27 92 0.500000
27 93 0.500000
27 94 0.500000
27 95 0.500000
27 96 0.500000
27 97 0.500000
27 98 0.500000
27 100 0.500000
27 102 0.500000
27 103 0.500000
27 104 0.500000
27 107 0.500000
27 108 0.500000
27 110 0.500000
27 111 0.500000
27 112 0.500000
27 113 0.500000
27 114 0.500000
27 116 0.500000
27 117 0.500000
27 118 0.500000
27 119 0.500000
27 120 0.500000
28 29 0.500000
28 32 0.500000
28 34 0.500000
28 35 0.500000
28 36 0.500000
28 37 0.500000
28 38 0.500000
28 39 0.500000
28 40 0.500000
28 41 0.500000
28 42 0.500000
28 43 0.500000
28 44 0.500000
28 45 0.500000
28 46 0.500000
28 47 0.500000
28 48 0.500000
28 49 0.500000
28 50 0.500000
28 53 0.500000
28 54 0.500000
28 55 0.500000
28 56 0.500000
28 57 0.500000
28 58 0.500000
28 59 0.500000
28 60 0.500000
28 61 0.500000
28 62 0.500000
28 63 0.500000
28 64 0.500000
28 66 0.500000
28 68 0.500000
28 69 0.500000
28 70 0.500000
28 71 0.500000
28 72 0.500000
28 75 0.500000
28 76 0.500000
28 77 0.500000
28 78 0.500000
28 80 0.500000
28 82 0.500000
28 83 0.500000
28 84 0.500000
28 86 0.500000
28 87 0.500000
28 88 0.500000
28 89 0.500000
28 90 0.500000
28 91 0.500000
28 92 0.500000
28 93 0.500000
28 96 0.500000
28 98 0.500000
28 100 0.500000
28 101 0.500000
28 104 0.500000
28 105 0.500000
28 106 0.500000
28 107 0.500000
28 108 0.500000
28 112 0.500000
28 114 0.500000
28 116 0.500000
28 117 0.500000
28 118 0.500000
28 119 0.500000
28 120 0.500000
29 30 0.500000
29 31 0.500000
29 33 0.500000
29 34 0.500000
29 35 0.500000
29 36 0.500000
29 37 0.500000
29 38 0.500000
29 40 0.500000
29 41 0.500000
29 42 0.500000
29 44 0.500000
29 45 0.500000
29 47 0.500000
29 48 0.500000
29 49 0.500000
29 50 0.500000
29 51 0.500000
29 52 0.500000
29 53 0.500000
29 54 0.500000
29 55 0.500000
29 57 0.500000
29 58 0.500000
29 59 0.500000
29 61 0.500000
29 62 0.500000
29 63 0.500000
29 65 0.500000
29 66 0.500000
29 67 0.500000
29 69 0.500000
29 71 0.500000
29 72 0.500000
29 73 0.500000
29 74 0.500000
29 75 0.500000
29 79 0.500000
29 80 0.500000
29 81 0.500000
29 82 0.500000
29 85 0.500000
29 87 0.500000
29 89 0.500000
29 90 0.500000
29 91 0.500000
29 93 0.500000
29 95 0.500000
29 97 0.500000
29 98 0.500000
29 100 0.500000
29 101 0.500000
29 102 0.500000
29 105 0.500000
29 106 0.500000
29 107 0.500000
29 108 0.500000
29 109 0.500000
29 110 0.500000
29 112 0.500000
29 113 0.500000
29 114 0.500000
29 115 0.500000
29 116 0.500000
29 117 0.500000
29 118 0.500000
29 119 0.500000
30 33 0.500000
30 35 0.500000
30 36 0.500000
30 37 0.500000
30 38 0.500000
30 39 0.500000
30 40 0.500000
30 41 0.500000
30 44 0.500000
30 45 0.500000
30 46 0.500000
30 47 0.500000
30 48 0.500000
30 50 0.500000
30 51 0.500000
30 52 0.500000
30 55 0.500000
30 56 0.500000
30 58 0.500000
30 59 0.500000
30 61 0.500000
30 62 0.500000
30 63 0.500000
30 64 0.500000
30 66 0.500000
30 67 0.500000
30 69 0.500000
30 70 0.500000
30 71 0.500000
30 72 0.500000
30 73 0.500000
30 75 0.500000
30 76 0.500000
30 79 0.500000
30 80 0.500000
30 81 0.500000
30 82 0.500000
30 83 0.500000
30 84 0.500000
30 85 0.500000
30 86 0.500000
30 88 0.500000
30 89 0.500000
30 91 0.500000
30 92 0.500000
30 93 0.500000
30 95 0.500000
30 96 0.500000
30 98 0.500000
30 99 0.500000
30 101 0.500000
30 102 0.500000
30 103 0.500000
30 104 0.500000
30 107 0.500000
30 108 0.500000
30 109 0.500000
30 110 0.500000
30 112 0.500000
30 113 0.500000
30 114 0.500000
30 115 0.500000
30 116 0.500000
30 117 0.500000
30 118 0.500000
30 119 0.500000
31 32 0.500000
31 33 0.500000
31 34 0.500000
31 36 0.500000
31 37 0.500000
31 38 0.500000
31 39 0.500000
31 40 0.500000
31 41 0.500000
31 43 0.500000
31 44 0.500000
31 45 0.500000
31 47 0.500000
31 48 0.500000
31 49 0.500000
31 50 0.500000
31 52 0.500000
31 53 0.500000
31 55 0.500000
31 56 0.500000
31 59 0.500000
31 60 0.500000
31 61 0.500000
31 62 0.500000
31 63 0.500000
31 64 0.500000
31 65 0.500000
31 68 0.500000
31 69 0.500000
31 71 0.500000
31 72 0.500000
31 73 0.500000
31 74 0.500000
31 75 0.500000
31 76 0.500000
31 77 0.500000
31 78 0.500000
31 79 0.500000
31 80 0.500000
31 83 0.500000
31 85 0.500000
31 86 0.500000
31 87 0.500000
31 88 0.500000
31 89 0.500000
31 90 0.500000
31 91 0.500000
31 92 0.500000
31 93 0.500000
31 94 0.500000
31 95 0.500000
31 98 0.500000
31 99 0.500000
31 100 0.500000
31 102 0.500000
31 103 0.500000
31 104 0.500000
31 105 0.500000
31 106 0.500000
31 107 0.500000
31 110 0.500000
31 111 0.500000
31 112 0.500000
31 113 0.500000
31 116 0.500000
31 117 0.500000
31 118 0.500000
31 120 0.500000
32 33 0.500000
32 34 0.500000
32 35 0.500000
32 37 0.500000
32 38 0.500000
32 39 0.500000
32 40 0.500000
32 41 0.500000
32 44 0.500000
32 46 0.500000
32 48 0.500000
32 49 0.500000
32 50 0.500000
32 51 0.500000
32 52 0.500000
32 54 0.500000
32 56 0.500000
32 57 0.500000
32 58 0.500000
32 59 0.500000
32 60 0.500000
32 61 0.500000
32 63 0.500000
32 64 0.500000
32 65 0.500000
32 66 0.500000
32 67 0.500000
32 68 0.500000
32 69 0.500000
32 72 0.500000
32 73 0.500000
32 76 0.500000
32 78 0.500000
32 79 0.500000
32 81 0.500000
32 83 0.500000
32 84 0.500000
32 85 0.500000
32 86 0.500000
32 87 0.500000
32 88 0.500000
32 90 0.500000
32 91 0.500000
32 93 0.500000
32 94 0.500000
32 96 0.500000
32 97 0.500000
32 98 0.500000
32 99 0.500000
32 100 0.500000
32 101 0.500000
32 103 0.500000
32 104 0.500000
32 105 0.500000
32 109 0.500000
32 111 0.500000
32 112 0.500000
32 114 0.500000
32 115 0.500000
32 118 0.500000
32 119 0.500000
32 120 0.500000
33 35 0.500000
33 39 0.500000
33 40 0.500000
33 41 0.500000
33 42 0.500000
33 43 0.500000
33 44 0.500000
33 45 0.500000
33 46 0.500000
33 47 0.500000
33 48 0.500000
33 49 0.500000
33 52 0.500000
33 53 0.500000
33 54 0.500000
33 55 0.500000
33 56 0.500000
33 57 0.500000
33 58 0.500000
33 61 0.500000
33 62 0.500000
33 63 0.500000
33 64 0.500000
33 65 0.500000
33 67 0.500000
33 68 0.500000
33 69 0.500000
33 70 0.500000
33 73 0.500000
33 75 0.500000
33 76 0.500000
33 77 0.500000
33 78 0.500000
33 82 0.500000
33 84 0.500000
33 85 0.500000
33 86 0.500000
33 87 0.500000
33 88 0.500000
33 90 0.500000
33 91 0.500000
33 92 0.500000
33 94 0.500000
33 95 0.500000
33 96 0.500000
33 97 0.500000
33 98 0.500000
33 99 0.500000
33 100 0.500000
33 101 0.500000
33 102 0.500000
33 103 0.500000
33 104 0.500000
33 105 0.500000
33 106 0.500000
33 107 0.500000
33 109 0.500000
33 110 0.500000
33 112 0.500000
33 113 0.500000
33 115 0.500000
33 116 0.500000
33 118 0.500000
33 119 0.500000
34 36 0.500000
34 37 0.500000
34 38 0.500000
34 39 0.500000
34 40 0.500000
34 41 0.500000
34 44 0.500000
34 45 0.500000
34 46 0.500000
34 47 0.500000
34 48 0.500000
34 52 0.500000
34 53 0.500000
34 54 0.500000
34 55 0.500000
34 56 0.500000
34 58 0.500000
34 61 0.500000
34 62 0.500000
34 63 0.500000
34 65 0.500000
34 68 0.500000
34 69 0.500000
34 71 0.500000
34 74 0.500000
34 75 0.500000
34 79 0.500000
34 80 0.500000
34 81 0.500000
34 82 0.500000
34 83 0.500000
34 84 0.500000
34 85 0.500000
34 86 0.500000
34 87 0.500000
34 89 0.500000
34 90 0.500000
34 91 0.500000
34 92 0.500000
34 93 0.500000
34 94 0.500000
34 96 0.500000
34 97 0.500000
34 98 0.500000
34 99 0.500000
34 100 0.500000
34 101 0.500000
34 104 0.500000
34 105 0.500000
34 107 0.500000
34 109 0.500000
34 110 0.500000
34 112 0.500000
34 113 0.500000
34 115 0.500000
34 116 0.500000
34 117 0.500000
34 119 0.500000
34 120 0.500000
35 37 0.500000
35 38 0.500000
35 39 0.500000
35 40 0.500000
35 41 0.500000
35 43 0.500000
35 44 0.500000
35 45 0.500000
35 47 0.500000
35 48 0.500000
35 49 0.500000
35 50 0.500000
35 51 0.500000
35 52 0.500000
35 54 0.500000
35 57 0.500000
35 58 0.500000
35 59 0.500000
35 60 0.500000
35 61 0.500000
35 62 0.500000
35 63 0.500000
35 64 0.500000
35 65 0.500000
35 66 0.500000
35 67 0.500000
35 68 0.500000
35 69 0.500000
35 70 0.500000
35 71 0.500000
35 73 0.500000
35 74 0.500000
35 75 0.500000
35 76 0.500000
35 77 0.500000
35 78 0.500000
35 79 0.500000
35 80 0.500000
35 82 0.500000
35 84 0.500000
35 85 0.500000
35 86 0.500000
35 87 0.500000
35 88 0.500000
35 89 0.500000
35 90 0.500000
35 92 0.500000
35 93 0.500000
35 94 0.500000
35 98 0.500000
35 100 0.500000
35 101 0.500000
35 102 0.500000
35 104 0.500000
35 105 0.500000
35 106 0.500000
35 107 0.500000
35 108 0.500000
35 110 0.500000
35 111 0.500000
35 112 0.500000
35 113 0.500000
35 114 0.500000
35 115 0.500000
35 116 0.500000
35 117 0.500000
35 118 0.500000
35 120 0.500000
36 38 0.500000
36 39 0.500000
36 40 0.500000
36 41 0.500000
36 42 0.500000
36 43 0.500000
36 44 0.500000
36 46 0.500000
36 48 0.500000
36 49 0.500000
36 51 0.500000
36 52 0.500000
36 54 0.500000
36 55 0.500000
36 56 0.500000
36 57 0.500000
36 59 0.500000
36 60 0.500000
36 61 0.500000
36 63 0.500000
36 64 0.500000
36 66 0.500000
36 67 0.500000
36 68 0.500000
36 70 0.500000
36 72 0.500000
36 74 0.500000
36 75 0.500000
36 76 0.500000
36 78 0.500000
36 80 0.500000
36 81 0.500000
36 82 0.500000
36 85 0.500000
36 86 0.500000
36 88 0.500000
36 89 0.500000
36 90 0.500000
36 91 0.500000
36 92 0.500000
36 94 0.500000
36 96 0.500000
36 97 0.500000
36 98 0.500000
36 99 0.500000
36 100 0.500000
36 101 0.500000
36 102 0.500000
36 104 0.500000
36 105 0.500000
36 106 0.500000
36 108 0.500000
36 109 0.500000
36 112 0.500000
36 115 0.500000
36 116 0.500000
36 117 0.500000
36 119 0.500000
37 38 0.500000
37 39 0.500000
37 40 0.500000
37 41 0.500000
37 42 0.500000
37 43 0.500000
37 45 0.500000
37 46 0.500000
37 47 0.500000
37 49 0.500000
37 50 0.500000
37 51 0.500000
37 54 0.500000
37 55 0.500000
37 56 0.500000
37 59 0.500000
37 60 0.500000
37 61 0.500000
37 62 0.500000
37 63 0.500000
37 64 0.500000
37 65 0.500000
37 66 0.500000
37 67 0.500000
37 68 0.500000
37 69 0.500000
37 70 0.500000
37 71 0.500000
37 72 0.500000
37 73 0.500000
37 74 0.500000
37 75 0.500000
37 76 0.500000
37 77 0.500000
37 78 0.500000
37 79 0.500000
37 80 0.500000
37 81 0.500000
37 83 0.500000
37 84 0.500000
37 85 0.500000
37 86 0.500000
37 87 0.500000
37 88 0.500000
37 90 0.500000
37 91 0.500000
37 92 0.500000
37 93 0.500000
37 94 0.500000
37 95 0.500000
37 96 0.500000
37 97 0.500000
37 98 0.500000
37 99 0.500000
37 100 0.500000
37 101 0.500000
37 102 0.500000
37 103 0.500000
37 104 0.500000
37 107 0.500000
37 108 0.500000
37 109 0.500000
37 111 0.500000
37 113 0.500000
37 114 0.500000
37 115 0.500000
37 116 0.500000
37 118 0.500000
37 119 0.500000
37 120 0.500000
38 39 0.500000
38 40 0.500000
38 41 0.500000
38 43 0.500000
38 44 0.500000
38 46 0.500000
38 47 0.500000
38 49 0.500000
38 51 0.500000
38 52 0.500000
38 53 0.500000
38 54 0.500000
38 57 0.500000
38 58 0.500000
38 60 0.500000
38 61 0.500000
38 62 0.500000
38 64 0.500000
38 65 0.500000
38 66 0.500000
38 67 0.500000
38 68 0.500000
38 69 0.500000
38 70 0.500000
38 71 0.500000
38 74 0.500000
38 75 0.500000
38 76 0.500000
38 79 0.500000
38 80 0.500000
38 81 0.500000
38 83 0.500000
38 85 0.500000
38 86 0.500000
38 87 0.500000
38 88 0.500000
38 89 0.500000
38 90 0.500000
38 91 0.500000
38 92 0.500000
38 93 0.500000
38 94 0.500000
38 95 0.500000
38 96 0.500000
38 97 0.500000
38 98 0.500000
38 99 0.500000
38 100 0.500000
38 101 0.500000
38 102 0.500000
38 103 0.500000
38 104 0.500000
38 105 0.500000
38 106 0.500000
38 107 0.500000
38 108 0.500000
38 109 0.500000
38 110 0.500000
38 112 0.500000
38 113 0.500000
38 114 0.500000
38 115 0.500000
38 117 0.500000
38 118 0.500000
38 119 0.500000
38 120 0.500000
39 40 0.500000
39 41 0.500000
39 44 0.500000
39 45 0.500000
39 46 0.500000
39 47 0.500000
39 48 0.500000
39 49 0.500000
39 50 0.500000
39 51 0.500000
39 52 0.500000
39 53 0.500000
39 54 0.500000
39 55 0.500000
39 56 0.500000
39 57 0.500000
39 60 0.500000
39 61 0.500000
39 62 0.500000
39 63 0.500000
39 64 0.500000
39 65 0.500000
39 66 0.500000
39 67 0.500000
39 68 0.500000
39 70 0.500000
39 72 0.500000
39 73 0.500000
39 75 0.500000
39 76 0.500000
39 77 0.500000
39 78 0.500000
39 79 0.500000
39 80 0.500000
39 81 0.500000
39 82 0.500000
39 83 0.500000
39 84 0.500000
39 85 0.500000
39 86 0.500000
39 87 0.500000
39 89 0.500000
39 90 0.500000
39 91 0.500000
39 92 0.500000
39 93 0.500000
39 95 0.500000
39 96 0.500000
39 101 0.500000
39 102 0.500000
39 103 0.500000
39 105 0.500000
39 106 0.500000
39 110 0.500000
39 111 0.500000
39 112 0.500000
39 113 0.500000
39 114 0.500000
39 115 0.500000
39 116 0.500000
39 117 0.500000
39 118 0.500000
39 120 0.500000
40 42 0.500000
40 43 0.500000
40 44 0.500000
40 47 0.500000
40 49 0.500000
40 50 0.500000
40 52 0.500000
40 53 0.500000
40 54 0.500000
40 55 0.500000
40 56 0.500000
40 57 0.500000
40 58 0.500000
40 59 0.500000
40 60 0.500000
40 61 0.500000
40 63 0.500000
40 65 0.500000
40 66 0.500000
40 67 0.500000
40 68 0.500000
40 70 0.500000
40 71 0.500000
40 72 0.500000
40 73 0.500000
40 75 0.500000
40 77 0.500000
40 79 0.500000
40 80 0.500000
40 81 0.500000
40 83 0.500000
40 84 0.500000
40 85 0.500000
40 86 0.500000
40 88 0.500000
40 89 0.500000
40 90 0.500000
40 91 0.500000
40 92 0.500000
40 93 0.500000
40 94 0.500000
40 96 0.500000
40 97 0.500000
40 99 0.500000
40 101 0.500000
40 102 0.500000
40 103 0.500000
40 104 0.500000
40 105 0.500000
40 106 0.500000
40 107 0.500000
40 109 0.500000
40 110 0.500000
40 111 0.500000
40 112 0.500000
40 113 0.500000
40 114 0.500000
40 115 0.500000
40 116 0.500000
40 117 0.500000
40 118 0.500000
40 119 0.500000
40 120 0.500000
41 42 0.500000
41 43 0.500000
41 44 0.500000
41 45 0.500000
41 46 0.500000
41 47 0.500000
41 48 0.500000
41 49 0.500000
41 50 0.500000
41 51 0.500000
41 53 0.500000
41 54 0.500000
41 55 0.500000
41 56 0.500000
41 57 0.500000
41 58 0.500000
41 61 0.500000
41 64 0.500000
41 65 0.500000
41 66 0.500000
41 68 0.500000
41 69 0.500000
41 70 0.500000
41 72 0.500000
41 75 0.500000
41 76 0.500000
41 77 0.500000
41 80 0.500000
41 82 0.500000
41 83 0.500000
41 84 0.500000
41 87 0.500000
41 88 0.500000
41 89 0.500000
41 91 0.500000
41 92 0.500000
41 93 0.500000
41 94 0.500000
41 95 0.500000
41 96 0.500000
41 97 0.500000
41 98 0.500000
41 100 0.500000
41 102 0.500000
41 103 0.500000
41 104 0.500000
41 105 0.500000
41 108 0.500000
41 109 0.500000
41 110 0.500000
41 111 0.500000
41 112 0.500000
41 113 0.500000
41 114 0.500000
41 115 0.500000
41 116 0.500000
41 118 0.500000
41 119 0.500000
41 120 0.500000
42 43 0.500000
42 45 0.500000
42 46 0.500000
42 47 0.500000
42 48 0.500000
42 49 0.500000
42 50 0.500000
42 51 0.500000
42 53 0.500000
42 54 0.500000
42 56 0.500000
42 57 0.500000
42 58 0.500000
42 59 0.500000
42 60 0.500000
42 61 0.500000
42 62 0.500000
42 66 0.500000
42 68 0.500000
42 69 0.500000
42 71 0.500000
42 72 0.500000
42 73 0.500000
42 74 0.500000
42 75 0.500000
42 76 0.500000
42 77 0.500000
42 78 0.500000
42 79 0.500000
42 80 0.500000
42 83 0.500000
42 85 0.500000
42 86 0.500000
42 87 0.500000
42 88 0.500000
42 89 0.500000
42 90 0.500000
42 91 0.500000
42 92 0.500000
42 93 0.500000
42 94 0.500000
42 95 0.500000
42 96 0.500000
42 97 0.500000
42 98 0.500000
42 99 0.500000
42 100 0.500000
42 101 0.500000
42 103 0.500000
42 104 0.500000
42 105 0.500000
42 106 0.500000
42 107 0.500000
42 109 0.500000
42 111 0.500000
42 112 0.500000
42 113 0.500000
42 114 0.500000
42 115 0.500000
42 116 0.500000
42 117 0.500000
42 118 0.500000
42 119 0.500000
42 120 0.500000
43 44 0.500000
43 45 0.500000
43 46 0.500000
43 50 0.500000
43 51 0.500000
43 52 0.500000
43 53 0.500000
43 55 0.500000
43 57 0.500000
43 58 0.500000
43 60 0.500000
43 62 0.500000
43 63 0.500000
43 64 0.500000
43 65 0.500000
43 68 0.500000
43 69 0.500000
43 70 0.500000
43 72 0.500000
43 73 0.500000
43 74 0.500000
43 75 0.500000
43 76 0.500000
43 78 0.500000
43 79 0.500000
43 80 0.500000
43 82 0.500000
43 83 0.500000
43 84 0.500000
43 85 0.500000
43 87 0.500000
43 88 0.500000
43 89 0.500000
43 92 0.500000
43 93 0.500000
43 94 0.500000
43 95 0.500000
43 96 0.500000
43 97 0.500000
43 98 0.500000
43 99 0.500000
43 102 0.500000
43 103 0.500000
43 105 0.500000
43 107 0.500000
43 109 0.500000
43 111 0.500000
43 112 0.500000
43 113 0.500000
43 114 0.500000
43 115 0.500000
43 116 0.500000
43 117 0.500000
43 119 0.500000
43 120 0.500000
44 45 0.500000
44 46 0.500000
44 48 0.500000
44 49 0.500000
44 50 0.500000
44 51 0.500000
44 53 0.500000
44 54 0.500000
44 55 0.500000
44 57 0.500000
44 58 0.500000
44 59 0.500000
44 60 0.500000
44 61 0.500000
44 62 0.500000
44 63 0.500000
44 66 0.500000
44 67 0.500000
44 68 0.500000
44 69 0.500000
44 70 0.500000
44 71 0.500000
44 72 0.500000
44 74 0.500000
44 75 0.500000
44 76 0.500000
44 77 0.500000
44 78 0.500000
44 79 0.500000
44 80 0.500000
44 82 0.500000
44 83 0.500000
44 85 0.500000
44 86 0.500000
44 87 0.500000
44 88 0.500000
44 90 0.500000
44 91 0.500000
44 92 0.500000
44 93 0.500000
44 94 0.500000
44 95 0.500000
44 98 0.500000
44 99 0.500000
44 100 0.500000
44 101 0.500000
44 103 0.500000
44 105 0.500000
44 106 0.500000
44 110 0.500000
44 112 0.500000
44 113 0.500000
44 114 0.500000
44 117 0.500000
44 118 0.500000
44 119 0.500000
44 120 0.500000
45 46 0.500000
45 48 0.500000
45 49 0.500000
45 51 0.500000
45 54 0.500000
45 58 0.500000
45 59 0.500000
45 61 0.500000
45 62 0.500000
45 63 0.500000
45 64 0.500000
45 66 0.500000
45 67 0.500000
45 68 0.500000
45 69 0.500000
45 70 0.500000
45 71 0.500000
45 72 0.500000
45 73 0.500000
45 74 0.500000
45 75 0.500000
45 76 0.500000
45 77 0.500000
45 78 0.500000
45 80 0.500000
45 83 0.500000
45 84 0.500000
45 85 0.500000
45 86 0.500000
45 87 0.500000
45 88 0.500000
45 89 0.500000
45 90 0.500000
45 91 0.500000
45 92 0.500000
45 93 0.500000
45 94 0.500000
45 96 0.500000
45 97 0.500000
45 99 0.500000
45 100 0.500000
45 101 0.500000
45 103 0.500000
45 104 0.500000
45 105 0.500000
45 106 0.500000
45 108 0.500000
45 110 0.500000
45 112 0.500000
45 113 0.500000
45 114 0.500000
45 115 0.500000
45 117 0.500000
45 118 0.500000
45 120 0.500000
46 47 0.500000
46 48 0.500000
46 51 0.500000
46 52 0.500000
46 53 0.500000
46 54 0.500000
46 55 0.500000
46 56 0.500000
46 57 0.500000
46 58 0.500000
46 59 0.500000
46 61 0.500000
46 63 0.500000
46 64 0.500000
46 66 0.500000
46 67 0.500000
46 68 0.500000
46 69 0.500000
46 70 0.500000
46 71 0.500000
46 72 0.500000
46 74 0.500000
46 75 0.500000
46 77 0.500000
46 79 0.500000
46 80 0.500000
46 81 0.500000
46 82 0.500000
46 83 0.500000
46 85 0.500000
46 86 0.500000
46 87 0.500000
46 88 0.500000
46 89 0.500000
46 90 0.500000
46 91 0.500000
46 92 0.500000
46 93 0.500000
46 94 0.500000
46 96 0.500000
46 97 0.500000
46 100 0.500000
46 101 0.500000
46 102 0.500000
46 103 0.500000
46 105 0.500000
46 106 0.500000
46 108 0.500000
46 109 0.500000
46 110 0.500000
46 111 0.500000
46 112 0.500000
46 113 0.500000
46 114 0.500000
46 117 0.500000
46 118 0.500000
46 120 0.500000
47 48 0.500000
47 50 0.500000
47 51 0.500000
47 52 0.500000
47 53 0.500000
47 54 0.500000
47 55 0.500000
47 57 0.500000
47 58 0.500000
47 59 0.500000
47 60 0.500000
47 62 0.500000
47 63 0.500000
47 67 0.500000
47 68 0.500000
47 69 0.500000
47 70 0.500000
47 71 0.500000
47 72 0.500000
47 74 0.500000
47 75 0.500000
47 77 0.500000
47 79 0.500000
47 80 0.500000
47 81 0.500000
47 84 0.500000
47 85 0.500000
47 86 0.500000
47 87 0.500000
47 88 0.500000
47 91 0.500000
47 92 0.500000
47 93 0.500000
47 94 0.500000
47 96 0.500000
47 98 0.500000
47 99 0.500000
47 100 0.500000
47 102 0.500000
47 104 0.500000
47 105 0.500000
47 107 0.500000
47 108 0.500000
47 109 0.500000
47 111 0.500000
47 113 0.500000
47 115 0.500000
47 116 0.500000
47 117 0.500000
47 118 0.500000
47 119 0.500000
47 120 0.500000
48 49 0.500000
48 51 0.500000
48 52 0.500000
48 53 0.500000
48 54 0.500000
48 55 0.500000
48 57 0.500000
48 59 0.500000
48 60 0.500000
48 61 0.500000
48 62 0.500000
48 63 0.500000
48 65 0.500000
48 66 0.500000
48 67 0.500000
48 68 0.500000
48 70 0.500000
48 71 0.500000
48 73 0.500000
48 75 0.500000
48 76 0.500000
48 77 0.500000
48 78 0.500000
48 80 0.500000
48 81 0.500000
48 82 0.500000
48 83 0.500000
48 84 0.500000
48 87 0.500000
48 88 0.500000
48 90 0.500000
48 91 0.500000
48 92 0.500000
48 93 0.500000
48 94 0.500000
48 95 0.500000
48 97 0.500000
48 98 0.500000
48 99 0.500000
48 101 0.500000
48 102 0.500000
48 103 0.500000
48 104 0.500000
48 106 0.500000
48 107 0.500000
48 108 0.500000
48 109 0.500000
48 110 0.500000
48 111 0.500000
48 112 0.500000
48 115 0.500000
48 116 0.500000
48 117 0.500000
48 118 0.500000
48 119 0.500000
48 120 0.500000
49 50 0.500000
49 52 0.500000
49 54 0.500000
49 58 0.500000
49 59 0.500000
49 60 0.500000
49 61 0.500000
49 63 0.500000
49 64 0.500000
49 65 0.500000
49 66 0.500000
49 70 0.500000
49 71 0.500000
49 72 0.500000
49 73 0.500000
49 74 0.500000
49 75 0.500000
49 76 0.500000
49 77 0.500000
49 78 0.500000
49 80 0.500000
49 82 0.500000
49 83 0.500000
49 84 0.500000
49 85 0.500000
49 86 0.500000
49 88 0.500000
49 89 0.500000
49 91 0.500000
49 92 0.500000
49 93 0.500000
49 94 0.500000
49 95 0.500000
49 96 0.500000
49 98 0.500000
49 99 0.500000
49 104 0.500000
49 105 0.500000
49 106 0.500000
49 107 0.500000
49 111 0.500000
49 112 0.500000
49 114 0.500000
49 115 0.500000
49 116 0.500000
49 117 0.500000
49 119 0.500000
49 120 0.500000
50 51 0.500000
50 52 0.500000
50 53 0.500000
50 54 0.500000
50 55 0.500000
50 58 0.500000
50 59 0.500000
50 60 0.500000
50 61 0.500000
50 62 0.500000
50 63 0.500000
50 64 0.500000
50 65 0.500000
50 66 0.500000
50 69 0.500000
50 70 0.500000
50 71 0.500000
50 72 0.500000
50 74 0.500000
50 75 0.500000
50 76 0.500000
50 77 0.500000
50 78 0.500000
50 79 0.500000
50 80 0.500000
50 81 0.500000
50 82 0.500000
50 83 0.500000
50 84 0.500000
50 85 0.500000
50 86 0.500000
50 88 0.500000
50 89 0.500000
50 92 0.500000
50 93 0.500000
50 94 0.500000
50 96 0.500000
50 97 0.500000
50 98 0.500000
50 99 0.500000
50 100 0.500000
50 101 0.500000
50 102 0.500000
50 103 0.500000
50 104 0.500000
50 105 0.500000
50 106 0.500000
50 107 0.500000
50 108 0.500000
50 109 0.500000
50 110 0.500000
50 111 0.500000
50 113 0.500000
50 114 0.500000
50 115 0.500000
50 116 0.500000
50 117 0.500000
50 118 0.500000
50 119 0.500000
50 120 0.500000
51 52 0.500000
51 53 0.500000
51 54 0.500000
51 55 0.500000
51 58 0.500000
51 59 0.500000
51 60 0.500000
51 61 0.500000
51 63 0.500000
51 65 0.500000
51 66 0.500000
51 67 0.500000
51 68 0.500000
51 69 0.500000
51 70 0.500000
51 73 0.500000
51 74 0.500000
51 75 0.500000
51 77 0.500000
51 80 0.500000
51 81 0.500000
51 82 0.500000
51 83 0.500000
51 85 0.500000
51 86 0.500000
51 87 0.500000
51 88 0.500000
51 89 0.500000
51 90 0.500000
51 91 0.500000
51 92 0.500000
51 93 0.500000
51 94 0.500000
51 95 0.500000
51 96 0.500000
51 97 0.500000
51 98 0.500000
51 99 0.500000
51 100 0.500000
51 101 0.500000
51 103 0.500000
51 104 0.500000
51 105 0.500000
51 106 0.500000
51 108 0.500000
51 109 0.500000
51 111 0.500000
51 112 0.500000
51 113 0.500000
51 114 0.500000
51 116 0.500000
51 117 0.500000
51 118 0.500000
51 119 0.500000
52 54 0.500000
52 56 0.500000
52 57 0.500000
52 58 0.500000
52 60 0.500000
52 62 0.500000
52 63 0.500000
52 64 0.500000
52 65 0.500000
52 66 0.500000
52 68 0.500000
52 70 0.500000
52 71 0.500000
52 72 0.500000
52 75 0.500000
52 76 0.500000
52 77 0.500000
52 79 0.500000
52 80 0.500000
52 85 0.500000
52 87 0.500000
52 88 0.500000
52 90 0.500000
52 91 0.500000
52 92 0.500000
52 93 0.500000
52 94 0.500000
52 95 0.500000
52 96 0.500000
52 97 0.500000
52 98 0.500000
52 99 0.500000
52 103 0.500000
52 104 0.500000
52 105 0.500000
52 106 0.500000
52 107 0.500000
52 109 0.500000
52 110 0.500000
52 112 0.500000
52 113 0.500000
52 115 0.500000
52 116 0.500000
52 117 0.500000
52 118 0.500000
52 119 0.500000
53 54 0.500000
53 56 0.500000
53 58 0.500000
53 59 0.500000
53 61 0.500000
53 62 0.500000
53 63 0.500000
53 65 0.500000
53 66 0.500000
53 68 0.500000
53 69 0.500000
53 70 0.500000
53 72 0.500000
53 73 0.500000
53 74 0.500000
53 75 0.500000
53 76 0.500000
53 77 0.500000
53 78 0.500000
53 79 0.500000
53 80 0.500000
53 81 0.500000
53 82 0.500000
53 83 0.500000
53 85 0.500000
53 87 0.500000
53 89 0.500000
53 91 0.500000
53 93 0.500000
53 94 0.500000
53 95 0.500000
53 96 0.500000
53 97 0.500000
53 98 0.500000
53 99 0.500000
53 100 0.500000
53 101 0.500000
53 103 0.500000
53 104 0.500000
53 107 0.500000
53 108 0.500000
53 111 0.500000
53 113 0.500000
53 114 0.500000
53 115 0.500000
53 117 0.500000
53 118 0.500000
53 120 0.500000
54 56 0.500000
54 57 0.500000
54 59 0.500000
54 60 0.500000
54 61 0.500000
54 62 0.500000
54 63 0.500000
54 64 0.500000
54 65 0.500000
54 66 0.500000
54 68 0.500000
54 69 0.500000
54 70 0.500000
54 71 0.500000
54 73 0.500000
54 74 0.500000
54 75 0.500000
54 77 0.500000
54 78 0.500000
54 79 0.500000
54 80 0.500000
54 81 0.500000
54 83 0.500000
54 84 0.500000
54 85 0.500000
54 87 0.500000
54 88 0.500000
54 89 0.500000
54 90 0.500000
54 91 0.500000
54 92 0.500000
54 94 0.500000
54 95 0.500000
54 96 0.500000
54 98 0.500000
54 99 0.500000
54 100 0.500000
54 101 0.500000
54 102 0.500000
54 103 0.500000
54 104 0.500000
54 105 0.500000
54 106 0.500000
54 107 0.500000
54 108 0.500000
54 111 0.500000
54 113 0.500000
54 114 0.500000
54 115 0.500000
54 118 0.500000
54 119 0.500000
54 120 0.500000
55 57 0.500000
55 60 0.500000
55 61 0.500000
55 62 0.500000
55 63 0.500000
55 64 0.500000
55 65 0.500000
55 66 0.500000
55 68 0.500000
55 69 0.500000
55 70 0.500000
55 72 0.500000
55 75 0.500000
55 76 0.500000
55 77 0.500000
55 78 0.500000
55 81 0.500000
55 82 0.500000
55 83 0.500000
55 84 0.500000
55 85 0.500000
55 86 0.500000
55 87 0.500000
55 88 0.500000
55 89 0.500000
55 92 0.500000
55 93 0.500000
55 94 0.500000
55 95 0.500000
55 97 0.500000
55 98 0.500000
55 100 0.500000
55 101 0.500000
55 102 0.500000
55 104 0.500000
55 105 0.500000
55 106 0.500000
55 108 0.500000
55 109 0.500000
55 110 0.500000
55 111 0.500000
55 112 0.500000
55 113 0.500000
55 114 0.500000
55 115 0.500000
55 116 0.500000
55 119 0.500000
55 120 0.500000
56 57 0.500000
56 60 0.500000
56 61 0.500000
56 62 0.500000
56 68 0.500000
56 69 0.500000
56 70 0.500000
56 72 0.500000
56 74 0.500000
56 75 0.500000
56 76 0.500000
56 77 0.500000
56 78 0.500000
56 79 0.500000
56 81 0.500000
56 82 0.500000
56 83 0.500000
56 86 0.500000
56 87 0.500000
56 88 0.500000
56 89 0.500000
56 90 0.500000
56 91 0.500000
56 92 0.500000
56 93 0.500000
56 94 0.500000
56 95 0.500000
56 96 0.500000
56 97 0.500000
56 99 0.500000
56 101 0.500000
56 102 0.500000
56 103 0.500000
56 104 0.500000
56 105 0.500000
56 106 0.500000
56 108 0.500000
56 110 0.500000
56 111 0.500000
56 112 0.500000
56 113 0.500000
56 114 0.500000
56 116 0.500000
56 117 0.500000
56 118 0.500000
56 119 0.500000
57 59 0.500000
57 60 0.500000
57 61 0.500000
57 63 0.500000
57 65 0.500000
57 68 0.500000
57 70 0.500000
57 71 0.500000
57 72 0.500000
57 73 0.500000
57 74 0.500000
57 75 0.500000
57 76 0.500000
57 77 0.500000
57 78 0.500000
57 79 0.500000
57 80 0.500000
57 81 0.500000
57 82 0.500000
57 83 0.500000
57 84 0.500000
57 85 0.500000
57 86 0.500000
57 87 0.500000
57 88 0.500000
57 89 0.500000
57 90 0.500000
57 91 0.500000
57 93 0.500000
57 94 0.500000
57 96 0.500000
57 97 0.500000
57 98 0.500000
57 99 0.500000
57 100 0.500000
57 101 0.500000
57 102 0.500000
57 103 0.500000
57 104 0.500000
57 106 0.500000
57 107 0.500000
57 108 0.500000
57 109 0.500000
57 110 0.500000
57 113 0.500000
57 114 0.500000
57 115 0.500000
57 116 0.500000
57 117 0.500000
57 118 0.500000
57 119 0.500000
57 120 0.500000
58 59 0.500000
58 60 0.500000
58 62 0.500000
58 63 0.500000
58 65 0.500000
58 66 0.500000
58 67 0.500000
58 68 0.500000
58 69 0.500000
58 70 0.500000
58 71 0.500000
58 72 0.500000
58 73 0.500000
58 74 0.500000
58 76 0.500000
58 77 0.500000
58 78 0.500000
58 79 0.500000
58 81 0.500000
58 82 0.500000
58 83 0.500000
58 84 0.500000
58 85 0.500000
58 87 0.500000
58 88 0.500000
58 89 0.500000
58 90 0.500000
58 91 0.500000
58 92 0.500000
58 95 0.500000
58 96 0.500000
58 97 0.500000
58 99 0.500000
58 100 0.500000
58 102 0.500000
58 103 0.500000
58 104 0.500000
58 105 0.500000
58 106 0.500000
58 109 0.500000
58 110 0.500000
58 111 0.500000
58 112 0.500000
58 114 0.500000
58 115 0.500000
58 117 0.500000
58 118 0.500000
58 119 0.500000
58 120 0.500000
59 61 0.500000
59 62 0.500000
59 63 0.500000
59 65 0.500000
59 67 0.500000
59 68 0.500000
59 69 0.500000
59 70 0.500000
59 71 0.500000
59 72 0.500000
59 73 0.500000
59 74 0.500000
59 77 0.500000
59 78 0.500000
59 79 0.500000
59 81 0.500000
59 82 0.500000
59 83 0.500000
59 85 0.500000
59 87 0.500000
59 88 0.500000
59 89 0.500000
59 90 0.500000
59 91 0.500000
59 92 0.500000
59 93 0.500000
59 94 0.500000
59 95 0.500000
59 98 0.500000
59 99 0.500000
59 100 0.500000
59 101 0.500000
59 102 0.500000
59 103 0.500000
59 104 0.500000
59 105 0.500000
59 107 0.500000
59 108 0.500000
59 110 0.500000
59 111 0.500000
59 113 0.500000
59 116 0.500000
59 117 0.500000
59 119 0.500000
59 120 0.500000
60 61 0.500000
60 64 0.500000
60 65 0.500000
60 66 0.500000
60 68 0.500000
60 72 0.500000
60 74 0.500000
60 75 0.500000
60 76 0.500000
60 77 0.500000
60 79 0.500000
60 81 0.500000
60 82 0.500000
60 83 0.500000
60 84 0.500000
60 85 0.500000
60 86 0.500000
60 87 0.500000
60 88 0.500000
60 89 0.500000
60 90 0.500000
60 91 0.500000
60 92 0.500000
60 95 0.500000
60 96 0.500000
60 98 0.500000
60 99 0.500000
60 101 0.500000
60 102 0.500000
60 103 0.500000
60 104 0.500000
60 105 0.500000
60 108 0.500000
60 109 0.500000
60 110 0.500000
60 111 0.500000
60 112 0.500000
60 113 0.500000
60 114 0.500000
60 115 0.500000
60 116 0.500000
60 118 0.500000
60 119 0.500000
60 120 0.500000
61 64 0.500000
61 65 0.500000
61 68 0.500000
61 69 0.500000
61 70 0.500000
61 72 0.500000
61 73 0.500000
61 74 0.500000
61 76 0.500000
61 78 0.500000
61 79 0.500000
61 80 0.500000
61 82 0.500000
61 84 0.500000
61 86 0.500000
61 87 0.500000
61 88 0.500000
61 89 0.500000
61 90 0.500000
61 91 0.500000
61 92 0.500000
61 93 0.500000
61 94 0.500000
61 95 0.500000
61 96 0.500000
61 98 0.500000
61 100 0.500000
61 101 0.500000
61 104 0.500000
61 105 0.500000
61 106 0.500000
61 107 0.500000
61 108 0.500000
61 109 0.500000
61 110 0.500000
61 111 0.500000
61 117 0.500000
61 119 0.500000
62 63 0.500000
62 64 0.500000
62 65 0.500000
62 66 0.500000
62 68 0.500000
62 70 0.500000
62 71 0.500000
62 72 0.500000
62 75 0.500000
62 76 0.500000
62 78 0.500000
62 79 0.500000
62 81 0.500000
62 83 0.500000
62 84 0.500000
62 86 0.500000
62 87 0.500000
62 88 0.500000
62 89 0.500000
62 90 0.500000
62 92 0.500000
62 93 0.500000
62 94 0.500000
62 95 0.500000
62 96 0.500000
62 98 0.500000
62 99 0.500000
62 100 0.500000
62 101 0.500000
62 102 0.500000
62 103 0.500000
62 105 0.500000
62 106 0.500000
62 107 0.500000
62 108 0.500000
62 109 0.500000
62 111 0.500000
62 114 0.500000
62 115 0.500000
62 116 0.500000
62 117 0.500000
62 118 0.500000
62 119 0.500000
63 65 0.500000
63 66 0.500000
63 67 0.500000
63 68 0.500000
63 69 0.500000
63 70 0.500000
63 71 0.500000
63 72 0.500000
63 73 0.500000
63 74 0.500000
63 76 0.500000
63 78 0.500000
63 79 0.500000
63 81 0.500000
63 82 0.500000
63 83 0.500000
63 84 0.500000
63 87 0.500000
63 89 0.500000
63 90 0.500000
63 91 0.500000
63 93 0.500000
63 95 0.500000
63 97 0.500000
63 98 0.500000
63 100 0.500000
63 103 0.500000
63 104 0.500000
63 105 0.500000
63 107 0.500000
63 108 0.500000
63 109 0.500000
63 110 0.500000
63 111 0.500000
63 112 0.500000
63 113 0.500000
63 115 0.500000
63 116 0.500000
63 117 0.500000
63 118 0.500000
63 119 0.500000
63 120 0.500000
64 65 0.500000
64 66 0.500000
64 67 0.500000
64 68 0.500000
64 69 0.500000
64 70 0.500000
64 71 0.500000
64 73 0.500000
64 74 0.500000
64 75 0.500000
64 76 0.500000
64 77 0.500000
64 78 0.500000
64 81 0.500000
64 82 0.500000
64 83 0.500000
64 84 0.500000
64 86 0.500000
64 87 0.500000
64 88 0.500000
64 89 0.500000
64 90 0.500000
64 91 0.500000
64 92 0.500000
64 93 0.500000
64 94 0.500000
64 95 0.500000
64 96 0.500000
64 98 0.500000
64 99 0.500000
64 101 0.500000
64 102 0.500000
64 103 0.500000
64 105 0.500000
64 106 0.500000
64 107 0.500000
64 108 0.500000
64 109 0.500000
64 110 0.500000
64 112 0.500000
64 113 0.500000
64 114 0.500000
64 116 0.500000
64 117 0.500000
64 118 0.500000
64 119 0.500000
64 120 0.500000
65 66 0.500000
65 67 0.500000
65 68 0.500000
65 69 0.500000
65 71 0.500000
65 72 0.500000
65 73 0.500000
65 74 0.500000
65 75 0.500000
65 76 0.500000
65 77 0.500000
65 78 0.500000
65 79 0.500000
65 82 0.500000
65 83 0.500000
65 84 0.500000
65 85 0.500000
65 86 0.500000
65 87 0.500000
65 88 0.500000
65 90 0.500000
65 91 0.500000
65 92 0.500000
65 93 0.500000
65 94 0.500000
65 95 0.500000
65 96 0.500000
65 97 0.500000
65 99 0.500000
65 100 0.500000
65 102 0.500000
65 103 0.500000
65 104 0.500000
65 105 0.500000
65 106 0.500000
65 107 0.500000
65 108 0.500000
65 110 0.500000
65 111 0.500000
65 112 0.500000
65 115 0.500000
65 116 0.500000
65 117 0.500000
65 118 0.500000
65 120 0.500000
66 68 0.500000
66 71 0.500000
66 73 0.500000
66 74 0.500000
66 75 0.500000
66 76 0.500000
66 77 0.500000
66 78 0.500000
66 79 0.500000
66 80 0.500000
66 83 0.500000
66 84 0.500000
66 85 0.500000
66 87 0.500000
66 88 0.500000
66 89 0.500000
66 90 0.500000
66 91 0.500000
66 93 0.500000
66 95 0.500000
66 96 0.500000
66 101 0.500000
66 102 0.500000
66 103 0.500000
66 104 0.500000
66 105 0.500000
66 106 0.500000
66 107 0.500000
66 108 0.500000
66 109 0.500000
66 110 0.500000
66 111 0.500000
66 112 0.500000
66 114 0.500000
66 115 0.500000
66 118 0.500000
66 120 0.500000
67 68 0.500000
67 70 0.500000
67 71 0.500000
67 72 0.500000
67 74 0.500000
67 76 0.500000
67 77 0.500000
67 78 0.500000
67 79 0.500000
67 80 0.500000
67 81 0.500000
67 82 0.500000
67 83 0.500000
67 86 0.500000
67 88 0.500000
67 89 0.500000
67 91 0.500000
67 93 0.500000
67 94 0.500000
67 98 0.500000
67 99 0.500000
67 102 0.500000
67 103 0.500000
67 104 0.500000
67 105 0.500000
67 107 0.500000
67 108 0.500000
67 109 0.500000
67 110 0.500000
67 111 0.500000
67 112 0.500000
67 113 0.500000
67 114 0.500000
67 115 0.500000
67 119 0.500000
67 120 0.500000
68 69 0.500000
68 70 0.500000
68 73 0.500000
68 74 0.500000
68 75 0.500000
68 76 0.500000
68 77 0.500000
68 78 0.500000
68 79 0.500000
68 80 0.500000
68 81 0.500000
68 84 0.500000
68 85 0.500000
68 87 0.500000
68 88 0.500000
68 90 0.500000
68 91 0.500000
68 92 0.500000
68 93 0.500000
68 94 0.500000
68 96 0.500000
68 97 0.500000
68 98 0.500000
68 99 0.500000
68 100 0.500000
68 103 0.500000
68 104 0.500000
68 105 0.500000
68 108 0.500000
68 110 0.500000
68 111 0.500000
68 112 0.500000
68 114 0.500000
68 115 0.500000
68 116 0.500000
68 117 0.500000
68 118 0.500000
68 119 0.500000
69 70 0.500000
69 71 0.500000
69 73 0.500000
69 74 0.500000
69 76 0.500000
69 77 0.500000
69 78 0.500000
69 80 0.500000
69 81 0.500000
69 82 0.500000
69 83 0.500000
69 84 0.500000
69 85 0.500000
69 86 0.500000
69 87 0.500000
69 88 0.500000
69 89 0.500000
69 90 0.500000
69 91 0.500000
69 92 0.500000
69 94 0.500000
69 95 0.500000
69 97 0.500000
69 100 0.500000
69 101 0.500000
69 103 0.500000
69 104 0.500000
69 106 0.500000
69 107 0.500000
69 110 0.500000
69 111 0.500000
69 113 0.500000
69 114 0.500000
69 115 0.500000
69 116 0.500000
69 117 0.500000
69 119 0.500000
69 120 0.500000
70 71 0.500000
70 72 0.500000
70 73 0.500000
70 76 0.500000
70 78 0.500000
70 79 0.500000
70 80 0.500000
70 81 0.500000
70 82 0.500000
70 84 0.500000
70 85 0.500000
70 86 0.500000
70 87 0.500000
70 91 0.500000
70 92 0.500000
70 93 0.500000
70 95 0.500000
70 96 0.500000
70 97 0.500000
70 98 0.500000
70 99 0.500000
70 102 0.500000
70 104 0.500000
70 105 0.500000
70 106 0.500000
70 107 0.500000
70 109 0.500000
70 110 0.500000
70 112 0.500000
70 113 0.500000
70 114 0.500000
70 115 0.500000
70 116 0.500000
70 117 0.500000
70 118 0.500000
70 119 0.500000
70 120 0.500000
71 73 0.500000
71 74 0.500000
71 76 0.500000
71 78 0.500000
71 79 0.500000
71 80 0.500000
71 81 0.500000
71 82 0.500000
71 84 0.500000
71 85 0.500000
71 86 0.500000
71 87 0.500000
71 88 0.500000
71 90 0.500000
71 91 0.500000
71 92 0.500000
71 93 0.500000
71 94 0.500000
71 95 0.500000
71 96 0.500000
71 97 0.500000
71 98 0.500000
71 99 0.500000
71 100 0.500000
71 101 0.500000
71 102 0.500000
71 103 0.500000
71 104 0.500000
71 107 0.500000
71 108 0.500000
71 110 0.500000
71 112 0.500000
71 113 0.500000
71 114 0.500000
71 115 0.500000
71 116 0.500000
71 118 0.500000
71 119 0.500000
71 120 0.500000
72 73 0.500000
72 74 0.500000
72 77 0.500000
72 79 0.500000
72 80 0.500000
72 82 0.500000
72 83 0.500000
72 84 0.500000
72 85 0.500000
72 86 0.500000
72 88 0.500000
72 89 0.500000
72 90 0.500000
72 94 0.500000
72 95 0.500000
72 96 0.500000
72 98 0.500000
72 99 0.500000
72 100 0.500000
72 101 0.500000
72 102 0.500000
72 103 0.500000
72 104 0.500000
72 105 0.500000
72 106 0.500000
72 108 0.500000
72 109 0.500000
72 112 0.500000
72 113 0.500000
72 116 0.500000
72 117 0.500000
72 118 0.500000
72 120 0.500000
73 74 0.500000
73 75 0.500000
73 76 0.500000
73 77 0.500000
73 78 0.500000
73 81 0.500000
73 82 0.500000
73 83 0.500000
73 84 0.500000
73 85 0.500000
73 86 0.500000
73 87 0.500000
73 89 0.500000
73 91 0.500000
73 92 0.500000
73 93 0.500000
73 95 0.500000
73 97 0.500000
73 98 0.500000
73 100 0.500000
73 101 0.500000
73 102 0.500000
73 104 0.500000
73 105 0.500000
73 106 0.500000
73 107 0.500000
73 108 0.500000
73 109 0.500000
73 110 0.500000
73 112 0.500000
73 113 0.500000
73 114 0.500000
73 115 0.500000
73 116 0.500000
73 117 0.500000
73 118 0.500000
73 119 0.500000
74 75 0.500000
74 76 0.500000
74 77 0.500000
74 80 0.500000
74 81 0.500000
74 82 0.500000
74 84 0.500000
74 85 0.500000
74 86 0.500000
74 88 0.500000
74 89 0.500000
74 90 0.500000
74 91 0.500000
74 92 0.500000
74 93 0.500000
74 94 0.500000
74 96 0.500000
74 98 0.500000
74 100 0.500000
74 101 0.500000
74 102 0.500000
74 103 0.500000
74 105 0.500000
74 106 0.500000
74 107 0.500000
74 108 0.500000
74 110 0.500000
74 111 0.500000
74 112 0.500000
74 113 0.500000
74 114 0.500000
74 115 0.500000
74 116 0.500000
74 117 0.500000
74 118 0.500000
74 119 0.500000
74 120 0.500000
75 76 0.500000
75 77 0.500000
75 78 0.500000
75 80 0.500000
75 82 0.500000
75 83 0.500000
75 84 0.500000
75 86 0.500000
75 88 0.500000
75 89 0.500000
75 90 0.500000
75 93 0.500000
75 94 0.500000
75 97 0.500000
75 98 0.500000
75 99 0.500000
75 101 0.500000
75 102 0.500000
75 103 0.500000
75 105 0.500000
75 106 0.500000
75 107 0.500000
75 108 0.500000
75 109 0.500000
75 111 0.500000
75 112 0.500000
75 113 0.500000
75 114 0.500000
75 116 0.500000
75 117 0.500000
75 118 0.500000
75 119 0.500000
76 77 0.500000
76 78 0.500000
76 79 0.500000
76 81 0.500000
76 82 0.500000
76 83 0.500000
76 84 0.500000
76 85 0.500000
76 86 0.500000
76 87 0.500000
76 89 0.500000
76 90 0.500000
76 91 0.500000
76 92 0.500000
76 93 0.500000
76 96 0.500000
76 97 0.500000
76 98 0.500000
76 99 0.500000
76 101 0.500000
76 103 0.500000
76 104 0.500000
76 105 0.500000
76 106 0.500000
76 107 0.500000
76 110 0.500000
76 111 0.500000
76 112 0.500000
76 114 0.500000
76 115 0.500000
76 116 0.500000
76 117 0.500000
76 118 0.500000
76 119 0.500000
76 120 0.500000
77 78 0.500000
77 80 0.500000
77 81 0.500000
77 82 0.500000
77 83 0.500000
77 84 0.500000
77 85 0.500000
77 86 0.500000
77 87 0.500000
77 88 0.500000
77 89 0.500000
77 90 0.500000
77 92 0.500000
77 94 0.500000
77 95 0.500000
77 96 0.500000
77 97 0.500000
77 98 0.500000
77 99 0.500000
77 100 0.500000
77 101 0.500000
77 102 0.500000
77 104 0.500000
77 106 0.500000
77 108 0.500000
77 109 0.500000
77 110 0.500000
77 112 0.500000
77 113 0.500000
77 114 0.500000
77 115 0.500000
77 116 0.500000
77 117 0.500000
77 119 0.500000
77 120 0.500000
78 80 0.500000
78 81 0.500000
78 82 0.500000
78 83 0.500000
78 84 0.500000
78 88 0.500000
78 89 0.500000
78 90 0.500000
78 92 0.500000
78 94 0.500000
78 95 0.500000
78 96 0.500000
78 97 0.500000
78 98 0.500000
78 100 0.500000
78 102 0.500000
78 104 0.500000
78 105 0.500000
78 108 0.500000
78 109 0.500000
78 111 0.500000
78 112 0.500000
78 113 0.500000
78 114 0.500000
78 115 0.500000
78 116 0.500000
78 118 0.500000
78 119 0.500000
78 120 0.500000
79 80 0.500000
79 82 0.500000
79 83 0.500000
79 85 0.500000
79 87 0.500000
79 89 0.500000
79 90 0.500000
79 92 0.500000
79 93 0.500000
79 94 0.500000
79 95 0.500000
79 96 0.500000
79 97 0.500000
79 99 0.500000
79 100 0.500000
79 101 0.500000
79 103 0.500000
79 105 0.500000
79 107 0.500000
79 108 0.500000
79 110 0.500000
79 111 0.500000
79 112 0.500000
79 114 0.500000
79 115 0.500000
79 117 0.500000
79 118 0.500000
79 119 0.500000
80 81 0.500000
80 82 0.500000
80 84 0.500000
80 85 0.500000
80 86 0.500000
80 87 0.500000
80 88 0.500000
80 90 0.500000
80 91 0.500000
80 93 0.500000
80 94 0.500000
80 95 0.500000
80 97 0.500000
80 98 0.500000
80 99 0.500000
80 102 0.500000
80 103 0.500000
80 104 0.500000
80 105 0.500000
80 106 0.500000
80 107 0.500000
80 108 0.500000
80 109 0.500000
80 110 0.500000
80 112 0.500000
80 113 0.500000
80 114 0.500000
80 115 0.500000
80 116 0.500000
80 117 0.500000
80 118 0.500000
80 119 0.500000
80 120 0.500000
81 82 0.500000
81 84 0.500000
81 85 0.500000
81 86 0.500000
81 88 0.500000
81 90 0.500000
81 92 0.500000
81 93 0.500000
81 94 0.500000
81 95 0.500000
81 96 0.500000
81 97 0.500000
81 98 0.500000
81 100 0.500000
81 101 0.500000
81 102 0.500000
81 104 0.500000
81 106 0.500000
81 107 0.500000
81 108 0.500000
81 109 0.500000
81 110 0.500000
81 111 0.500000
81 112 0.500000
81 113 0.500000
81 114 0.500000
81 115 0.500000
81 116 0.500000
81 117 0.500000
81 118 0.500000
81 119 0.500000
81 120 0.500000
82 83 0.500000
82 85 0.500000
82 86 0.500000
82 87 0.500000
82 88 0.500000
82 89 0.500000
82 90 0.500000
82 91 0.500000
82 92 0.500000
82 93 0.500000
82 95 0.500000
82 97 0.500000
82 98 0.500000
82 99 0.500000
82 100 0.500000
82 102 0.500000
82 104 0.500000
82 105 0.500000
82 107 0.500000
82 110 0.500000
82 111 0.500000
82 112 0.500000
82 113 0.500000
82 117 0.500000
82 119 0.500000
82 120 0.500000
83 84 0.500000
83 85 0.500000
83 87 0.500000
83 90 0.500000
83 91 0.500000
83 94 0.500000
83 95 0.500000
83 96 0.500000
83 97 0.500000
83 98 0.500000
83 99 0.500000
83 100 0.500000
83 101 0.500000
83 102 0.500000
83 103 0.500000
83 104 0.500000
83 105 0.500000
83 106 0.500000
83 107 0.500000
83 108 0.500000
83 110 0.500000
83 111 0.500000
83 112 0.500000
83 113 0.500000
83 114 0.500000
83 115 0.500000
83 116 0.500000
83 118 0.500000
84 85 0.500000
84 86 0.500000
84 87 0.500000
84 88 0.500000
84 90 0.500000
84 91 0.500000
84 92 0.500000
84 94 0.500000
84 97 0.500000
84 99 0.500000
84 100 0.500000
84 101 0.500000
84 104 0.500000
84 105 0.500000
84 106 0.500000
84 107 0.500000
84 108 0.500000
84 109 0.500000
84 110 0.500000
84 111 0.500000
84 112 0.500000
84 113 0.500000
84 114 0.500000
84 115 0.500000
84 116 0.500000
84 117 0.500000
84 118 0.500000
84 119 0.500000
85 86 0.500000
85 87 0.500000
85 88 0.500000
85 89 0.500000
85 91 0.500000
85 92 0.500000
85 93 0.500000
85 94 0.500000
85 95 0.500000
85 96 0.500000
85 98 0.500000
85 99 0.500000
85 100 0.500000
85 101 0.500000
85 102 0.500000
85 103 0.500000
85 104 0.500000
85 105 0.500000
85 106 0.500000
85 108 0.500000
85 110 0.500000
85 111 0.500000
85 112 0.500000
85 115 0.500000
85 117 0.500000
85 118 0.500000
85 119 0.500000
85 120 0.500000
86 87 0.500000
86 88 0.500000
86 89 0.500000
86 90 0.500000
86 91 0.500000
86 92 0.500000
86 93 0.500000
86 94 0.500000
86 95 0.500000
86 96 0.500000
86 97 0.500000
86 98 0.500000
86 99 0.500000
86 100 0.500000
86 101 0.500000
86 102 0.500000
86 103 0.500000
86 105 0.500000
86 106 0.500000
86 107 0.500000
86 108 0.500000
86 109 0.500000
86 110 0.500000
86 112 0.500000
86 113 0.500000
86 114 0.500000
86 115 0.500000
86 116 0.500000
86 117 0.500000
86 119 0.500000
87 88 0.500000
87 90 0.500000
87 91 0.500000
87 92 0.500000
87 93 0.500000
87 94 0.500000
87 95 0.500000
87 96 0.500000
87 97 0.500000
87 100 0.500000
87 102 0.500000
87 104 0.500000
87 105 0.500000
87 106 0.500000
87 107 0.500000
87 109 0.500000
87 113 0.500000
87 114 0.500000
87 115 0.500000
87 116 0.500000
87 119 0.500000
87 120 0.500000
88 90 0.500000
88 91 0.500000
88 92 0.500000
88 93 0.500000
88 94 0.500000
88 95 0.500000
88 96 0.500000
88 97 0.500000
88 98 0.500000
88 101 0.500000
88 102 0.500000
88 103 0.500000
88 104 0.500000
88 105 0.500000
88 106 0.500000
88 107 0.500000
88 108 0.500000
88 109 0.500000
88 110 0.500000
88 111 0.500000
88 112 0.500000
88 113 0.500000
88 114 0.500000
88 116 0.500000
88 117 0.500000
88 118 0.500000
88 119 0.500000
88 120 0.500000
89 90 0.500000
89 91 0.500000
89 92 0.500000
89 94 0.500000
89 95 0.500000
89 96 0.500000
89 98 0.500000
89 99 0.500000
89 100 0.500000
89 101 0.500000
89 102 0.500000
89 103 0.500000
89 104 0.500000
89 105 0.500000
89 107 0.500000
89 108 0.500000
89 109 0.500000
89 111 0.500000
89 112 0.500000
89 113 0.500000
89 115 0.500000
89 117 0.500000
89 118 0.500000
89 119 0.500000
89 120 0.500000
90 91 0.500000
90 93 0.500000
90 94 0.500000
90 95 0.500000
90 96 0.500000
90 97 0.500000
90 98 0.500000
90 100 0.500000
90 101 0.500000
90 104 0.500000
90 106 0.500000
90 107 0.500000
90 108 0.500000
90 109 0.500000
90 111 0.500000
90 113 0.500000
90 114 0.500000
90 116 0.500000
90 118 0.500000
90 119 0.500000
90 120 0.500000
91 92 0.500000
91 93 0.500000
91 95 0.500000
91 96 0.500000
91 98 0.500000
91 99 0.500000
91 100 0.500000
91 101 0.500000
91 104 0.500000
91 108 0.500000
91 110 0.500000
91 112 0.500000
91 114 0.500000
91 115 0.500000
91 117 0.500000
91 118 0.500000
91 119 0.500000
91 120 0.500000
92 93 0.500000
92 94 0.500000
92 95 0.500000
92 96 0.500000
92 97 0.500000
92 98 0.500000
92 100 0.500000
92 101 0.500000
92 102 0.500000
92 103 0.500000
92 104 0.500000
92 107 0.500000
92 110 0.500000
92 111 0.500000
92 112 0.500000
92 113 0.500000
92 114 0.500000
92 115 0.500000
92 116 0.500000
92 117 0.500000
92 118 0.500000
92 120 0.500000
93 94 0.500000
93 95 0.500000
93 96 0.500000
93 97 0.500000
93 98 0.500000
93 100 0.500000
93 101 0.500000
93 102 0.500000
93 103 0.500000
93 104 0.500000
93 105 0.500000
93 106 0.500000
93 107 0.500000
93 109 0.500000
93 110 0.500000
93 111 0.500000
93 112 0.500000
93 113 0.500000
93 114 0.500000
93 115 0.500000
93 116 0.500000
93 117 0.500000
93 118 0.500000
93 120 0.500000
94 96 0.500000
94 98 0.500000
94 99 0.500000
94 100 0.500000
94 101 0.500000
94 102 0.500000
94 103 0.500000
94 104 0.500000
94 105 0.500000
94 106 0.500000
94 107 0.500000
94 109 0.500000
94 110 0.500000
94 111 0.500000
94 113 0.500000
94 114 0.500000
94 116 0.500000
94 117 0.500000
94 118 0.500000
94 119 0.500000
94 120 0.500000
95 96 0.500000
95 97 0.500000
95 98 0.500000
95 99 0.500000
95 100 0.500000
95 101 0.500000
95 103 0.500000
95 107 0.500000
95 108 0.500000
95 109 0.500000
95 112 0.500000
95 113 0.500000
95 115 0.500000
95 117 0.500000
95 118 0.500000
95 119 0.500000
95 120 0.500000
96 99 0.500000
96 100 0.500000
96 103 0.500000
96 106 0.500000
96 109 0.500000
96 111 0.500000
96 113 0.500000
96 114 0.500000
96 116 0.500000
96 117 0.500000
96 120 0.500000
97 98 0.500000
97 100 0.500000
97 101 0.500000
97 102 0.500000
97 104 0.500000
97 107 0.500000
97 108 0.500000
97 110 0.500000
97 111 0.500000
97 112 0.500000
97 113 0.500000
97 114 0.500000
97 115 0.500000
97 116 0.500000
97 117 0.500000
97 118 0.500000
98 99 0.500000
98 100 0.500000
98 101 0.500000
98 103 0.500000
98 104 0.500000
98 106 0.500000
98 107 0.500000
98 108 0.500000
98 109 0.500000
98 111 0.500000
98 112 0.500000
98 115 0.500000
98 119 0.500000
98 120 0.500000
99 100 0.500000
99 101 0.500000
99 103 0.500000
99 105 0.500000
99 107 0.500000
99 108 0.500000
99 110 0.500000
99 111 0.500000
99 112 0.500000
99 113 0.500000
99 114 0.500000
99 115 0.500000
99 116 0.500000
99 119 0.500000
99 120 0.500000
100 101 0.500000
100 102 0.500000
100 103 0.500000
100 104 0.500000
100 105 0.500000
100 109 0.500000
100 110 0.500000
100 112 0.500000
100 113 0.500000
100 114 0.500000
100 116 0.500000
100 117 0.500000
100 118 0.500000
100 119 0.500000
100 120 0.500000
101 102 0.500000
101 103 0.500000
101 106 0.500000
101 108 0.500000
101 109 0.500000
101 110 0.500000
101 111 0.500000
101 112 0.500000
101 115 0.500000
101 120 0.500000
102 104 0.500000
102 105 0.500000
102 106 0.500000
102 107 0.500000
102 108 0.500000
102 109 0.500000
102 110 0.500000
102 112 0.500000
102 113 0.500000
102 115 0.500000
102 116 0.500000
102 117 0.500000
102 118 0.500000
102 119 0.500000
102 120 0.500000
103 104 0.500000
103 105 0.500000
103 106 0.500000
103 108 0.500000
103 109 0.500000
103 110 0.500000
103 117 0.500000
103 118 0.500000
103 119 0.500000
103 120 0.500000
104 105 0.500000
104 106 0.500000
104 107 0.500000
104 108 0.500000
104 109 0.500000
104 110 0.500000
104 113 0.500000
104 114 0.500000
104 116 0.500000
104 117 0.500000
104 118 0.500000
104 119 0.500000
105 106 0.500000
105 107 0.500000
105 108 0.500000
105 112 0.500000
105 113 0.500000
105 114 0.500000
105 115 0.500000
105 116 0.500000
105 119 0.500000
105 120 0.500000
106 107 0.500000
106 108 0.500000
106 111 0.500000
106 113 0.500000
106 114 0.500000
106 117 0.500000
106 118 0.500000
106 119 0.500000
106 120 0.500000
107 108 0.500000
107 111 0.500000
107 112 0.500000
107 113 0.500000
107 115 0.500000
107 116 0.500000
107 117 0.500000
107 118 0.500000
107 119 0.500000
107 120 0.500000
108 109 0.500000
108 110 0.500000
108 111 0.500000
108 113 0.500000
108 115 0.500000
108 116 0.500000
108 117 0.500000
108 118 0.500000
108 119 0.500000
108 120 0.500000
109 110 0.500000
109 112 0.500000
109 114 0.500000
109 115 0.500000
109 117 0.500000
109 118 0.500000
109 119 0.500000
109 120 0.500000
110 111 0.500000
110 112 0.500000
110 113 0.500000
110 114 0.500000
110 115 0.500000
110 117 0.500000
110 118 0.500000
110 120 0.500000
111 112 0.500000
111 113 0.500000
111 114 0.500000
111 115 0.500000
111 117 0.500000
111 118 0.500000
111 119 0.500000
111 120 0.500000
112 113 0.500000
112 116 0.500000
112 117 0.500000
112 118 0.500000
112 120 0.500000
113 114 0.500000
113 115 0.500000
113 116 0.500000
113 117 0.500000
113 119 0.500000
113 120 0.500000
114 115 0.500000
114 116 0.500000
114 117 0.500000
114 118 0.500000
114 119 0.500000
114 120 0.500000
115 116 0.500000
115 117 0.500000
115 119 0.500000
115 120 0.500000
116 117 0.500000
116 118 0.500000
116 119 0.500000
116 120 0.500000
117 120 0.500000
118 119 0.500000
