120 30 3570
1 3 0.500000
1 4 0.500000
1 5 0.500000
1 11 0.500000
1 12 0.500000
1 14 0.500000
1 15 0.500000
1 17 0.500000
1 19 0.500000
1 21 0.500000
1 22 0.500000
1 23 0.500000
1 28 0.500000
1 29 0.500000
1 31 0.500000
1 32 0.500000
1 33 0.500000
1 34 0.500000
1 35 0.500000
1 39 0.500000
1 41 0.500000
1 42 0.500000
1 43 0.500000
1 45 0.500000
1 49 0.500000
1 50 0.500000
1 51 0.500000
1 52 0.500000
1 53 0.500000
1 57 0.500000
1 59 0.500000
1 62 0.500000
1 63 0.500000
1 64 0.500000
1 65 0.500000
1 67 0.500000
1 68 0.500000
1 72 0.500000
1 73 0.500000
1 75 0.500000
1 76 0.500000
1 79 0.500000
1 81 0.500000
1 82 0.500000
1 83 0.500000
1 84 0.500000
1 91 0.500000
1 92 0.500000
1 94 0.500000
1 95 0.500000
1 96 0.500000
1 98 0.500000
1 99 0.500000
1 100 0.500000
1 102 0.500000
1 103 0.500000
1 106 0.500000
1 107 0.500000
1 108 0.500000
1 109 0.500000
1 110 0.500000
1 112 0.500000
1 113 0.500000
1 114 0.500000
1 119 0.500000
1 120 0.500000
2 3 0.500000
2 4 0.500000
2 7 0.500000
2 8 0.500000
2 9 0.500000
2 13 0.500000
2 14 0.500000
2 16 0.500000
2 17 0.500000
2 18 0.500000
2 19 0.500000
2 21 0.500000
2 22 0.500000
2 23 0.500000
2 26 0.500000
2 28 0.500000
2 29 0.500000
2 30 0.500000
2 31 0.500000
2 35 0.500000
2 36 0.500000
2 41 0.500000
2 44 0.500000
2 45 0.500000
2 46 0.500000
2 54 0.500000
2 55 0.500000
2 58 0.500000
2 62 0.500000
2 64 0.500000
2 66 0.500000
2 69 0.500000
2 71 0.500000
2 76 0.500000
2 77 0.500000
2 79 0.500000
2 80 0.500000
2 81 0.500000
2 82 0.500000
2 83 0.500000
2 84 0.500000
2 86 0.500000
2 87 0.500000
2 89 0.500000
2 92 0.500000
2 94 0.500000
2 95 0.500000
2 97 0.500000
2 98 0.500000
2 100 0.500000
2 101 0.500000
2 103 0.500000
2 104 0.500000
2 105 0.500000
2 106 0.500000
2 107 0.500000
2 109 0.500000
2 111 0.500000
2 114 0.500000
2 119 0.500000
3 5 0.500000
3 7 0.500000
3 8 0.500000
3 9 0.500000
3 12 0.500000
3 13 0.500000
3 15 0.500000
3 16 0.500000
3 17 0.500000
3 19 0.500000
3 21 0.500000
3 24 0.500000
3 26 0.500000
3 27 0.500000
3 29 0.500000
3 33 0.500000
3 34 0.500000
3 36 0.500000
3 37 0.500000
3 38 0.500000
3 39 0.500000
3 40 0.500000
3 43 0.500000
3 44 0.500000
3 46 0.500000
3 49 0.500000
3 50 0.500000
3 52 0.500000
3 54 0.500000
3 55 0.500000
3 56 0.500000
3 57 0.500000
3 58 0.500000
3 59 0.500000
3 60 0.500000
3 61 0.500000
3 62 0.500000
3 64 0.500000
3 65 0.500000
3 66 0.500000
3 67 0.500000
3 72 0.500000
3 74 0.500000
3 77 0.500000
3 79 0.500000
3 80 0.500000
3 81 0.500000
3 83 0.500000
3 84 0.500000
3 85 0.500000
3 88 0.500000
3 89 0.500000
3 90 0.500000
3 93 0.500000
3 94 0.500000
3 95 0.500000
3 96 0.500000
3 97 0.500000
3 102 0.500000
3 106 0.500000
3 110 0.500000
3 111 0.500000
3 112 0.500000
3 113 0.500000
3 114 0.500000
3 116 0.500000
3 118 0.500000
3 120 0.500000
4 5 0.500000
4 11 0.500000
4 13 0.500000
4 17 0.500000
4 18 0.500000
4 20 0.500000
4 22 0.500000
4 26 0.500000
4 27 0.500000
4 28 0.500000
4 29 0.500000
4 30 0.500000
4 31 0.500000
4 32 0.500000
4 35 0.500000
4 37 0.500000
4 38 0.500000
4 39 0.500000
4 41 0.500000
4 42 0.500000
4 43 0.500000
4 47 0.500000
4 48 0.500000
4 49 0.500000
4 50 0.500000
4 51 0.500000
4 52 0.500000
4 58 0.500000
4 59 0.500000
4 60 0.500000
4 61 0.500000
4 65 0.500000
4 66 0.500000
4 67 0.500000
4 68 0.500000
4 71 0.500000
4 73 0.500000
4 74 0.500000
4 76 0.500000
4 77 0.500000
4 78 0.500000
4 83 0.500000
4 89 0.500000
4 90 0.500000
4 93 0.500000
4 96 0.500000
4 97 0.500000
4 98 0.500000
4 102 0.500000
4 103 0.500000
4 105 0.500000
4 107 0.500000
4 108 0.500000
4 109 0.500000
4 112 0.500000
4 113 0.500000
4 115 0.500000
4 117 0.500000
4 118 0.500000
4 120 0.500000
5 7 0.500000
5 8 0.500000
5 14 0.500000
5 16 0.500000
5 17 0.500000
5 18 0.500000
5 19 0.500000
5 20 0.500000
5 21 0.500000
5 22 0.500000
5 24 0.500000
5 33 0.500000
5 35 0.500000
5 38 0.500000
5 39 0.500000
5 40 0.500000
5 41 0.500000
5 44 0.500000
5 45 0.500000
5 46 0.500000
5 47 0.500000
5 48 0.500000
5 49 0.500000
5 50 0.500000
5 51 0.500000
5 53 0.500000
5 54 0.500000
5 57 0.500000
5 60 0.500000
5 62 0.500000
5 68 0.500000
5 73 0.500000
5 77 0.500000
5 78 0.500000
5 79 0.500000
5 82 0.500000
5 83 0.500000
5 84 0.500000
5 85 0.500000
5 87 0.500000
5 90 0.500000
5 91 0.500000
5 92 0.500000
5 95 0.500000
5 96 0.500000
5 99 0.500000
5 100 0.500000
5 101 0.500000
5 102 0.500000
5 105 0.500000
5 107 0.500000
5 110 0.500000
5 111 0.500000
5 113 0.500000
5 117 0.500000
5 119 0.500000
6 7 0.500000
6 9 0.500000
6 12 0.500000
6 13 0.500000
6 14 0.500000
6 18 0.500000
6 20 0.500000
6 21 0.500000
6 27 0.500000
6 28 0.500000
6 29 0.500000
6 31 0.500000
6 35 0.500000
6 36 0.500000
6 38 0.500000
6 39 0.500000
6 42 0.500000
6 43 0.500000
6 48 0.500000
6 50 0.500000
6 51 0.500000
6 52 0.500000
6 54 0.500000
6 56 0.500000
6 57 0.500000
6 59 0.500000
6 61 0.500000
6 62 0.500000
6 63 0.500000
6 65 0.500000
6 66 0.500000
6 69 0.500000
6 70 0.500000
6 72 0.500000
6 73 0.500000
6 75 0.500000
6 76 0.500000
6 78 0.500000
6 82 0.500000
6 83 0.500000
6 84 0.500000
6 90 0.500000
6 91 0.500000
6 94 0.500000
6 95 0.500000
6 97 0.500000
6 98 0.500000
6 101 0.500000
6 102 0.500000
6 103 0.500000
6 106 0.500000
6 109 0.500000
6 112 0.500000
6 114 0.500000
6 115 0.500000
6 117 0.500000
7 8 0.500000
7 9 0.500000
7 10 0.500000
7 14 0.500000
7 15 0.500000
7 16 0.500000
7 17 0.500000
7 18 0.500000
7 21 0.500000
7 24 0.500000
7 25 0.500000
7 26 0.500000
7 33 0.500000
7 34 0.500000
7 35 0.500000
7 41 0.500000
7 45 0.500000
7 47 0.500000
7 48 0.500000
7 49 0.500000
7 50 0.500000
7 51 0.500000
7 57 0.500000
7 58 0.500000
7 59 0.500000
7 60 0.500000
7 61 0.500000
7 63 0.500000
7 65 0.500000
7 67 0.500000
7 68 0.500000
7 69 0.500000
7 74 0.500000
7 76 0.500000
7 81 0.500000
7 82 0.500000
7 83 0.500000
7 84 0.500000
7 88 0.500000
7 91 0.500000
7 92 0.500000
7 99 0.500000
7 101 0.500000
7 102 0.500000
7 105 0.500000
7 106 0.500000
7 107 0.500000
7 109 0.500000
7 110 0.500000
7 111 0.500000
7 113 0.500000
7 118 0.500000
7 120 0.500000
8 10 0.500000
8 11 0.500000
8 12 0.500000
8 13 0.500000
8 14 0.500000
8 15 0.500000
8 16 0.500000
8 17 0.500000
8 20 0.500000
8 21 0.500000
8 23 0.500000
8 24 0.500000
8 25 0.500000
8 28 0.500000
8 29 0.500000
8 33 0.500000
8 34 0.500000
8 36 0.500000
8 37 0.500000
8 38 0.500000
8 40 0.500000
8 41 0.500000
8 46 0.500000
8 47 0.500000
8 48 0.500000
8 49 0.500000
8 50 0.500000
8 51 0.500000
8 56 0.500000
8 57 0.500000
8 59 0.500000
8 60 0.500000
8 62 0.500000
8 63 0.500000
8 67 0.500000
8 68 0.500000
8 69 0.500000
8 70 0.500000
8 72 0.500000
8 74 0.500000
8 76 0.500000
8 77 0.500000
8 78 0.500000
8 79 0.500000
8 83 0.500000
8 85 0.500000
8 86 0.500000
8 87 0.500000
8 89 0.500000
8 90 0.500000
8 91 0.500000
8 93 0.500000
8 95 0.500000
8 98 0.500000
8 100 0.500000
8 101 0.500000
8 102 0.500000
8 106 0.500000
8 107 0.500000
8 108 0.500000
8 110 0.500000
8 114 0.500000
8 116 0.500000
8 118 0.500000
8 119 0.500000
9 10 0.500000
9 12 0.500000
9 14 0.500000
9 19 0.500000
9 21 0.500000
9 29 0.500000
9 31 0.500000
9 32 0.500000
9 33 0.500000
9 34 0.500000
9 35 0.500000
9 36 0.500000
9 38 0.500000
9 39 0.500000
9 40 0.500000
9 42 0.500000
9 43 0.500000
9 46 0.500000
9 47 0.500000
9 52 0.500000
9 54 0.500000
9 59 0.500000
9 60 0.500000
9 61 0.500000
9 66 0.500000
9 69 0.500000
9 70 0.500000
9 71 0.500000
9 72 0.500000
9 73 0.500000
9 75 0.500000
9 76 0.500000
9 77 0.500000
9 79 0.500000
9 81 0.500000
9 84 0.500000
9 86 0.500000
9 88 0.500000
9 90 0.500000
9 91 0.500000
9 92 0.500000
9 99 0.500000
9 102 0.500000
9 103 0.500000
9 105 0.500000
9 106 0.500000
9 107 0.500000
9 108 0.500000
9 109 0.500000
9 110 0.500000
9 111 0.500000
9 112 0.500000
9 117 0.500000
9 118 0.500000
10 12 0.500000
10 13 0.500000
10 14 0.500000
10 16 0.500000
10 17 0.500000
10 18 0.500000
10 20 0.500000
10 21 0.500000
10 22 0.500000
10 25 0.500000
10 26 0.500000
10 28 0.500000
10 29 0.500000
10 31 0.500000
10 36 0.500000
10 37 0.500000
10 42 0.500000
10 43 0.500000
10 44 0.500000
10 45 0.500000
10 46 0.500000
10 47 0.500000
10 48 0.500000
10 50 0.500000
10 52 0.500000
10 53 0.500000
10 54 0.500000
10 55 0.500000
10 60 0.500000
10 61 0.500000
10 62 0.500000
10 63 0.500000
10 64 0.500000
10 65 0.500000
10 67 0.500000
10 68 0.500000
10 70 0.500000
10 71 0.500000
10 72 0.500000
10 74 0.500000
10 76 0.500000
10 77 0.500000
10 87 0.500000
10 88 0.500000
10 94 0.500000
10 95 0.500000
10 96 0.500000
10 99 0.500000
10 101 0.500000
10 109 0.500000
10 110 0.500000
10 111 0.500000
10 113 0.500000
10 114 0.500000
10 115 0.500000
10 117 0.500000
10 120 0.500000
11 15 0.500000
11 16 0.500000
11 20 0.500000
11 21 0.500000
11 22 0.500000
11 23 0.500000
11 26 0.500000
11 27 0.500000
11 31 0.500000
11 36 0.500000
11 37 0.500000
11 39 0.500000
11 41 0.500000
11 47 0.500000
11 54 0.500000
11 56 0.500000
11 57 0.500000
11 59 0.500000
11 61 0.500000
11 62 0.500000
11 63 0.500000
11 65 0.500000
11 67 0.500000
11 68 0.500000
11 75 0.500000
11 76 0.500000
11 81 0.500000
11 82 0.500000
11 85 0.500000
11 86 0.500000
11 87 0.500000
11 91 0.500000
11 93 0.500000
11 94 0.500000
11 96 0.500000
11 97 0.500000
11 98 0.500000
11 102 0.500000
11 105 0.500000
11 106 0.500000
11 110 0.500000
11 111 0.500000
11 112 0.500000
11 114 0.500000
11 115 0.500000
11 120 0.500000
12 13 0.500000
12 14 0.500000
12 16 0.500000
12 17 0.500000
12 20 0.500000
12 22 0.500000
12 23 0.500000
12 24 0.500000
12 28 0.500000
12 29 0.500000
12 30 0.500000
12 33 0.500000
12 34 0.500000
12 35 0.500000
12 38 0.500000
12 43 0.500000
12 44 0.500000
12 45 0.500000
12 47 0.500000
12 48 0.500000
12 50 0.500000
12 51 0.500000
12 54 0.500000
12 55 0.500000
12 56 0.500000
12 57 0.500000
12 58 0.500000
12 60 0.500000
12 66 0.500000
12 67 0.500000
12 68 0.500000
12 70 0.500000
12 71 0.500000
12 72 0.500000
12 73 0.500000
12 75 0.500000
12 76 0.500000
12 80 0.500000
12 81 0.500000
12 84 0.500000
12 88 0.500000
12 89 0.500000
12 90 0.500000
12 92 0.500000
12 96 0.500000
12 97 0.500000
12 98 0.500000
12 99 0.500000
12 100 0.500000
12 103 0.500000
12 104 0.500000
12 106 0.500000
12 107 0.500000
12 108 0.500000
12 109 0.500000
12 111 0.500000
12 114 0.500000
12 115 0.500000
12 116 0.500000
12 118 0.500000
13 17 0.500000
13 19 0.500000
13 21 0.500000
13 22 0.500000
13 24 0.500000
13 26 0.500000
13 27 0.500000
13 30 0.500000
13 34 0.500000
13 36 0.500000
13 37 0.500000
13 40 0.500000
13 42 0.500000
13 48 0.500000
13 50 0.500000
13 51 0.500000
13 55 0.500000
13 56 0.500000
13 57 0.500000
13 58 0.500000
13 59 0.500000
13 60 0.500000
13 61 0.500000
13 63 0.500000
13 64 0.500000
13 65 0.500000
13 66 0.500000
13 67 0.500000
13 68 0.500000
13 70 0.500000
13 71 0.500000
13 72 0.500000
13 73 0.500000
13 74 0.500000
13 75 0.500000
13 77 0.500000
13 80 0.500000
13 81 0.500000
13 82 0.500000
13 84 0.500000
13 86 0.500000
13 93 0.500000
13 97 0.500000
13 98 0.500000
13 101 0.500000
13 102 0.500000
13 103 0.500000
13 104 0.500000
13 105 0.500000
13 106 0.500000
13 110 0.500000
13 113 0.500000
13 114 0.500000
13 117 0.500000
13 120 0.500000
14 15 0.500000
14 17 0.500000
14 20 0.500000
14 22 0.500000
14 24 0.500000
14 25 0.500000
14 26 0.500000
14 27 0.500000
14 29 0.500000
14 32 0.500000
14 33 0.500000
14 35 0.500000
14 37 0.500000
14 38 0.500000
14 40 0.500000
14 42 0.500000
14 43 0.500000
14 49 0.500000
14 51 0.500000
14 53 0.500000
14 54 0.500000
14 57 0.500000
14 58 0.500000
14 61 0.500000
14 62 0.500000
14 63 0.500000
14 65 0.500000
14 68 0.500000
14 70 0.500000
14 73 0.500000
14 74 0.500000
14 75 0.500000
14 76 0.500000
14 79 0.500000
14 83 0.500000
14 86 0.500000
14 87 0.500000
14 88 0.500000
14 89 0.500000
14 90 0.500000
14 96 0.500000
14 97 0.500000
14 98 0.500000
14 100 0.500000
14 101 0.500000
14 104 0.500000
14 105 0.500000
14 106 0.500000
14 109 0.500000
14 110 0.500000
14 112 0.500000
14 113 0.500000
14 115 0.500000
14 119 0.500000
14 120 0.500000
15 18 0.500000
15 20 0.500000
15 21 0.500000
15 25 0.500000
15 26 0.500000
15 27 0.500000
15 31 0.500000
15 33 0.500000
15 34 0.500000
15 35 0.500000
15 38 0.500000
15 39 0.500000
15 40 0.500000
15 47 0.500000
15 51 0.500000
15 53 0.500000
15 54 0.500000
15 56 0.500000
15 57 0.500000
15 60 0.500000
15 62 0.500000
15 64 0.500000
15 65 0.500000
15 66 0.500000
15 67 0.500000
15 68 0.500000
15 69 0.500000
15 71 0.500000
15 72 0.500000
15 73 0.500000
15 74 0.500000
15 76 0.500000
15 78 0.500000
15 79 0.500000
15 81 0.500000
15 83 0.500000
15 85 0.500000
15 88 0.500000
15 92 0.500000
15 93 0.500000
15 94 0.500000
15 95 0.500000
15 97 0.500000
15 98 0.500000
15 100 0.500000
15 101 0.500000
15 104 0.500000
15 105 0.500000
15 107 0.500000
15 108 0.500000
15 110 0.500000
15 111 0.500000
15 112 0.500000
15 113 0.500000
15 120 0.500000
16 18 0.500000
16 19 0.500000
16 21 0.500000
16 22 0.500000
16 26 0.500000
16 33 0.500000
16 34 0.500000
16 36 0.500000
16 37 0.500000
16 40 0.500000
16 42 0.500000
16 43 0.500000
16 44 0.500000
16 48 0.500000
16 51 0.500000
16 57 0.500000
16 58 0.500000
16 59 0.500000
16 63 0.500000
16 68 0.500000
16 70 0.500000
16 72 0.500000
16 73 0.500000
16 74 0.500000
16 75 0.500000
16 76 0.500000
16 78 0.500000
16 79 0.500000
16 80 0.500000
16 81 0.500000
16 82 0.500000
16 83 0.500000
16 85 0.500000
16 86 0.500000
16 87 0.500000
16 90 0.500000
16 91 0.500000
16 92 0.500000
16 94 0.500000
16 96 0.500000
16 98 0.500000
16 101 0.500000
16 102 0.500000
16 103 0.500000
16 106 0.500000
16 107 0.500000
16 109 0.500000
16 111 0.500000
16 112 0.500000
16 115 0.500000
16 116 0.500000
16 117 0.500000
16 120 0.500000
17 19 0.500000
17 23 0.500000
17 27 0.500000
17 29 0.500000
17 31 0.500000
17 33 0.500000
17 35 0.500000
17 37 0.500000
17 42 0.500000
17 44 0.500000
17 45 0.500000
17 50 0.500000
17 51 0.500000
17 52 0.500000
17 54 0.500000
17 55 0.500000
17 59 0.500000
17 60 0.500000
17 61 0.500000
17 62 0.500000
17 65 0.500000
17 67 0.500000
17 68 0.500000
17 74 0.500000
17 75 0.500000
17 78 0.500000
17 80 0.500000
17 81 0.500000
17 82 0.500000
17 87 0.500000
17 90 0.500000
17 91 0.500000
17 95 0.500000
17 96 0.500000
17 99 0.500000
17 101 0.500000
17 103 0.500000
17 107 0.500000
17 108 0.500000
17 110 0.500000
17 111 0.500000
17 112 0.500000
17 116 0.500000
17 117 0.500000
17 118 0.500000
18 19 0.500000
18 21 0.500000
18 28 0.500000
18 29 0.500000
18 32 0.500000
18 38 0.500000
18 40 0.500000
18 42 0.500000
18 43 0.500000
18 44 0.500000
18 45 0.500000
18 46 0.500000
18 48 0.500000
18 50 0.500000
18 52 0.500000
18 58 0.500000
18 60 0.500000
18 64 0.500000
18 65 0.500000
18 66 0.500000
18 67 0.500000
18 68 0.500000
18 70 0.500000
18 71 0.500000
18 75 0.500000
18 76 0.500000
18 77 0.500000
18 80 0.500000
18 81 0.500000
18 83 0.500000
18 85 0.500000
18 86 0.500000
18 87 0.500000
18 88 0.500000
18 90 0.500000
18 94 0.500000
18 96 0.500000
18 97 0.500000
18 100 0.500000
18 103 0.500000
18 104 0.500000
18 107 0.500000
18 109 0.500000
18 110 0.500000
18 111 0.500000
18 112 0.500000
18 118 0.500000
19 22 0.500000
19 23 0.500000
19 24 0.500000
19 25 0.500000
19 26 0.500000
19 27 0.500000
19 28 0.500000
19 31 0.500000
19 32 0.500000
19 33 0.500000
19 36 0.500000
19 38 0.500000
19 43 0.500000
19 44 0.500000
19 51 0.500000
19 52 0.500000
19 53 0.500000
19 54 0.500000
19 57 0.500000
19 59 0.500000
19 61 0.500000
19 62 0.500000
19 64 0.500000
19 65 0.500000
19 66 0.500000
19 68 0.500000
19 72 0.500000
19 73 0.500000
19 74 0.500000
19 76 0.500000
19 80 0.500000
19 81 0.500000
19 84 0.500000
19 85 0.500000
19 87 0.500000
19 88 0.500000
19 89 0.500000
19 90 0.500000
19 93 0.500000
19 96 0.500000
19 97 0.500000
19 99 0.500000
19 100 0.500000
19 105 0.500000
19 106 0.500000
19 110 0.500000
19 113 0.500000
19 115 0.500000
19 117 0.500000
19 118 0.500000
19 119 0.500000
20 26 0.500000
20 27 0.500000
20 28 0.500000
20 29 0.500000
20 31 0.500000
20 33 0.500000
20 35 0.500000
20 36 0.500000
20 39 0.500000
20 43 0.500000
20 53 0.500000
20 54 0.500000
20 58 0.500000
20 59 0.500000
20 63 0.500000
20 64 0.500000
20 65 0.500000
20 66 0.500000
20 67 0.500000
20 70 0.500000
20 71 0.500000
20 73 0.500000
20 76 0.500000
20 78 0.500000
20 80 0.500000
20 81 0.500000
20 83 0.500000
20 86 0.500000
20 87 0.500000
20 88 0.500000
20 89 0.500000
20 91 0.500000
20 92 0.500000
20 96 0.500000
20 97 0.500000
20 103 0.500000
20 104 0.500000
20 106 0.500000
20 108 0.500000
20 111 0.500000
20 112 0.500000
20 113 0.500000
20 118 0.500000
21 22 0.500000
21 24 0.500000
21 25 0.500000
21 26 0.500000
21 31 0.500000
21 33 0.500000
21 37 0.500000
21 38 0.500000
21 39 0.500000
21 41 0.500000
21 42 0.500000
21 45 0.500000
21 46 0.500000
21 47 0.500000
21 48 0.500000
21 49 0.500000
21 50 0.500000
21 56 0.500000
21 58 0.500000
21 59 0.500000
21 60 0.500000
21 63 0.500000
21 64 0.500000
21 67 0.500000
21 69 0.500000
21 70 0.500000
21 72 0.500000
21 74 0.500000
21 78 0.500000
21 80 0.500000
21 81 0.500000
21 82 0.500000
21 86 0.500000
21 87 0.500000
21 88 0.500000
21 89 0.500000
21 91 0.500000
21 92 0.500000
21 93 0.500000
21 95 0.500000
21 96 0.500000
21 97 0.500000
21 98 0.500000
21 99 0.500000
21 100 0.500000
21 101 0.500000
21 105 0.500000
21 107 0.500000
21 108 0.500000
21 109 0.500000
21 110 0.500000
21 112 0.500000
21 114 0.500000
21 116 0.500000
21 119 0.500000
21 120 0.500000
22 23 0.500000
22 24 0.500000
22 26 0.500000
22 27 0.500000
22 30 0.500000
22 32 0.500000
22 33 0.500000
22 34 0.500000
22 39 0.500000
22 41 0.500000
22 43 0.500000
22 44 0.500000
22 45 0.500000
22 46 0.500000
22 47 0.500000
22 49 0.500000
22 55 0.500000
22 56 0.500000
22 57 0.500000
22 58 0.500000
22 59 0.500000
22 60 0.500000
22 63 0.500000
22 64 0.500000
22 71 0.500000
22 74 0.500000
22 75 0.500000
22 76 0.500000
22 80 0.500000
22 83 0.500000
22 86 0.500000
22 89 0.500000
22 90 0.500000
22 91 0.500000
22 94 0.500000
22 95 0.500000
22 96 0.500000
22 97 0.500000
22 98 0.500000
22 99 0.500000
22 100 0.500000
22 101 0.500000
22 102 0.500000
22 105 0.500000
22 106 0.500000
22 109 0.500000
22 110 0.500000
22 111 0.500000
22 113 0.500000
22 114 0.500000
22 118 0.500000
22 119 0.500000
22 120 0.500000
23 25 0.500000
23 27 0.500000
23 31 0.500000
23 32 0.500000
23 34 0.500000
23 35 0.500000
23 36 0.500000
23 40 0.500000
23 41 0.500000
23 42 0.500000
23 43 0.500000
23 45 0.500000
23 47 0.500000
23 48 0.500000
23 49 0.500000
23 50 0.500000
23 51 0.500000
23 52 0.500000
23 53 0.500000
23 55 0.500000
23 56 0.500000
23 58 0.500000
23 61 0.500000
23 63 0.500000
23 66 0.500000
23 67 0.500000
23 74 0.500000
23 75 0.500000
23 80 0.500000
23 81 0.500000
23 82 0.500000
23 85 0.500000
23 87 0.500000
23 88 0.500000
23 89 0.500000
23 91 0.500000
23 92 0.500000
23 94 0.500000
23 97 0.500000
23 98 0.500000
23 99 0.500000
23 100 0.500000
23 101 0.500000
23 102 0.500000
23 104 0.500000
23 106 0.500000
23 110 0.500000
23 111 0.500000
23 112 0.500000
23 116 0.500000
23 118 0.500000
23 119 0.500000
24 25 0.500000
24 26 0.500000
24 29 0.500000
24 30 0.500000
24 31 0.500000
24 34 0.500000
24 35 0.500000
24 36 0.500000
24 37 0.500000
24 38 0.500000
24 40 0.500000
24 42 0.500000
24 45 0.500000
24 47 0.500000
24 52 0.500000
24 55 0.500000
24 56 0.500000
24 58 0.500000
24 59 0.500000
24 60 0.500000
24 61 0.500000
24 62 0.500000
24 63 0.500000
24 64 0.500000
24 65 0.500000
24 70 0.500000
24 72 0.500000
24 73 0.500000
24 80 0.500000
24 81 0.500000
24 82 0.500000
24 84 0.500000
24 85 0.500000
24 88 0.500000
24 91 0.500000
24 92 0.500000
24 96 0.500000
24 97 0.500000
24 101 0.500000
24 102 0.500000
24 109 0.500000
24 110 0.500000
24 113 0.500000
24 116 0.500000
24 118 0.500000
25 26 0.500000
25 28 0.500000
25 29 0.500000
25 30 0.500000
25 33 0.500000
25 41 0.500000
25 42 0.500000
25 45 0.500000
25 49 0.500000
25 50 0.500000
25 52 0.500000
25 53 0.500000
25 54 0.500000
25 56 0.500000
25 60 0.500000
25 70 0.500000
25 73 0.500000
25 76 0.500000
25 77 0.500000
25 80 0.500000
25 81 0.500000
25 83 0.500000
25 84 0.500000
25 87 0.500000
25 89 0.500000
25 90 0.500000
25 94 0.500000
25 96 0.500000
25 97 0.500000
25 100 0.500000
25 101 0.500000
25 103 0.500000
25 106 0.500000
25 108 0.500000
25 111 0.500000
25 112 0.500000
25 114 0.500000
25 116 0.500000
25 117 0.500000
25 120 0.500000
26 29 0.500000
26 31 0.500000
26 32 0.500000
26 33 0.500000
26 34 0.500000
26 35 0.500000
26 36 0.500000
26 39 0.500000
26 41 0.500000
26 44 0.500000
26 45 0.500000
26 46 0.500000
26 47 0.500000
26 48 0.500000
26 51 0.500000
26 52 0.500000
26 53 0.500000
26 54 0.500000
26 57 0.500000
26 58 0.500000
26 59 0.500000
26 61 0.500000
26 63 0.500000
26 68 0.500000
26 69 0.500000
26 71 0.500000
26 72 0.500000
26 73 0.500000
26 75 0.500000
26 80 0.500000
26 84 0.500000
26 88 0.500000
26 91 0.500000
26 92 0.500000
26 93 0.500000
26 94 0.500000
26 97 0.500000
26 98 0.500000
26 100 0.500000
26 101 0.500000
26 107 0.500000
26 108 0.500000
26 109 0.500000
26 111 0.500000
26 114 0.500000
26 115 0.500000
26 116 0.500000
26 117 0.500000
26 118 0.500000
27 28 0.500000
27 32 0.500000
27 34 0.500000
27 35 0.500000
27 39 0.500000
27 42 0.500000
27 44 0.500000
27 45 0.500000
27 47 0.500000
27 48 0.500000
27 50 0.500000
27 51 0.500000
27 52 0.500000
27 58 0.500000
27 59 0.500000
27 60 0.500000
27 63 0.500000
27 64 0.500000
27 65 0.500000
27 66 0.500000
27 70 0.500000
27 71 0.500000
27 74 0.500000
27 76 0.500000
27 77 0.500000
27 78 0.500000
27 79 0.500000
27 80 0.500000
27 84 0.500000
27 88 0.500000
27 89 0.500000
27 91 0.500000
27 93 0.500000
27 95 0.500000
27 98 0.500000
27 100 0.500000
27 102 0.500000
27 103 0.500000
27 106 0.500000
27 107 0.500000
27 108 0.500000
27 110 0.500000
27 111 0.500000
27 113 0.500000
27 114 0.500000
27 115 0.500000
27 118 0.500000
27 120 0.500000
28 29 0.500000
28 30 0.500000
28 31 0.500000
28 35 0.500000
28 36 0.500000
28 37 0.500000
28 38 0.500000
28 40 0.500000
28 41 0.500000
28 46 0.500000
28 51 0.500000
28 53 0.500000
28 54 0.500000
28 57 0.500000
28 59 0.500000
28 60 0.500000
28 62 0.500000
28 63 0.500000
28 64 0.500000
28 65 0.500000
28 68 0.500000
28 70 0.500000
28 73 0.500000
28 75 0.500000
28 77 0.500000
28 89 0.500000
28 92 0.500000
28 98 0.500000
28 99 0.500000
28 103 0.500000
28 104 0.500000
28 105 0.500000
28 106 0.500000
28 108 0.500000
28 111 0.500000
28 112 0.500000
28 114 0.500000
28 118 0.500000
29 30 0.500000
29 32 0.500000
29 33 0.500000
29 35 0.500000
29 36 0.500000
29 39 0.500000
29 40 0.500000
29 42 0.500000
29 44 0.500000
29 46 0.500000
29 49 0.500000
29 50 0.500000
29 51 0.500000
29 52 0.500000
29 54 0.500000
29 58 0.500000
29 60 0.500000
29 61 0.500000
29 62 0.500000
29 63 0.500000
29 69 0.500000
29 71 0.500000
29 72 0.500000
29 77 0.500000
29 79 0.500000
29 81 0.500000
29 84 0.500000
29 85 0.500000
29 86 0.500000
29 87 0.500000
29 90 0.500000
29 92 0.500000
29 93 0.500000
29 94 0.500000
29 95 0.500000
29 96 0.500000
29 97 0.500000
29 98 0.500000
29 99 0.500000
29 100 0.500000
29 102 0.500000
29 103 0.500000
29 107 0.500000
29 108 0.500000
29 112 0.500000
29 113 0.500000
29 115 0.500000
29 116 0.500000
29 119 0.500000
30 36 0.500000
30 40 0.500000
30 41 0.500000
30 42 0.500000
30 45 0.500000
30 46 0.500000
30 47 0.500000
30 49 0.500000
30 51 0.500000
30 52 0.500000
30 54 0.500000
30 60 0.500000
30 61 0.500000
30 64 0.500000
30 67 0.500000
30 68 0.500000
30 69 0.500000
30 70 0.500000
30 75 0.500000
30 77 0.500000
30 80 0.500000
30 81 0.500000
30 83 0.500000
30 85 0.500000
30 87 0.500000
30 88 0.500000
30 89 0.500000
30 92 0.500000
30 98 0.500000
30 99 0.500000
30 105 0.500000
30 106 0.500000
30 107 0.500000
30 108 0.500000
30 112 0.500000
30 115 0.500000
30 120 0.500000
31 34 0.500000
31 35 0.500000
31 38 0.500000
31 41 0.500000
31 45 0.500000
31 47 0.500000
31 48 0.500000
31 51 0.500000
31 52 0.500000
31 54 0.500000
31 55 0.500000
31 56 0.500000
31 57 0.500000
31 58 0.500000
31 61 0.500000
31 63 0.500000
31 64 0.500000
31 67 0.500000
31 68 0.500000
31 69 0.500000
31 71 0.500000
31 74 0.500000
31 76 0.500000
31 80 0.500000
31 81 0.500000
31 84 0.500000
31 85 0.500000
31 86 0.500000
31 87 0.500000
31 89 0.500000
31 90 0.500000
31 91 0.500000
31 92 0.500000
31 94 0.500000
31 96 0.500000
31 97 0.500000
31 98 0.500000
31 103 0.500000
31 106 0.500000
31 109 0.500000
31 110 0.500000
31 111 0.500000
31 116 0.500000
31 118 0.500000
32 33 0.500000
32 35 0.500000
32 38 0.500000
32 40 0.500000
32 41 0.500000
32 42 0.500000
32 43 0.500000
32 45 0.500000
32 46 0.500000
32 47 0.500000
32 49 0.500000
32 54 0.500000
32 56 0.500000
32 58 0.500000
32 60 0.500000
32 63 0.500000
32 64 0.500000
32 66 0.500000
32 67 0.500000
32 68 0.500000
32 69 0.500000
32 70 0.500000
32 71 0.500000
32 72 0.500000
32 74 0.500000
32 77 0.500000
32 79 0.500000
32 80 0.500000
32 82 0.500000
32 85 0.500000
32 86 0.500000
32 87 0.500000
32 89 0.500000
32 90 0.500000
32 91 0.500000
32 92 0.500000
32 94 0.500000
32 110 0.500000
32 111 0.500000
32 113 0.500000
32 114 0.500000
32 117 0.500000
33 36 0.500000
33 38 0.500000
33 40 0.500000
33 41 0.500000
33 45 0.500000
33 46 0.500000
33 47 0.500000
33 52 0.500000
33 57 0.500000
33 58 0.500000
33 61 0.500000
33 62 0.500000
33 63 0.500000
33 65 0.500000
33 66 0.500000
33 72 0.500000
33 77 0.500000
33 79 0.500000
33 80 0.500000
33 81 0.500000
33 82 0.500000
33 83 0.500000
33 84 0.500000
33 85 0.500000
33 89 0.500000
33 93 0.500000
33 96 0.500000
33 97 0.500000
33 98 0.500000
33 102 0.500000
33 103 0.500000
33 109 0.500000
33 111 0.500000
33 112 0.500000
33 114 0.500000
33 117 0.500000
33 119 0.500000
33 120 0.500000
34 38 0.500000
34 39 0.500000
34 41 0.500000
34 42 0.500000
34 45 0.500000
34 48 0.500000
34 49 0.500000
34 50 0.500000
34 51 0.500000
34 55 0.500000
34 57 0.500000
34 59 0.500000
34 60 0.500000
34 61 0.500000
34 64 0.500000
34 67 0.500000
34 68 0.500000
34 69 0.500000
34 73 0.500000
34 74 0.500000
34 78 0.500000
34 79 0.500000
34 83 0.500000
34 84 0.500000
34 87 0.500000
34 88 0.500000
34 89 0.500000
34 90 0.500000
34 91 0.500000
34 92 0.500000
34 94 0.500000
34 96 0.500000
34 97 0.500000
34 98 0.500000
34 100 0.500000
34 103 0.500000
34 104 0.500000
34 106 0.500000
34 107 0.500000
34 108 0.500000
34 109 0.500000
34 115 0.500000
34 119 0.500000
35 37 0.500000
35 40 0.500000
35 41 0.500000
35 42 0.500000
35 45 0.500000
35 46 0.500000
35 47 0.500000
35 51 0.500000
35 52 0.500000
35 54 0.500000
35 56 0.500000
35 58 0.500000
35 66 0.500000
35 67 0.500000
35 69 0.500000
35 70 0.500000
35 72 0.500000
35 73 0.500000
35 74 0.500000
35 77 0.500000
35 78 0.500000
35 80 0.500000
35 81 0.500000
35 82 0.500000
35 84 0.500000
35 85 0.500000
35 86 0.500000
35 88 0.500000
35 89 0.500000
35 92 0.500000
35 95 0.500000
35 98 0.500000
35 106 0.500000
35 109 0.500000
35 111 0.500000
35 114 0.500000
35 115 0.500000
35 116 0.500000
35 118 0.500000
36 37 0.500000
36 41 0.500000
36 44 0.500000
36 47 0.500000
36 49 0.500000
36 51 0.500000
36 52 0.500000
36 55 0.500000
36 56 0.500000
36 57 0.500000
36 58 0.500000
36 60 0.500000
36 64 0.500000
36 67 0.500000
36 70 0.500000
36 71 0.500000
36 73 0.500000
36 76 0.500000
36 78 0.500000
36 79 0.500000
36 82 0.500000
36 83 0.500000
36 86 0.500000
36 88 0.500000
36 89 0.500000
36 90 0.500000
36 91 0.500000
36 92 0.500000
36 94 0.500000
36 96 0.500000
36 99 0.500000
36 102 0.500000
36 103 0.500000
36 104 0.500000
36 109 0.500000
36 112 0.500000
36 114 0.500000
36 116 0.500000
36 117 0.500000
36 120 0.500000
37 38 0.500000
37 39 0.500000
37 40 0.500000
37 42 0.500000
37 47 0.500000
37 48 0.500000
37 52 0.500000
37 53 0.500000
37 54 0.500000
37 56 0.500000
37 57 0.500000
37 60 0.500000
37 62 0.500000
37 66 0.500000
37 68 0.500000
37 69 0.500000
37 70 0.500000
37 71 0.500000
37 72 0.500000
37 74 0.500000
37 75 0.500000
37 77 0.500000
37 78 0.500000
37 82 0.500000
37 87 0.500000
37 88 0.500000
37 89 0.500000
37 92 0.500000
37 94 0.500000
37 96 0.500000
37 98 0.500000
37 101 0.500000
37 104 0.500000
37 106 0.500000
37 107 0.500000
37 109 0.500000
37 112 0.500000
37 113 0.500000
37 114 0.500000
37 116 0.500000
37 117 0.500000
37 120 0.500000
38 40 0.500000
38 43 0.500000
38 44 0.500000
38 46 0.500000
38 54 0.500000
38 55 0.500000
38 56 0.500000
38 59 0.500000
38 60 0.500000
38 65 0.500000
38 66 0.500000
38 70 0.500000
38 71 0.500000
38 72 0.500000
38 73 0.500000
38 77 0.500000
38 78 0.500000
38 80 0.500000
38 81 0.500000
38 83 0.500000
38 86 0.500000
38 88 0.500000
38 89 0.500000
38 93 0.500000
38 95 0.500000
38 96 0.500000
38 99 0.500000
38 101 0.500000
38 104 0.500000
38 105 0.500000
38 107 0.500000
38 110 0.500000
38 111 0.500000
38 112 0.500000
38 114 0.500000
38 115 0.500000
38 116 0.500000
38 118 0.500000
39 40 0.500000
39 44 0.500000
39 46 0.500000
39 49 0.500000
39 52 0.500000
39 53 0.500000
39 55 0.500000
39 56 0.500000
39 58 0.500000
39 59 0.500000
39 62 0.500000
39 63 0.500000
39 65 0.500000
39 66 0.500000
39 68 0.500000
39 69 0.500000
39 71 0.500000
39 76 0.500000
39 78 0.500000
39 84 0.500000
39 86 0.500000
39 87 0.500000
39 88 0.500000
39 89 0.500000
39 90 0.500000
39 94 0.500000
39 95 0.500000
39 99 0.500000
39 100 0.500000
39 101 0.500000
39 106 0.500000
39 107 0.500000
39 109 0.500000
39 111 0.500000
39 114 0.500000
39 115 0.500000
39 117 0.500000
39 118 0.500000
39 120 0.500000
40 43 0.500000
40 44 0.500000
40 49 0.500000
40 50 0.500000
40 53 0.500000
40 55 0.500000
40 56 0.500000
40 57 0.500000
40 60 0.500000
40 61 0.500000
40 62 0.500000
40 64 0.500000
40 68 0.500000
40 71 0.500000
40 73 0.500000
40 75 0.500000
40 77 0.500000
40 80 0.500000
40 84 0.500000
40 87 0.500000
40 88 0.500000
40 89 0.500000
40 90 0.500000
40 91 0.500000
40 95 0.500000
40 96 0.500000
40 99 0.500000
40 102 0.500000
40 106 0.500000
40 108 0.500000
40 109 0.500000
40 110 0.500000
40 113 0.500000
40 115 0.500000
40 118 0.500000
40 119 0.500000
41 43 0.500000
41 46 0.500000
41 47 0.500000
41 49 0.500000
41 52 0.500000
41 54 0.500000
41 55 0.500000
41 56 0.500000
41 57 0.500000
41 61 0.500000
41 62 0.500000
41 65 0.500000
41 69 0.500000
41 73 0.500000
41 74 0.500000
41 75 0.500000
41 77 0.500000
41 79 0.500000
41 80 0.500000
41 81 0.500000
41 86 0.500000
41 89 0.500000
41 91 0.500000
41 97 0.500000
41 100 0.500000
41 101 0.500000
41 105 0.500000
41 106 0.500000
41 109 0.500000
41 111 0.500000
41 115 0.500000
41 116 0.500000
41 119 0.500000
41 120 0.500000
42 43 0.500000
42 45 0.500000
42 46 0.500000
42 47 0.500000
42 48 0.500000
42 52 0.500000
42 54 0.500000
42 55 0.500000
42 56 0.500000
42 58 0.500000
42 62 0.500000
42 63 0.500000
42 66 0.500000
42 69 0.500000
42 74 0.500000
42 76 0.500000
42 77 0.500000
42 78 0.500000
42 79 0.500000
42 80 0.500000
42 82 0.500000
42 83 0.500000
42 84 0.500000
42 86 0.500000
42 89 0.500000
42 91 0.500000
42 94 0.500000
42 95 0.500000
42 101 0.500000
42 105 0.500000
42 110 0.500000
42 111 0.500000
42 112 0.500000
42 113 0.500000
42 115 0.500000
42 116 0.500000
42 117 0.500000
42 118 0.500000
43 44 0.500000
43 48 0.500000
43 51 0.500000
43 52 0.500000
43 56 0.500000
43 57 0.500000
43 58 0.500000
43 59 0.500000
43 61 0.500000
43 62 0.500000
43 68 0.500000
43 69 0.500000
43 71 0.500000
43 72 0.500000
43 73 0.500000
43 74 0.500000
43 75 0.500000
43 76 0.500000
43 77 0.500000
43 78 0.500000
43 79 0.500000
43 81 0.500000
43 85 0.500000
43 87 0.500000
43 88 0.500000
43 91 0.500000
43 92 0.500000
43 93 0.500000
43 94 0.500000
43 95 0.500000
43 100 0.500000
43 110 0.500000
43 111 0.500000
43 112 0.500000
43 113 0.500000
43 115 0.500000
43 116 0.500000
43 117 0.500000
43 120 0.500000
44 45 0.500000
44 46 0.500000
44 47 0.500000
44 48 0.500000
44 49 0.500000
44 52 0.500000
44 53 0.500000
44 59 0.500000
44 61 0.500000
44 63 0.500000
44 64 0.500000
44 65 0.500000
44 67 0.500000
44 68 0.500000
44 69 0.500000
44 70 0.500000
44 71 0.500000
44 73 0.500000
44 74 0.500000
44 75 0.500000
44 76 0.500000
44 78 0.500000
44 80 0.500000
44 81 0.500000
44 82 0.500000
44 83 0.500000
44 84 0.500000
44 90 0.500000
44 92 0.500000
44 94 0.500000
44 97 0.500000
44 98 0.500000
44 102 0.500000
44 103 0.500000
44 111 0.500000
44 113 0.500000
44 117 0.500000
44 119 0.500000
44 120 0.500000
45 47 0.500000
45 48 0.500000
45 49 0.500000
45 50 0.500000
45 51 0.500000
45 52 0.500000
45 53 0.500000
45 55 0.500000
45 56 0.500000
45 62 0.500000
45 64 0.500000
45 65 0.500000
45 66 0.500000
45 68 0.500000
45 69 0.500000
45 72 0.500000
45 75 0.500000
45 76 0.500000
45 88 0.500000
45 89 0.500000
45 93 0.500000
45 94 0.500000
45 95 0.500000
45 98 0.500000
45 101 0.500000
45 102 0.500000
45 107 0.500000
45 108 0.500000
45 110 0.500000
45 112 0.500000
45 113 0.500000
45 116 0.500000
45 117 0.500000
45 118 0.500000
45 119 0.500000
46 48 0.500000
46 50 0.500000
46 51 0.500000
46 53 0.500000
46 54 0.500000
46 55 0.500000
46 58 0.500000
46 59 0.500000
46 62 0.500000
46 64 0.500000
46 66 0.500000
46 67 0.500000
46 72 0.500000
46 76 0.500000
46 77 0.500000
46 78 0.500000
46 80 0.500000
46 82 0.500000
46 83 0.500000
46 85 0.500000
46 87 0.500000
46 88 0.500000
46 90 0.500000
46 94 0.500000
46 95 0.500000
46 96 0.500000
46 97 0.500000
46 99 0.500000
46 104 0.500000
46 105 0.500000
46 107 0.500000
46 108 0.500000
46 110 0.500000
46 112 0.500000
46 113 0.500000
46 114 0.500000
46 116 0.500000
46 117 0.500000
46 120 0.500000
47 48 0.500000
47 49 0.500000
47 50 0.500000
47 51 0.500000
47 55 0.500000
47 56 0.500000
47 57 0.500000
47 59 0.500000
47 65 0.500000
47 67 0.500000
47 71 0.500000
47 72 0.500000
47 73 0.500000
47 75 0.500000
47 77 0.500000
47 78 0.500000
47 79 0.500000
47 80 0.500000
47 81 0.500000
47 85 0.500000
47 87 0.500000
47 91 0.500000
47 92 0.500000
47 93 0.500000
47 96 0.500000
47 99 0.500000
47 100 0.500000
47 103 0.500000
47 104 0.500000
47 108 0.500000
47 110 0.500000
47 112 0.500000
47 113 0.500000
47 115 0.500000
47 116 0.500000
47 117 0.500000
47 119 0.500000
47 120 0.500000
48 51 0.500000
48 53 0.500000
48 56 0.500000
48 61 0.500000
48 62 0.500000
48 66 0.500000
48 68 0.500000
48 74 0.500000
48 75 0.500000
48 76 0.500000
48 78 0.500000
48 79 0.500000
48 80 0.500000
48 81 0.500000
48 84 0.500000
48 85 0.500000
48 88 0.500000
48 90 0.500000
48 92 0.500000
48 95 0.500000
48 96 0.500000
48 97 0.500000
48 101 0.500000
48 102 0.500000
48 103 0.500000
48 104 0.500000
48 106 0.500000
48 108 0.500000
48 109 0.500000
48 110 0.500000
48 113 0.500000
48 114 0.500000
48 118 0.500000
48 119 0.500000
49 51 0.500000
49 52 0.500000
49 53 0.500000
49 54 0.500000
49 57 0.500000
49 59 0.500000
49 61 0.500000
49 62 0.500000
49 63 0.500000
49 64 0.500000
49 65 0.500000
49 66 0.500000
49 67 0.500000
49 71 0.500000
49 72 0.500000
49 76 0.500000
49 77 0.500000
49 78 0.500000
49 81 0.500000
49 82 0.500000
49 85 0.500000
49 88 0.500000
49 89 0.500000
49 91 0.500000
49 92 0.500000
49 93 0.500000
49 97 0.500000
49 98 0.500000
49 99 0.500000
49 100 0.500000
49 102 0.500000
49 105 0.500000
49 107 0.500000
49 108 0.500000
49 109 0.500000
49 110 0.500000
49 111 0.500000
49 117 0.500000
50 51 0.500000
50 52 0.500000
50 54 0.500000
50 56 0.500000
50 57 0.500000
50 58 0.500000
50 60 0.500000
50 69 0.500000
50 74 0.500000
50 75 0.500000
50 76 0.500000
50 77 0.500000
50 79 0.500000
50 80 0.500000
50 81 0.500000
50 82 0.500000
50 84 0.500000
50 85 0.500000
50 87 0.500000
50 88 0.500000
50 89 0.500000
50 90 0.500000
50 92 0.500000
50 95 0.500000
50 96 0.500000
50 102 0.500000
50 105 0.500000
50 106 0.500000
50 107 0.500000
50 110 0.500000
50 111 0.500000
50 112 0.500000
50 113 0.500000
50 115 0.500000
50 118 0.500000
50 120 0.500000
51 52 0.500000
51 53 0.500000
51 54 0.500000
51 55 0.500000
51 58 0.500000
51 59 0.500000
51 60 0.500000
51 61 0.500000
51 62 0.500000
51 64 0.500000
51 67 0.500000
51 68 0.500000
51 69 0.500000
51 73 0.500000
51 76 0.500000
51 77 0.500000
51 78 0.500000
51 80 0.500000
51 83 0.500000
51 84 0.500000
51 86 0.500000
51 87 0.500000
51 88 0.500000
51 90 0.500000
51 91 0.500000
51 92 0.500000
51 93 0.500000
51 98 0.500000
51 100 0.500000
51 104 0.500000
51 105 0.500000
51 108 0.500000
51 110 0.500000
51 114 0.500000
51 115 0.500000
51 116 0.500000
51 120 0.500000
52 53 0.500000
52 55 0.500000
52 56 0.500000
52 59 0.500000
52 60 0.500000
52 62 0.500000
52 64 0.500000
52 66 0.500000
52 67 0.500000
52 69 0.500000
52 73 0.500000
52 78 0.500000
52 82 0.500000
52 86 0.500000
52 89 0.500000
52 91 0.500000
52 95 0.500000
52 97 0.500000
52 99 0.500000
52 100 0.500000
52 101 0.500000
52 102 0.500000
52 104 0.500000
52 105 0.500000
52 108 0.500000
52 109 0.500000
52 110 0.500000
52 112 0.500000
52 114 0.500000
52 115 0.500000
52 116 0.500000
52 117 0.500000
52 118 0.500000
52 119 0.500000
52 120 0.500000
53 54 0.500000
53 55 0.500000
53 57 0.500000
53 58 0.500000
53 61 0.500000
53 63 0.500000
53 64 0.500000
53 65 0.500000
53 66 0.500000
53 67 0.500000
53 68 0.500000
53 70 0.500000
53 73 0.500000
53 74 0.500000
53 75 0.500000
53 77 0.500000
53 79 0.500000
53 80 0.500000
53 81 0.500000
53 82 0.500000
53 83 0.500000
53 90 0.500000
53 91 0.500000
53 92 0.500000
53 94 0.500000
53 95 0.500000
53 96 0.500000
53 97 0.500000
53 98 0.500000
53 99 0.500000
53 102 0.500000
53 105 0.500000
53 108 0.500000
53 112 0.500000
53 113 0.500000
53 115 0.500000
53 116 0.500000
53 119 0.500000
54 57 0.500000
54 58 0.500000
54 59 0.500000
54 60 0.500000
54 64 0.500000
54 65 0.500000
54 68 0.500000
54 69 0.500000
54 71 0.500000
54 72 0.500000
54 73 0.500000
54 74 0.500000
54 76 0.500000
54 77 0.500000
54 79 0.500000
54 80 0.500000
54 81 0.500000
54 84 0.500000
54 85 0.500000
54 86 0.500000
54 87 0.500000
54 89 0.500000
54 90 0.500000
54 91 0.500000
54 92 0.500000
54 93 0.500000
54 94 0.500000
54 95 0.500000
54 97 0.500000
54 98 0.500000
54 100 0.500000
54 101 0.500000
54 102 0.500000
54 103 0.500000
54 104 0.500000
54 106 0.500000
54 109 0.500000
54 110 0.500000
54 114 0.500000
54 115 0.500000
54 116 0.500000
54 118 0.500000
54 119 0.500000
55 56 0.500000
55 58 0.500000
55 61 0.500000
55 62 0.500000
55 63 0.500000
55 64 0.500000
55 67 0.500000
55 68 0.500000
55 69 0.500000
55 71 0.500000
55 72 0.500000
55 74 0.500000
55 76 0.500000
55 78 0.500000
55 79 0.500000
55 80 0.500000
55 83 0.500000
55 86 0.500000
55 87 0.500000
55 90 0.500000
55 94 0.500000
55 96 0.500000
55 97 0.500000
55 98 0.500000
55 99 0.500000
55 101 0.500000
55 104 0.500000
55 105 0.500000
55 106 0.500000
55 107 0.500000
55 111 0.500000
55 112 0.500000
55 113 0.500000
55 116 0.500000
55 117 0.500000
55 120 0.500000
56 57 0.500000
56 58 0.500000
56 59 0.500000
56 62 0.500000
56 63 0.500000
56 64 0.500000
56 66 0.500000
56 68 0.500000
56 70 0.500000
56 72 0.500000
56 75 0.500000
56 76 0.500000
56 77 0.500000
56 78 0.500000
56 85 0.500000
56 87 0.500000
56 89 0.500000
56 91 0.500000
56 92 0.500000
56 95 0.500000
56 96 0.500000
56 99 0.500000
56 100 0.500000
56 101 0.500000
56 103 0.500000
56 105 0.500000
56 109 0.500000
56 110 0.500000
56 111 0.500000
56 114 0.500000
56 115 0.500000
56 118 0.500000
56 120 0.500000
57 58 0.500000
57 59 0.500000
57 60 0.500000
57 61 0.500000
57 62 0.500000
57 64 0.500000
57 66 0.500000
57 69 0.500000
57 70 0.500000
57 72 0.500000
57 73 0.500000
57 75 0.500000
57 78 0.500000
57 83 0.500000
57 84 0.500000
57 85 0.500000
57 86 0.500000
57 87 0.500000
57 89 0.500000
57 90 0.500000
57 92 0.500000
57 93 0.500000
57 95 0.500000
57 96 0.500000
57 99 0.500000
57 102 0.500000
57 103 0.500000
57 105 0.500000
57 108 0.500000
57 110 0.500000
57 111 0.500000
57 112 0.500000
57 113 0.500000
57 114 0.500000
57 116 0.500000
57 118 0.500000
57 119 0.500000
57 120 0.500000
58 59 0.500000
58 61 0.500000
58 62 0.500000
58 63 0.500000
58 64 0.500000
58 67 0.500000
58 68 0.500000
58 69 0.500000
58 70 0.500000
58 71 0.500000
58 72 0.500000
58 74 0.500000
58 75 0.500000
58 76 0.500000
58 79 0.500000
58 80 0.500000
58 82 0.500000
58 84 0.500000
58 85 0.500000
58 87 0.500000
58 88 0.500000
58 90 0.500000
58 91 0.500000
58 94 0.500000
58 96 0.500000
58 97 0.500000
58 98 0.500000
58 99 0.500000
58 100 0.500000
58 103 0.500000
58 104 0.500000
58 105 0.500000
58 107 0.500000
58 109 0.500000
58 110 0.500000
58 118 0.500000
58 119 0.500000
58 120 0.500000
59 60 0.500000
59 61 0.500000
59 62 0.500000
59 63 0.500000
59 65 0.500000
59 79 0.500000
59 80 0.500000
59 82 0.500000
59 83 0.500000
59 84 0.500000
59 86 0.500000
59 87 0.500000
59 88 0.500000
59 89 0.500000
59 91 0.500000
59 94 0.500000
59 98 0.500000
59 99 0.500000
59 100 0.500000
59 104 0.500000
59 109 0.500000
59 115 0.500000
59 117 0.500000
59 118 0.500000
59 119 0.500000
59 120 0.500000
60 63 0.500000
60 66 0.500000
60 67 0.500000
60 68 0.500000
60 70 0.500000
60 71 0.500000
60 72 0.500000
60 74 0.500000
60 75 0.500000
60 76 0.500000
60 77 0.500000
60 78 0.500000
60 79 0.500000
60 82 0.500000
60 83 0.500000
60 88 0.500000
60 90 0.500000
60 92 0.500000
60 93 0.500000
60 95 0.500000
60 97 0.500000
60 98 0.500000
60 99 0.500000
60 106 0.500000
60 109 0.500000
60 112 0.500000
60 119 0.500000
61 64 0.500000
61 65 0.500000
61 68 0.500000
61 69 0.500000
61 73 0.500000
61 77 0.500000
61 78 0.500000
61 79 0.500000
61 81 0.500000
61 83 0.500000
61 84 0.500000
61 85 0.500000
61 86 0.500000
61 87 0.500000
61 88 0.500000
61 91 0.500000
61 92 0.500000
61 93 0.500000
61 94 0.500000
61 96 0.500000
61 101 0.500000
61 102 0.500000
61 104 0.500000
61 105 0.500000
61 106 0.500000
61 110 0.500000
61 112 0.500000
61 113 0.500000
61 114 0.500000
61 118 0.500000
61 119 0.500000
61 120 0.500000
62 64 0.500000
62 67 0.500000
62 68 0.500000
62 70 0.500000
62 71 0.500000
62 73 0.500000
62 75 0.500000
62 76 0.500000
62 78 0.500000
62 79 0.500000
62 83 0.500000
62 84 0.500000
62 85 0.500000
62 88 0.500000
62 89 0.500000
62 90 0.500000
62 91 0.500000
62 92 0.500000
62 93 0.500000
62 95 0.500000
62 98 0.500000
62 99 0.500000
62 102 0.500000
62 103 0.500000
62 104 0.500000
62 106 0.500000
62 108 0.500000
62 110 0.500000
62 113 0.500000
62 114 0.500000
62 115 0.500000
62 116 0.500000
62 118 0.500000
62 119 0.500000
63 64 0.500000
63 65 0.500000
63 66 0.500000
63 67 0.500000
63 71 0.500000
63 72 0.500000
63 78 0.500000
63 83 0.500000
63 84 0.500000
63 86 0.500000
63 87 0.500000
63 89 0.500000
63 90 0.500000
63 91 0.500000
63 92 0.500000
63 93 0.500000
63 95 0.500000
63 96 0.500000
63 99 0.500000
63 104 0.500000
63 109 0.500000
63 110 0.500000
63 112 0.500000
63 114 0.500000
63 118 0.500000
63 119 0.500000
63 120 0.500000
64 68 0.500000
64 69 0.500000
64 71 0.500000
64 72 0.500000
64 75 0.500000
64 78 0.500000
64 80 0.500000
64 81 0.500000
64 83 0.500000
64 84 0.500000
64 90 0.500000
64 91 0.500000
64 92 0.500000
64 97 0.500000
64 99 0.500000
64 101 0.500000
64 102 0.500000
64 103 0.500000
64 104 0.500000
64 106 0.500000
64 109 0.500000
64 110 0.500000
64 111 0.500000
64 114 0.500000
64 115 0.500000
64 118 0.500000
65 66 0.500000
65 68 0.500000
65 71 0.500000
65 72 0.500000
65 73 0.500000
65 83 0.500000
65 85 0.500000
65 86 0.500000
65 88 0.500000
65 89 0.500000
65 91 0.500000
65 93 0.500000
65 95 0.500000
65 96 0.500000
65 97 0.500000
65 99 0.500000
65 102 0.500000
65 104 0.500000
65 109 0.500000
65 111 0.500000
65 112 0.500000
65 114 0.500000
65 117 0.500000
65 120 0.500000
66 67 0.500000
66 68 0.500000
66 70 0.500000
66 72 0.500000
66 73 0.500000
66 74 0.500000
66 76 0.500000
66 77 0.500000
66 81 0.500000
66 82 0.500000
66 85 0.500000
66 86 0.500000
66 89 0.500000
66 92 0.500000
66 94 0.500000
66 97 0.500000
66 99 0.500000
66 101 0.500000
66 103 0.500000
66 106 0.500000
66 107 0.500000
66 108 0.500000
66 109 0.500000
66 110 0.500000
66 112 0.500000
66 113 0.500000
66 120 0.500000
67 70 0.500000
67 72 0.500000
67 73 0.500000
67 74 0.500000
67 75 0.500000
67 76 0.500000
67 78 0.500000
67 79 0.500000
67 81 0.500000
67 88 0.500000
67 89 0.500000
67 90 0.500000
67 91 0.500000
67 93 0.500000
67 95 0.500000
67 98 0.500000
67 101 0.500000
67 102 0.500000
67 104 0.500000
67 105 0.500000
67 106 0.500000
67 107 0.500000
67 108 0.500000
67 110 0.500000
67 111 0.500000
67 113 0.500000
67 114 0.500000
67 119 0.500000
67 120 0.500000
68 69 0.500000
68 70 0.500000
68 71 0.500000
68 72 0.500000
68 73 0.500000
68 78 0.500000
68 80 0.500000
68 81 0.500000
68 83 0.500000
68 87 0.500000
68 91 0.500000
68 93 0.500000
68 94 0.500000
68 97 0.500000
68 98 0.500000
68 99 0.500000
68 100 0.500000
68 103 0.500000
68 105 0.500000
68 106 0.500000
68 109 0.500000
68 110 0.500000
68 112 0.500000
68 114 0.500000
68 115 0.500000
68 117 0.500000
68 118 0.500000
68 119 0.500000
68 120 0.500000
69 71 0.500000
69 72 0.500000
69 73 0.500000
69 74 0.500000
69 75 0.500000
69 76 0.500000
69 79 0.500000
69 80 0.500000
69 82 0.500000
69 83 0.500000
69 90 0.500000
69 92 0.500000
69 95 0.500000
69 98 0.500000
69 99 0.500000
69 101 0.500000
69 103 0.500000
69 104 0.500000
69 107 0.500000
69 108 0.500000
69 109 0.500000
69 112 0.500000
69 113 0.500000
69 115 0.500000
69 118 0.500000
69 120 0.500000
70 72 0.500000
70 74 0.500000
70 75 0.500000
70 77 0.500000
70 78 0.500000
70 79 0.500000
70 80 0.500000
70 82 0.500000
70 86 0.500000
70 88 0.500000
70 92 0.500000
70 95 0.500000
70 99 0.500000
70 106 0.500000
70 108 0.500000
70 110 0.500000
70 111 0.500000
70 112 0.500000
70 114 0.500000
70 115 0.500000
70 116 0.500000
70 118 0.500000
70 119 0.500000
71 73 0.500000
71 74 0.500000
71 75 0.500000
71 76 0.500000
71 77 0.500000
71 78 0.500000
71 88 0.500000
71 93 0.500000
71 95 0.500000
71 96 0.500000
71 97 0.500000
71 98 0.500000
71 99 0.500000
71 101 0.500000
71 102 0.500000
71 105 0.500000
71 108 0.500000
71 109 0.500000
71 115 0.500000
71 117 0.500000
71 119 0.500000
71 120 0.500000
72 74 0.500000
72 75 0.500000
72 76 0.500000
72 79 0.500000
72 83 0.500000
72 84 0.500000
72 87 0.500000
72 88 0.500000
72 89 0.500000
72 91 0.500000
72 92 0.500000
72 93 0.500000
72 95 0.500000
72 96 0.500000
72 97 0.500000
72 100 0.500000
72 103 0.500000
72 109 0.500000
72 110 0.500000
72 113 0.500000
72 115 0.500000
72 117 0.500000
72 118 0.500000
73 74 0.500000
73 75 0.500000
73 82 0.500000
73 83 0.500000
73 87 0.500000
73 88 0.500000
73 90 0.500000
73 92 0.500000
73 95 0.500000
73 97 0.500000
73 102 0.500000
73 104 0.500000
73 108 0.500000
73 110 0.500000
73 112 0.500000
73 113 0.500000
73 116 0.500000
73 117 0.500000
73 120 0.500000
74 76 0.500000
74 78 0.500000
74 80 0.500000
74 81 0.500000
74 82 0.500000
74 85 0.500000
74 86 0.500000
74 87 0.500000
74 89 0.500000
74 92 0.500000
74 96 0.500000
74 98 0.500000
74 100 0.500000
74 103 0.500000
74 105 0.500000
74 107 0.500000
74 109 0.500000
74 110 0.500000
74 113 0.500000
74 114 0.500000
74 116 0.500000
74 119 0.500000
74 120 0.500000
75 76 0.500000
75 77 0.500000
75 78 0.500000
75 81 0.500000
75 83 0.500000
75 85 0.500000
75 86 0.500000
75 88 0.500000
75 90 0.500000
75 91 0.500000
75 94 0.500000
75 95 0.500000
75 96 0.500000
75 98 0.500000
75 101 0.500000
75 102 0.500000
75 104 0.500000
75 106 0.500000
75 107 0.500000
75 109 0.500000
75 110 0.500000
75 111 0.500000
75 112 0.500000
75 113 0.500000
75 114 0.500000
75 117 0.500000
75 119 0.500000
76 77 0.500000
76 85 0.500000
76 86 0.500000
76 87 0.500000
76 88 0.500000
76 89 0.500000
76 91 0.500000
76 94 0.500000
76 98 0.500000
76 99 0.500000
76 100 0.500000
76 101 0.500000
76 104 0.500000
76 105 0.500000
76 106 0.500000
76 108 0.500000
76 109 0.500000
76 110 0.500000
76 111 0.500000
76 113 0.500000
76 119 0.500000
77 82 0.500000
77 83 0.500000
77 86 0.500000
77 87 0.500000
77 92 0.500000
77 93 0.500000
77 94 0.500000
77 95 0.500000
77 98 0.500000
77 101 0.500000
77 104 0.500000
77 106 0.500000
77 107 0.500000
77 108 0.500000
77 110 0.500000
77 111 0.500000
77 112 0.500000
77 113 0.500000
77 114 0.500000
77 117 0.500000
77 118 0.500000
78 79 0.500000
78 80 0.500000
78 81 0.500000
78 82 0.500000
78 83 0.500000
78 85 0.500000
78 86 0.500000
78 89 0.500000
78 90 0.500000
78 91 0.500000
78 93 0.500000
78 95 0.500000
78 96 0.500000
78 101 0.500000
78 103 0.500000
78 105 0.500000
78 106 0.500000
78 110 0.500000
78 111 0.500000
78 119 0.500000
79 81 0.500000
79 82 0.500000
79 83 0.500000
79 84 0.500000
79 86 0.500000
79 87 0.500000
79 89 0.500000
79 91 0.500000
79 94 0.500000
79 96 0.500000
79 100 0.500000
79 101 0.500000
79 103 0.500000
79 106 0.500000
79 107 0.500000
79 112 0.500000
79 114 0.500000
79 117 0.500000
79 118 0.500000
79 119 0.500000
79 120 0.500000
80 82 0.500000
80 83 0.500000
80 88 0.500000
80 89 0.500000
80 90 0.500000
80 91 0.500000
80 94 0.500000
80 96 0.500000
80 97 0.500000
80 98 0.500000
80 100 0.500000
80 106 0.500000
80 109 0.500000
80 110 0.500000
80 111 0.500000
80 114 0.500000
81 83 0.500000
81 85 0.500000
81 86 0.500000
81 87 0.500000
81 90 0.500000
81 94 0.500000
81 99 0.500000
81 103 0.500000
81 105 0.500000
81 106 0.500000
81 107 0.500000
81 110 0.500000
81 111 0.500000
81 114 0.500000
81 117 0.500000
81 118 0.500000
81 120 0.500000
82 86 0.500000
82 87 0.500000
82 88 0.500000
82 89 0.500000
82 90 0.500000
82 93 0.500000
82 94 0.500000
82 95 0.500000
82 99 0.500000
82 101 0.500000
82 103 0.500000
82 105 0.500000
82 108 0.500000
82 109 0.500000
82 110 0.500000
82 111 0.500000
82 114 0.500000
82 115 0.500000
82 117 0.500000
82 118 0.500000
83 89 0.500000
83 90 0.500000
83 92 0.500000
83 96 0.500000
83 97 0.500000
83 98 0.500000
83 99 0.500000
83 100 0.500000
83 102 0.500000
83 105 0.500000
83 109 0.500000
83 110 0.500000
83 111 0.500000
83 113 0.500000
83 115 0.500000
83 119 0.500000
84 85 0.500000
84 87 0.500000
84 88 0.500000
84 89 0.500000
84 91 0.500000
84 93 0.500000
84 95 0.500000
84 96 0.500000
84 102 0.500000
84 104 0.500000
84 109 0.500000
84 110 0.500000
84 113 0.500000
84 114 0.500000
84 115 0.500000
84 116 0.500000
84 118 0.500000
85 88 0.500000
85 90 0.500000
85 91 0.500000
85 92 0.500000
85 93 0.500000
85 94 0.500000
85 95 0.500000
85 96 0.500000
85 98 0.500000
85 99 0.500000
85 100 0.500000
85 103 0.500000
85 105 0.500000
85 107 0.500000
85 108 0.500000
85 109 0.500000
85 110 0.500000
85 111 0.500000
85 113 0.500000
85 114 0.500000
85 115 0.500000
86 89 0.500000
86 90 0.500000
86 91 0.500000
86 92 0.500000
86 94 0.500000
86 97 0.500000
86 106 0.500000
86 107 0.500000
86 109 0.500000
86 110 0.500000
86 111 0.500000
86 115 0.500000
86 116 0.500000
86 118 0.500000
86 119 0.500000
87 92 0.500000
87 94 0.500000
87 98 0.500000
87 101 0.500000
87 102 0.500000
87 103 0.500000
87 105 0.500000
87 106 0.500000
87 110 0.500000
87 114 0.500000
87 120 0.500000
88 89 0.500000
88 90 0.500000
88 93 0.500000
88 96 0.500000
88 98 0.500000
88 101 0.500000
88 102 0.500000
88 103 0.500000
88 105 0.500000
88 107 0.500000
88 109 0.500000
88 113 0.500000
88 116 0.500000
88 118 0.500000
88 119 0.500000
89 90 0.500000
89 91 0.500000
89 97 0.500000
89 102 0.500000
89 103 0.500000
89 105 0.500000
89 106 0.500000
89 107 0.500000
89 108 0.500000
89 110 0.500000
89 112 0.500000
89 117 0.500000
89 118 0.500000
89 119 0.500000
90 91 0.500000
90 92 0.500000
90 95 0.500000
90 98 0.500000
90 99 0.500000
90 102 0.500000
90 103 0.500000
90 107 0.500000
90 108 0.500000
90 114 0.500000
90 116 0.500000
90 117 0.500000
90 118 0.500000
90 120 0.500000
91 95 0.500000
91 97 0.500000
91 99 0.500000
91 103 0.500000
91 104 0.500000
91 106 0.500000
91 107 0.500000
91 108 0.500000
91 109 0.500000
91 110 0.500000
91 111 0.500000
91 115 0.500000
91 116 0.500000
91 117 0.500000
91 119 0.500000
92 95 0.500000
92 96 0.500000
92 99 0.500000
92 105 0.500000
92 106 0.500000
92 108 0.500000
92 110 0.500000
92 112 0.500000
92 113 0.500000
92 116 0.500000
92 117 0.500000
92 118 0.500000
92 119 0.500000
92 120 0.500000
93 95 0.500000
93 98 0.500000
93 101 0.500000
93 102 0.500000
93 103 0.500000
93 104 0.500000
93 105 0.500000
93 106 0.500000
93 107 0.500000
93 108 0.500000
93 109 0.500000
93 112 0.500000
93 113 0.500000
93 119 0.500000
94 95 0.500000
94 98 0.500000
94 100 0.500000
94 103 0.500000
94 105 0.500000
94 107 0.500000
94 110 0.500000
94 113 0.500000
94 114 0.500000
94 117 0.500000
94 118 0.500000
94 119 0.500000
95 97 0.500000
95 98 0.500000
95 100 0.500000
95 102 0.500000
95 104 0.500000
95 105 0.500000
95 106 0.500000
95 110 0.500000
95 111 0.500000
95 112 0.500000
95 116 0.500000
95 118 0.500000
95 120 0.500000
96 97 0.500000
96 98 0.500000
96 99 0.500000
96 101 0.500000
96 103 0.500000
96 109 0.500000
96 113 0.500000
96 114 0.500000
96 116 0.500000
96 117 0.500000
96 119 0.500000
96 120 0.500000
97 99 0.500000
97 101 0.500000
97 103 0.500000
97 105 0.500000
97 106 0.500000
97 107 0.500000
97 111 0.500000
97 114 0.500000
98 102 0.500000
98 104 0.500000
98 108 0.500000
98 109 0.500000
98 110 0.500000
98 112 0.500000
98 113 0.500000
98 115 0.500000
98 117 0.500000
98 118 0.500000
98 119 0.500000
98 120 0.500000
99 103 0.500000
99 106 0.500000
99 107 0.500000
99 108 0.500000
99 109 0.500000
99 116 0.500000
99 117 0.500000
99 119 0.500000
100 101 0.500000
100 104 0.500000
100 105 0.500000
100 106 0.500000
100 109 0.500000
100 110 0.500000
100 111 0.500000
100 113 0.500000
100 116 0.500000
100 118 0.500000
100 119 0.500000
100 120 0.500000
101 104 0.500000
101 110 0.500000
101 111 0.500000
101 112 0.500000
101 113 0.500000
101 116 0.500000
101 118 0.500000
101 119 0.500000
102 108 0.500000
102 109 0.500000
102 110 0.500000
102 112 0.500000
102 114 0.500000
102 115 0.500000
102 116 0.500000
102 117 0.500000
102 118 0.500000
102 120 0.500000
103 104 0.500000
103 105 0.500000
103 107 0.500000
103 109 0.500000
103 110 0.500000
103 111 0.500000
103 113 0.500000
103 114 0.500000
103 117 0.500000
103 118 0.500000
103 119 0.500000
103 120 0.500000
104 105 0.500000
104 106 0.500000
104 108 0.500000
104 109 0.500000
104 110 0.500000
104 114 0.500000
104 118 0.500000
104 119 0.500000
105 107 0.500000
105 110 0.500000
105 112 0.500000
105 114 0.500000
105 116 0.500000
105 119 0.500000
106 107 0.500000
106 111 0.500000
106 113 0.500000
106 116 0.500000
106 119 0.500000
107 109 0.500000
107 111 0.500000
107 115 0.500000
107 116 0.500000
107 117 0.500000
107 118 0.500000
108 110 0.500000
108 111 0.500000
108 112 0.500000
108 113 0.500000
108 114 0.500000
108 116 0.500000
108 117 0.500000
108 119 0.500000
108 120 0.500000
109 111 0.500000
109 112 0.500000
109 116 0.500000
109 117 0.500000
109 118 0.500000
109 119 0.500000
109 120 0.500000
110 111 0.500000
110 116 0.500000
110 117 0.500000
110 120 0.500000
111 112 0.500000
111 113 0.500000
111 114 0.500000
111 116 0.500000
111 120 0.500000
112 114 0.500000
112 115 0.500000
112 116 0.500000
112 117 0.500000
112 118 0.500000
112 119 0.500000
112 120 0.500000
113 117 0.500000
113 118 0.500000
113 119 0.500000
113 120 0.500000
114 115 0.500000
114 116 0.500000
114 118 0.500000
114 119 0.500000
114 120 0.500000
115 116 0.500000
115 117 0.500000
115 118 0.500000
115 119 0.500000
115 120 0.500000
116 119 0.500000
116 120 0.500000
117 119 0.500000
117 120 0.500000
118 120 0.500000
