120 90 1785
1 7 0.500000
1 9 0.500000
1 21 0.500000
1 22 0.500000
1 23 0.500000
1 29 0.500000
1 30 0.500000
1 37 0.500000
1 38 0.500000
1 39 0.500000
1 41 0.500000
1 42 0.500000
1 44 0.500000
1 48 0.500000
1 55 0.500000
1 56 0.500000
1 57 0.500000
1 58 0.500000
1 61 0.500000
1 65 0.500000
1 75 0.500000
1 80 0.500000
1 89 0.500000
1 91 0.500000
1 93 0.500000
1 104 0.500000
1 106 0.500000
1 110 0.500000
2 4 0.500000
2 12 0.500000
2 17 0.500000
2 22 0.500000
2 23 0.500000
2 24 0.500000
2 27 0.500000
2 36 0.500000
2 38 0.500000
2 48 0.500000
2 49 0.500000
2 51 0.500000
2 52 0.500000
2 58 0.500000
2 64 0.500000
2 66 0.500000
2 67 0.500000
2 78 0.500000
2 83 0.500000
2 85 0.500000
2 88 0.500000
2 92 0.500000
2 95 0.500000
2 98 0.500000
2 100 0.500000
2 104 0.500000
2 105 0.500000
2 113 0.500000
2 116 0.500000
2 118 0.500000
3 8 0.500000
3 13 0.500000
3 14 0.500000
3 16 0.500000
3 19 0.500000
3 22 0.500000
3 23 0.500000
3 24 0.500000
3 27 0.500000
3 28 0.500000
3 36 0.500000
3 42 0.500000
3 43 0.500000
3 50 0.500000
3 51 0.500000
3 54 0.500000
3 56 0.500000
3 58 0.500000
3 59 0.500000
3 61 0.500000
3 63 0.500000
3 66 0.500000
3 72 0.500000
3 73 0.500000
3 78 0.500000
3 79 0.500000
3 81 0.500000
3 95 0.500000
3 98 0.500000
3 103 0.500000
3 104 0.500000
3 105 0.500000
3 106 0.500000
4 7 0.500000
4 8 0.500000
4 13 0.500000
4 18 0.500000
4 22 0.500000
4 23 0.500000
4 25 0.500000
4 26 0.500000
4 40 0.500000
4 42 0.500000
4 52 0.500000
4 57 0.500000
4 60 0.500000
4 63 0.500000
4 64 0.500000
4 65 0.500000
4 66 0.500000
4 68 0.500000
4 69 0.500000
4 72 0.500000
4 75 0.500000
4 76 0.500000
4 79 0.500000
4 85 0.500000
4 87 0.500000
4 88 0.500000
4 89 0.500000
4 90 0.500000
4 93 0.500000
4 99 0.500000
4 107 0.500000
4 112 0.500000
4 113 0.500000
4 114 0.500000
4 115 0.500000
4 117 0.500000
4 119 0.500000
5 7 0.500000
5 10 0.500000
5 20 0.500000
5 21 0.500000
5 23 0.500000
5 40 0.500000
5 45 0.500000
5 46 0.500000
5 49 0.500000
5 52 0.500000
5 55 0.500000
5 57 0.500000
5 60 0.500000
5 64 0.500000
5 69 0.500000
5 73 0.500000
5 76 0.500000
5 81 0.500000
5 85 0.500000
5 87 0.500000
5 91 0.500000
5 96 0.500000
5 112 0.500000
5 114 0.500000
5 115 0.500000
6 7 0.500000
6 13 0.500000
6 19 0.500000
6 21 0.500000
6 26 0.500000
6 29 0.500000
6 32 0.500000
6 42 0.500000
6 46 0.500000
6 50 0.500000
6 54 0.500000
6 71 0.500000
6 72 0.500000
6 80 0.500000
6 85 0.500000
6 86 0.500000
6 87 0.500000
6 88 0.500000
6 94 0.500000
6 97 0.500000
6 98 0.500000
6 107 0.500000
6 112 0.500000
7 8 0.500000
7 12 0.500000
7 15 0.500000
7 16 0.500000
7 18 0.500000
7 22 0.500000
7 24 0.500000
7 32 0.500000
7 34 0.500000
7 38 0.500000
7 39 0.500000
7 44 0.500000
7 47 0.500000
7 49 0.500000
7 50 0.500000
7 58 0.500000
7 65 0.500000
7 66 0.500000
7 67 0.500000
7 68 0.500000
7 71 0.500000
7 78 0.500000
7 88 0.500000
7 91 0.500000
7 92 0.500000
7 93 0.500000
7 95 0.500000
7 97 0.500000
7 101 0.500000
7 105 0.500000
7 107 0.500000
7 108 0.500000
7 111 0.500000
8 15 0.500000
8 16 0.500000
8 22 0.500000
8 23 0.500000
8 24 0.500000
8 27 0.500000
8 30 0.500000
8 33 0.500000
8 35 0.500000
8 41 0.500000
8 44 0.500000
8 46 0.500000
8 51 0.500000
8 71 0.500000
8 72 0.500000
8 74 0.500000
8 83 0.500000
8 84 0.500000
8 86 0.500000
8 90 0.500000
8 92 0.500000
8 94 0.500000
8 100 0.500000
8 101 0.500000
8 102 0.500000
8 103 0.500000
8 104 0.500000
8 109 0.500000
8 117 0.500000
9 10 0.500000
9 11 0.500000
9 13 0.500000
9 15 0.500000
9 19 0.500000
9 22 0.500000
9 26 0.500000
9 29 0.500000
9 32 0.500000
9 35 0.500000
9 38 0.500000
9 45 0.500000
9 47 0.500000
9 52 0.500000
9 55 0.500000
9 64 0.500000
9 65 0.500000
9 74 0.500000
9 78 0.500000
9 86 0.500000
9 89 0.500000
9 92 0.500000
9 94 0.500000
9 98 0.500000
9 102 0.500000
9 106 0.500000
9 107 0.500000
9 108 0.500000
9 110 0.500000
10 15 0.500000
10 17 0.500000
10 23 0.500000
10 27 0.500000
10 28 0.500000
10 29 0.500000
10 31 0.500000
10 35 0.500000
10 36 0.500000
10 37 0.500000
10 38 0.500000
10 41 0.500000
10 42 0.500000
10 44 0.500000
10 46 0.500000
10 52 0.500000
10 54 0.500000
10 55 0.500000
10 58 0.500000
10 61 0.500000
10 63 0.500000
10 67 0.500000
10 73 0.500000
10 77 0.500000
10 80 0.500000
10 81 0.500000
10 83 0.500000
10 84 0.500000
10 85 0.500000
10 93 0.500000
10 101 0.500000
10 104 0.500000
10 106 0.500000
10 109 0.500000
10 110 0.500000
10 111 0.500000
10 116 0.500000
11 12 0.500000
11 13 0.500000
11 15 0.500000
11 16 0.500000
11 19 0.500000
11 39 0.500000
11 42 0.500000
11 45 0.500000
11 46 0.500000
11 49 0.500000
11 60 0.500000
11 61 0.500000
11 65 0.500000
11 68 0.500000
11 69 0.500000
11 75 0.500000
11 82 0.500000
11 83 0.500000
11 85 0.500000
11 90 0.500000
11 94 0.500000
11 97 0.500000
11 100 0.500000
11 104 0.500000
11 105 0.500000
11 110 0.500000
11 112 0.500000
11 113 0.500000
11 117 0.500000
11 118 0.500000
12 16 0.500000
12 17 0.500000
12 18 0.500000
12 20 0.500000
12 21 0.500000
12 22 0.500000
12 37 0.500000
12 38 0.500000
12 39 0.500000
12 42 0.500000
12 46 0.500000
12 50 0.500000
12 52 0.500000
12 58 0.500000
12 65 0.500000
12 75 0.500000
12 79 0.500000
12 80 0.500000
12 86 0.500000
12 88 0.500000
12 89 0.500000
12 103 0.500000
12 115 0.500000
12 117 0.500000
12 118 0.500000
13 16 0.500000
13 17 0.500000
13 22 0.500000
13 29 0.500000
13 30 0.500000
13 32 0.500000
13 39 0.500000
13 44 0.500000
13 49 0.500000
13 55 0.500000
13 58 0.500000
13 60 0.500000
13 61 0.500000
13 63 0.500000
13 64 0.500000
13 68 0.500000
13 70 0.500000
13 74 0.500000
13 77 0.500000
13 78 0.500000
13 91 0.500000
13 93 0.500000
13 96 0.500000
13 98 0.500000
13 99 0.500000
13 103 0.500000
13 106 0.500000
13 109 0.500000
13 116 0.500000
13 119 0.500000
14 17 0.500000
14 24 0.500000
14 27 0.500000
14 30 0.500000
14 32 0.500000
14 33 0.500000
14 35 0.500000
14 36 0.500000
14 43 0.500000
14 48 0.500000
14 51 0.500000
14 53 0.500000
14 57 0.500000
14 63 0.500000
14 68 0.500000
14 75 0.500000
14 77 0.500000
14 78 0.500000
14 82 0.500000
14 83 0.500000
14 87 0.500000
14 88 0.500000
14 89 0.500000
14 91 0.500000
14 92 0.500000
14 101 0.500000
14 108 0.500000
14 111 0.500000
14 113 0.500000
14 116 0.500000
15 17 0.500000
15 19 0.500000
15 20 0.500000
15 21 0.500000
15 22 0.500000
15 34 0.500000
15 36 0.500000
15 37 0.500000
15 38 0.500000
15 39 0.500000
15 45 0.500000
15 46 0.500000
15 50 0.500000
15 52 0.500000
15 53 0.500000
15 54 0.500000
15 55 0.500000
15 56 0.500000
15 61 0.500000
15 69 0.500000
15 73 0.500000
15 75 0.500000
15 77 0.500000
15 83 0.500000
15 88 0.500000
15 89 0.500000
15 90 0.500000
15 96 0.500000
15 101 0.500000
15 102 0.500000
15 106 0.500000
15 112 0.500000
15 113 0.500000
16 20 0.500000
16 21 0.500000
16 24 0.500000
16 31 0.500000
16 34 0.500000
16 36 0.500000
16 43 0.500000
16 44 0.500000
16 47 0.500000
16 48 0.500000
16 53 0.500000
16 58 0.500000
16 59 0.500000
16 60 0.500000
16 63 0.500000
16 79 0.500000
16 86 0.500000
16 91 0.500000
16 97 0.500000
16 98 0.500000
16 101 0.500000
16 102 0.500000
16 104 0.500000
16 111 0.500000
16 120 0.500000
17 24 0.500000
17 25 0.500000
17 26 0.500000
17 28 0.500000
17 32 0.500000
17 35 0.500000
17 39 0.500000
17 42 0.500000
17 44 0.500000
17 47 0.500000
17 49 0.500000
17 57 0.500000
17 58 0.500000
17 62 0.500000
17 71 0.500000
17 72 0.500000
17 75 0.500000
17 83 0.500000
17 85 0.500000
17 88 0.500000
17 90 0.500000
17 92 0.500000
17 98 0.500000
17 109 0.500000
17 115 0.500000
17 117 0.500000
17 118 0.500000
18 20 0.500000
18 29 0.500000
18 39 0.500000
18 41 0.500000
18 43 0.500000
18 53 0.500000
18 59 0.500000
18 63 0.500000
18 67 0.500000
18 68 0.500000
18 69 0.500000
18 74 0.500000
18 80 0.500000
18 86 0.500000
18 94 0.500000
18 96 0.500000
18 99 0.500000
18 100 0.500000
18 102 0.500000
18 107 0.500000
18 109 0.500000
18 113 0.500000
18 120 0.500000
19 26 0.500000
19 31 0.500000
19 36 0.500000
19 38 0.500000
19 44 0.500000
19 45 0.500000
19 55 0.500000
19 57 0.500000
19 62 0.500000
19 63 0.500000
19 68 0.500000
19 69 0.500000
19 74 0.500000
19 76 0.500000
19 77 0.500000
19 83 0.500000
19 84 0.500000
19 87 0.500000
19 90 0.500000
19 92 0.500000
19 94 0.500000
19 103 0.500000
19 104 0.500000
19 107 0.500000
19 112 0.500000
19 120 0.500000
20 22 0.500000
20 26 0.500000
20 28 0.500000
20 29 0.500000
20 38 0.500000
20 46 0.500000
20 61 0.500000
20 67 0.500000
20 72 0.500000
20 77 0.500000
20 78 0.500000
20 81 0.500000
20 84 0.500000
20 89 0.500000
20 91 0.500000
20 92 0.500000
20 93 0.500000
20 99 0.500000
20 100 0.500000
20 105 0.500000
20 107 0.500000
20 108 0.500000
20 110 0.500000
20 116 0.500000
20 120 0.500000
21 24 0.500000
21 26 0.500000
21 31 0.500000
21 32 0.500000
21 40 0.500000
21 42 0.500000
21 43 0.500000
21 45 0.500000
21 46 0.500000
21 56 0.500000
21 57 0.500000
21 58 0.500000
21 60 0.500000
21 61 0.500000
21 62 0.500000
21 64 0.500000
21 69 0.500000
21 72 0.500000
21 75 0.500000
21 76 0.500000
21 86 0.500000
21 87 0.500000
21 90 0.500000
21 94 0.500000
21 95 0.500000
21 98 0.500000
21 103 0.500000
22 23 0.500000
22 24 0.500000
22 30 0.500000
22 34 0.500000
22 40 0.500000
22 42 0.500000
22 43 0.500000
22 46 0.500000
22 49 0.500000
22 64 0.500000
22 70 0.500000
22 80 0.500000
22 82 0.500000
22 84 0.500000
22 85 0.500000
22 98 0.500000
22 103 0.500000
22 107 0.500000
22 117 0.500000
22 120 0.500000
23 24 0.500000
23 26 0.500000
23 28 0.500000
23 30 0.500000
23 32 0.500000
23 33 0.500000
23 35 0.500000
23 43 0.500000
23 45 0.500000
23 46 0.500000
23 51 0.500000
23 56 0.500000
23 58 0.500000
23 61 0.500000
23 63 0.500000
23 65 0.500000
23 70 0.500000
23 81 0.500000
23 83 0.500000
23 84 0.500000
23 86 0.500000
23 87 0.500000
23 88 0.500000
23 92 0.500000
23 95 0.500000
23 101 0.500000
23 103 0.500000
23 105 0.500000
23 106 0.500000
23 110 0.500000
23 113 0.500000
23 114 0.500000
23 120 0.500000
24 28 0.500000
24 29 0.500000
24 42 0.500000
24 47 0.500000
24 48 0.500000
24 53 0.500000
24 59 0.500000
24 66 0.500000
24 70 0.500000
24 71 0.500000
24 72 0.500000
24 73 0.500000
24 77 0.500000
24 80 0.500000
24 84 0.500000
24 88 0.500000
24 90 0.500000
24 92 0.500000
24 94 0.500000
24 100 0.500000
24 107 0.500000
24 112 0.500000
24 113 0.500000
25 27 0.500000
25 28 0.500000
25 29 0.500000
25 31 0.500000
25 36 0.500000
25 44 0.500000
25 46 0.500000
25 51 0.500000
25 58 0.500000
25 62 0.500000
25 63 0.500000
25 80 0.500000
25 82 0.500000
25 91 0.500000
25 92 0.500000
25 99 0.500000
25 107 0.500000
25 110 0.500000
25 114 0.500000
25 116 0.500000
26 34 0.500000
26 40 0.500000
26 45 0.500000
26 50 0.500000
26 53 0.500000
26 60 0.500000
26 68 0.500000
26 74 0.500000
26 75 0.500000
26 77 0.500000
26 78 0.500000
26 81 0.500000
26 86 0.500000
26 92 0.500000
26 94 0.500000
26 99 0.500000
26 115 0.500000
27 36 0.500000
27 58 0.500000
27 66 0.500000
27 69 0.500000
27 72 0.500000
27 78 0.500000
27 91 0.500000
27 102 0.500000
27 103 0.500000
27 109 0.500000
27 113 0.500000
27 114 0.500000
27 115 0.500000
27 116 0.500000
27 118 0.500000
28 33 0.500000
28 38 0.500000
28 39 0.500000
28 43 0.500000
28 47 0.500000
28 48 0.500000
28 51 0.500000
28 53 0.500000
28 61 0.500000
28 65 0.500000
28 70 0.500000
28 71 0.500000
28 77 0.500000
28 82 0.500000
28 86 0.500000
28 92 0.500000
28 94 0.500000
28 95 0.500000
28 105 0.500000
28 114 0.500000
28 116 0.500000
28 117 0.500000
28 118 0.500000
29 32 0.500000
29 34 0.500000
29 40 0.500000
29 41 0.500000
29 44 0.500000
29 46 0.500000
29 47 0.500000
29 51 0.500000
29 52 0.500000
29 64 0.500000
29 68 0.500000
29 70 0.500000
29 71 0.500000
29 72 0.500000
29 77 0.500000
29 81 0.500000
29 83 0.500000
29 84 0.500000
29 97 0.500000
29 98 0.500000
29 105 0.500000
29 107 0.500000
29 118 0.500000
29 120 0.500000
30 33 0.500000
30 36 0.500000
30 44 0.500000
30 50 0.500000
30 51 0.500000
30 66 0.500000
30 69 0.500000
30 77 0.500000
30 78 0.500000
30 94 0.500000
30 105 0.500000
30 109 0.500000
30 111 0.500000
30 112 0.500000
30 113 0.500000
30 115 0.500000
30 117 0.500000
30 118 0.500000
31 32 0.500000
31 39 0.500000
31 44 0.500000
31 47 0.500000
31 55 0.500000
31 58 0.500000
31 59 0.500000
31 65 0.500000
31 66 0.500000
31 71 0.500000
31 73 0.500000
31 74 0.500000
31 88 0.500000
31 89 0.500000
31 104 0.500000
31 106 0.500000
31 108 0.500000
31 109 0.500000
31 114 0.500000
31 120 0.500000
32 43 0.500000
32 45 0.500000
32 47 0.500000
32 48 0.500000
32 60 0.500000
32 63 0.500000
32 68 0.500000
32 71 0.500000
32 72 0.500000
32 80 0.500000
32 81 0.500000
32 84 0.500000
32 86 0.500000
32 87 0.500000
32 94 0.500000
32 95 0.500000
32 97 0.500000
32 101 0.500000
32 112 0.500000
32 113 0.500000
32 114 0.500000
32 115 0.500000
32 116 0.500000
33 36 0.500000
33 39 0.500000
33 44 0.500000
33 53 0.500000
33 56 0.500000
33 60 0.500000
33 63 0.500000
33 65 0.500000
33 67 0.500000
33 68 0.500000
33 69 0.500000
33 72 0.500000
33 85 0.500000
33 106 0.500000
33 107 0.500000
33 108 0.500000
33 110 0.500000
33 113 0.500000
33 116 0.500000
33 118 0.500000
33 120 0.500000
34 37 0.500000
34 41 0.500000
34 48 0.500000
34 51 0.500000
34 52 0.500000
34 57 0.500000
34 58 0.500000
34 63 0.500000
34 71 0.500000
34 85 0.500000
34 88 0.500000
34 89 0.500000
34 92 0.500000
34 94 0.500000
34 96 0.500000
34 101 0.500000
34 102 0.500000
34 105 0.500000
34 106 0.500000
34 107 0.500000
34 111 0.500000
34 118 0.500000
35 36 0.500000
35 37 0.500000
35 47 0.500000
35 48 0.500000
35 50 0.500000
35 58 0.500000
35 60 0.500000
35 68 0.500000
35 69 0.500000
35 72 0.500000
35 73 0.500000
35 80 0.500000
35 82 0.500000
35 87 0.500000
35 90 0.500000
35 100 0.500000
35 105 0.500000
35 109 0.500000
35 111 0.500000
35 112 0.500000
35 115 0.500000
35 118 0.500000
36 47 0.500000
36 48 0.500000
36 52 0.500000
36 65 0.500000
36 68 0.500000
36 78 0.500000
36 82 0.500000
36 85 0.500000
36 87 0.500000
36 93 0.500000
36 97 0.500000
36 99 0.500000
36 102 0.500000
36 113 0.500000
36 120 0.500000
37 42 0.500000
37 54 0.500000
37 55 0.500000
37 61 0.500000
37 62 0.500000
37 63 0.500000
37 76 0.500000
37 78 0.500000
37 80 0.500000
37 85 0.500000
37 87 0.500000
37 88 0.500000
37 93 0.500000
37 99 0.500000
37 102 0.500000
37 105 0.500000
37 107 0.500000
37 112 0.500000
37 113 0.500000
37 115 0.500000
38 41 0.500000
38 44 0.500000
38 49 0.500000
38 54 0.500000
38 63 0.500000
38 64 0.500000
38 65 0.500000
38 70 0.500000
38 72 0.500000
38 81 0.500000
38 90 0.500000
38 98 0.500000
38 99 0.500000
38 101 0.500000
38 102 0.500000
38 109 0.500000
38 116 0.500000
38 118 0.500000
39 52 0.500000
39 55 0.500000
39 56 0.500000
39 61 0.500000
39 65 0.500000
39 72 0.500000
39 74 0.500000
39 76 0.500000
39 77 0.500000
39 90 0.500000
39 93 0.500000
39 97 0.500000
39 99 0.500000
39 107 0.500000
39 115 0.500000
40 41 0.500000
40 42 0.500000
40 44 0.500000
40 46 0.500000
40 52 0.500000
40 54 0.500000
40 57 0.500000
40 58 0.500000
40 63 0.500000
40 64 0.500000
40 70 0.500000
40 74 0.500000
40 82 0.500000
40 84 0.500000
40 88 0.500000
40 89 0.500000
40 93 0.500000
40 94 0.500000
40 98 0.500000
40 99 0.500000
40 102 0.500000
40 103 0.500000
40 105 0.500000
40 107 0.500000
40 118 0.500000
41 42 0.500000
41 47 0.500000
41 50 0.500000
41 52 0.500000
41 53 0.500000
41 56 0.500000
41 62 0.500000
41 76 0.500000
41 81 0.500000
41 87 0.500000
41 92 0.500000
41 93 0.500000
41 104 0.500000
41 107 0.500000
41 111 0.500000
41 114 0.500000
42 54 0.500000
42 59 0.500000
42 61 0.500000
42 65 0.500000
42 68 0.500000
42 70 0.500000
42 72 0.500000
42 77 0.500000
42 81 0.500000
42 82 0.500000
42 85 0.500000
42 97 0.500000
42 101 0.500000
42 106 0.500000
42 112 0.500000
42 117 0.500000
42 119 0.500000
43 48 0.500000
43 50 0.500000
43 69 0.500000
43 72 0.500000
43 77 0.500000
43 81 0.500000
43 100 0.500000
43 111 0.500000
43 116 0.500000
43 119 0.500000
44 45 0.500000
44 47 0.500000
44 48 0.500000
44 49 0.500000
44 57 0.500000
44 60 0.500000
44 65 0.500000
44 72 0.500000
44 75 0.500000
44 76 0.500000
44 78 0.500000
44 79 0.500000
44 84 0.500000
44 88 0.500000
44 100 0.500000
44 102 0.500000
44 108 0.500000
44 110 0.500000
44 111 0.500000
44 112 0.500000
44 118 0.500000
45 47 0.500000
45 50 0.500000
45 61 0.500000
45 63 0.500000
45 75 0.500000
45 78 0.500000
45 79 0.500000
45 82 0.500000
45 87 0.500000
45 88 0.500000
45 97 0.500000
45 105 0.500000
45 109 0.500000
45 111 0.500000
45 113 0.500000
45 118 0.500000
46 51 0.500000
46 55 0.500000
46 57 0.500000
46 63 0.500000
46 65 0.500000
46 67 0.500000
46 76 0.500000
46 78 0.500000
46 86 0.500000
46 90 0.500000
46 95 0.500000
46 96 0.500000
46 97 0.500000
46 98 0.500000
46 100 0.500000
46 112 0.500000
46 113 0.500000
46 114 0.500000
46 117 0.500000
47 48 0.500000
47 52 0.500000
47 55 0.500000
47 59 0.500000
47 61 0.500000
47 66 0.500000
47 74 0.500000
47 81 0.500000
47 84 0.500000
47 85 0.500000
47 87 0.500000
47 89 0.500000
47 91 0.500000
47 99 0.500000
47 105 0.500000
47 120 0.500000
48 54 0.500000
48 56 0.500000
48 59 0.500000
48 61 0.500000
48 65 0.500000
48 69 0.500000
48 73 0.500000
48 77 0.500000
48 81 0.500000
48 85 0.500000
48 87 0.500000
48 93 0.500000
48 97 0.500000
48 98 0.500000
48 103 0.500000
48 106 0.500000
48 108 0.500000
48 110 0.500000
48 112 0.500000
48 114 0.500000
48 119 0.500000
49 57 0.500000
49 63 0.500000
49 64 0.500000
49 65 0.500000
49 68 0.500000
49 70 0.500000
49 79 0.500000
49 80 0.500000
49 98 0.500000
49 102 0.500000
49 103 0.500000
49 106 0.500000
49 117 0.500000
49 119 0.500000
50 53 0.500000
50 59 0.500000
50 66 0.500000
50 67 0.500000
50 70 0.500000
50 71 0.500000
50 74 0.500000
50 75 0.500000
50 84 0.500000
50 85 0.500000
50 94 0.500000
50 98 0.500000
50 109 0.500000
50 110 0.500000
50 111 0.500000
50 115 0.500000
50 117 0.500000
51 55 0.500000
51 56 0.500000
51 60 0.500000
51 63 0.500000
51 73 0.500000
51 74 0.500000
51 76 0.500000
51 78 0.500000
51 80 0.500000
51 83 0.500000
51 87 0.500000
51 98 0.500000
51 113 0.500000
51 117 0.500000
51 120 0.500000
52 57 0.500000
52 59 0.500000
52 62 0.500000
52 72 0.500000
52 90 0.500000
52 91 0.500000
52 101 0.500000
52 103 0.500000
52 107 0.500000
52 109 0.500000
52 110 0.500000
52 112 0.500000
52 113 0.500000
52 116 0.500000
52 117 0.500000
52 118 0.500000
53 56 0.500000
53 57 0.500000
53 61 0.500000
53 64 0.500000
53 68 0.500000
53 69 0.500000
53 70 0.500000
53 71 0.500000
53 72 0.500000
53 74 0.500000
53 81 0.500000
53 84 0.500000
53 85 0.500000
53 93 0.500000
53 94 0.500000
53 96 0.500000
53 99 0.500000
53 102 0.500000
53 103 0.500000
53 107 0.500000
53 110 0.500000
53 112 0.500000
53 117 0.500000
54 58 0.500000
54 60 0.500000
54 68 0.500000
54 71 0.500000
54 73 0.500000
54 78 0.500000
54 86 0.500000
54 102 0.500000
54 110 0.500000
54 114 0.500000
54 117 0.500000
55 57 0.500000
55 64 0.500000
55 65 0.500000
55 72 0.500000
55 74 0.500000
55 76 0.500000
55 83 0.500000
55 84 0.500000
55 92 0.500000
55 94 0.500000
55 99 0.500000
55 103 0.500000
55 108 0.500000
55 113 0.500000
55 118 0.500000
56 58 0.500000
56 59 0.500000
56 62 0.500000
56 66 0.500000
56 67 0.500000
56 69 0.500000
56 72 0.500000
56 77 0.500000
56 79 0.500000
56 80 0.500000
56 89 0.500000
56 94 0.500000
56 103 0.500000
56 106 0.500000
56 108 0.500000
56 113 0.500000
57 59 0.500000
57 61 0.500000
57 62 0.500000
57 63 0.500000
57 70 0.500000
57 71 0.500000
57 74 0.500000
57 79 0.500000
57 80 0.500000
57 86 0.500000
57 91 0.500000
57 92 0.500000
57 101 0.500000
57 104 0.500000
57 105 0.500000
57 109 0.500000
57 115 0.500000
57 116 0.500000
57 117 0.500000
57 118 0.500000
58 63 0.500000
58 67 0.500000
58 68 0.500000
58 70 0.500000
58 75 0.500000
58 77 0.500000
58 78 0.500000
58 79 0.500000
58 83 0.500000
58 92 0.500000
58 93 0.500000
58 99 0.500000
58 102 0.500000
58 108 0.500000
58 112 0.500000
58 115 0.500000
58 116 0.500000
58 118 0.500000
59 60 0.500000
59 61 0.500000
59 66 0.500000
59 77 0.500000
59 78 0.500000
59 84 0.500000
59 86 0.500000
59 88 0.500000
59 92 0.500000
59 104 0.500000
59 106 0.500000
59 111 0.500000
59 114 0.500000
59 116 0.500000
60 65 0.500000
60 70 0.500000
60 71 0.500000
60 75 0.500000
60 77 0.500000
60 85 0.500000
60 92 0.500000
60 94 0.500000
60 96 0.500000
60 104 0.500000
61 62 0.500000
61 65 0.500000
61 74 0.500000
61 86 0.500000
61 97 0.500000
61 108 0.500000
61 109 0.500000
61 114 0.500000
61 115 0.500000
62 65 0.500000
62 68 0.500000
62 69 0.500000
62 70 0.500000
62 77 0.500000
62 79 0.500000
62 82 0.500000
62 84 0.500000
62 85 0.500000
62 86 0.500000
62 92 0.500000
62 100 0.500000
62 101 0.500000
63 68 0.500000
63 70 0.500000
63 75 0.500000
63 77 0.500000
63 80 0.500000
63 84 0.500000
63 87 0.500000
63 91 0.500000
63 92 0.500000
63 93 0.500000
63 100 0.500000
63 103 0.500000
63 105 0.500000
63 106 0.500000
63 108 0.500000
64 71 0.500000
64 73 0.500000
64 76 0.500000
64 89 0.500000
64 90 0.500000
64 92 0.500000
64 94 0.500000
64 100 0.500000
64 106 0.500000
64 107 0.500000
64 111 0.500000
64 113 0.500000
64 116 0.500000
64 120 0.500000
65 66 0.500000
65 70 0.500000
65 73 0.500000
65 76 0.500000
65 80 0.500000
65 84 0.500000
65 87 0.500000
65 91 0.500000
65 92 0.500000
65 95 0.500000
65 97 0.500000
65 98 0.500000
65 99 0.500000
65 106 0.500000
65 110 0.500000
65 114 0.500000
65 118 0.500000
65 119 0.500000
66 69 0.500000
66 77 0.500000
66 78 0.500000
66 79 0.500000
66 80 0.500000
66 81 0.500000
66 84 0.500000
66 87 0.500000
66 94 0.500000
66 98 0.500000
66 102 0.500000
66 103 0.500000
66 104 0.500000
66 107 0.500000
66 108 0.500000
66 115 0.500000
66 116 0.500000
67 74 0.500000
67 75 0.500000
67 77 0.500000
67 81 0.500000
67 82 0.500000
67 84 0.500000
67 86 0.500000
67 92 0.500000
67 94 0.500000
67 98 0.500000
67 99 0.500000
67 101 0.500000
67 103 0.500000
67 104 0.500000
67 109 0.500000
67 117 0.500000
68 70 0.500000
68 72 0.500000
68 74 0.500000
68 76 0.500000
68 80 0.500000
68 86 0.500000
68 87 0.500000
68 93 0.500000
68 96 0.500000
68 98 0.500000
68 111 0.500000
69 72 0.500000
69 73 0.500000
69 76 0.500000
69 77 0.500000
69 80 0.500000
69 86 0.500000
69 91 0.500000
69 94 0.500000
69 95 0.500000
69 98 0.500000
69 102 0.500000
69 105 0.500000
69 114 0.500000
69 116 0.500000
69 117 0.500000
70 75 0.500000
70 76 0.500000
70 77 0.500000
70 79 0.500000
70 81 0.500000
70 83 0.500000
70 84 0.500000
70 86 0.500000
70 88 0.500000
70 91 0.500000
70 93 0.500000
70 96 0.500000
70 98 0.500000
70 108 0.500000
70 110 0.500000
70 112 0.500000
70 115 0.500000
70 120 0.500000
71 72 0.500000
71 76 0.500000
71 77 0.500000
71 78 0.500000
71 79 0.500000
71 85 0.500000
71 87 0.500000
71 91 0.500000
71 92 0.500000
71 94 0.500000
71 100 0.500000
71 114 0.500000
71 117 0.500000
72 78 0.500000
72 79 0.500000
72 81 0.500000
72 88 0.500000
72 90 0.500000
72 91 0.500000
72 92 0.500000
72 99 0.500000
72 102 0.500000
72 106 0.500000
72 108 0.500000
72 113 0.500000
72 115 0.500000
72 119 0.500000
73 82 0.500000
73 84 0.500000
73 89 0.500000
73 95 0.500000
73 99 0.500000
73 108 0.500000
73 111 0.500000
73 113 0.500000
73 120 0.500000
74 80 0.500000
74 82 0.500000
74 83 0.500000
74 87 0.500000
74 88 0.500000
74 93 0.500000
74 99 0.500000
74 102 0.500000
74 106 0.500000
74 109 0.500000
74 114 0.500000
74 115 0.500000
74 117 0.500000
74 118 0.500000
74 119 0.500000
75 93 0.500000
75 99 0.500000
75 104 0.500000
75 107 0.500000
75 108 0.500000
75 114 0.500000
76 77 0.500000
76 81 0.500000
76 83 0.500000
76 85 0.500000
76 88 0.500000
76 93 0.500000
76 98 0.500000
76 100 0.500000
76 107 0.500000
76 110 0.500000
76 113 0.500000
77 84 0.500000
77 87 0.500000
77 88 0.500000
77 92 0.500000
77 97 0.500000
77 102 0.500000
77 103 0.500000
77 104 0.500000
77 107 0.500000
77 109 0.500000
77 113 0.500000
77 119 0.500000
77 120 0.500000
78 84 0.500000
78 88 0.500000
78 93 0.500000
78 99 0.500000
78 100 0.500000
78 102 0.500000
78 103 0.500000
78 107 0.500000
78 108 0.500000
78 112 0.500000
78 117 0.500000
79 87 0.500000
79 89 0.500000
79 91 0.500000
79 98 0.500000
79 101 0.500000
79 106 0.500000
79 109 0.500000
79 110 0.500000
79 111 0.500000
79 113 0.500000
80 85 0.500000
80 88 0.500000
80 90 0.500000
80 91 0.500000
80 92 0.500000
80 93 0.500000
80 98 0.500000
80 103 0.500000
80 114 0.500000
80 116 0.500000
80 117 0.500000
80 119 0.500000
81 82 0.500000
81 87 0.500000
81 90 0.500000
81 91 0.500000
81 94 0.500000
81 97 0.500000
81 98 0.500000
81 99 0.500000
81 101 0.500000
81 104 0.500000
81 107 0.500000
81 113 0.500000
81 114 0.500000
81 115 0.500000
82 83 0.500000
82 94 0.500000
82 101 0.500000
82 106 0.500000
82 107 0.500000
82 111 0.500000
82 112 0.500000
82 117 0.500000
82 120 0.500000
83 84 0.500000
83 87 0.500000
83 90 0.500000
83 92 0.500000
83 97 0.500000
83 107 0.500000
83 112 0.500000
83 115 0.500000
83 118 0.500000
83 120 0.500000
84 86 0.500000
84 87 0.500000
84 89 0.500000
84 92 0.500000
84 96 0.500000
84 101 0.500000
84 105 0.500000
84 107 0.500000
84 114 0.500000
84 116 0.500000
84 120 0.500000
85 87 0.500000
85 96 0.500000
85 97 0.500000
85 98 0.500000
85 100 0.500000
85 101 0.500000
85 102 0.500000
85 109 0.500000
85 111 0.500000
85 120 0.500000
86 91 0.500000
86 92 0.500000
86 93 0.500000
86 97 0.500000
86 101 0.500000
86 109 0.500000
86 113 0.500000
86 117 0.500000
86 118 0.500000
87 91 0.500000
87 94 0.500000
87 95 0.500000
87 105 0.500000
87 106 0.500000
87 108 0.500000
87 114 0.500000
87 118 0.500000
88 93 0.500000
88 102 0.500000
88 104 0.500000
89 96 0.500000
89 100 0.500000
89 104 0.500000
89 105 0.500000
89 106 0.500000
89 108 0.500000
89 109 0.500000
89 112 0.500000
89 113 0.500000
89 115 0.500000
90 91 0.500000
90 99 0.500000
90 105 0.500000
90 113 0.500000
91 97 0.500000
91 98 0.500000
91 101 0.500000
91 105 0.500000
91 106 0.500000
91 109 0.500000
91 110 0.500000
91 112 0.500000
91 114 0.500000
91 117 0.500000
92 98 0.500000
92 99 0.500000
92 101 0.500000
92 102 0.500000
92 103 0.500000
92 106 0.500000
92 107 0.500000
92 114 0.500000
92 116 0.500000
92 118 0.500000
93 101 0.500000
93 108 0.500000
93 117 0.500000
94 96 0.500000
94 99 0.500000
94 100 0.500000
94 107 0.500000
94 109 0.500000
94 113 0.500000
94 114 0.500000
94 115 0.500000
94 116 0.500000
95 96 0.500000
95 97 0.500000
95 101 0.500000
95 102 0.500000
95 108 0.500000
95 119 0.500000
95 120 0.500000
96 99 0.500000
96 101 0.500000
96 102 0.500000
96 104 0.500000
96 106 0.500000
96 108 0.500000
96 113 0.500000
96 118 0.500000
96 120 0.500000
97 114 0.500000
97 119 0.500000
98 101 0.500000
98 108 0.500000
98 113 0.500000
98 114 0.500000
98 115 0.500000
98 120 0.500000
99 103 0.500000
99 110 0.500000
99 118 0.500000
100 102 0.500000
100 104 0.500000
100 108 0.500000
100 110 0.500000
100 112 0.500000
100 114 0.500000
101 103 0.500000
101 104 0.500000
101 110 0.500000
101 111 0.500000
101 112 0.500000
101 116 0.500000
102 103 0.500000
102 107 0.500000
102 111 0.500000
102 115 0.500000
102 116 0.500000
102 118 0.500000
103 106 0.500000
103 111 0.500000
104 109 0.500000
104 111 0.500000
104 114 0.500000
104 115 0.500000
104 118 0.500000
104 119 0.500000
105 106 0.500000
105 110 0.500000
105 113 0.500000
105 119 0.500000
105 120 0.500000
106 108 0.500000
106 111 0.500000
106 112 0.500000
106 119 0.500000
107 110 0.500000
107 112 0.500000
107 117 0.500000
107 118 0.500000
107 119 0.500000
108 117 0.500000
108 119 0.500000
109 111 0.500000
109 115 0.500000
109 120 0.500000
110 115 0.500000
110 116 0.500000
111 112 0.500000
111 114 0.500000
114 116 0.500000
114 117 0.500000
115 120 0.500000
116 120 0.500000
118 119 0.500000
