120 90 5355
1 2 0.500000
1 3 0.500000
1 4 0.500000
1 8 0.500000
1 11 0.500000
1 12 0.500000
1 13 0.500000
1 14 0.500000
1 15 0.500000
1 16 0.500000
1 17 0.500000
1 18 0.500000
1 19 0.500000
1 20 0.500000
1 21 0.500000
1 22 0.500000
1 23 0.500000
1 25 0.500000
1 26 0.500000
1 27 0.500000
1 28 0.500000
1 30 0.500000
1 31 0.500000
1 32 0.500000
1 34 0.500000
1 35 0.500000
1 36 0.500000
1 37 0.500000
1 38 0.500000
1 39 0.500000
1 41 0.500000
1 44 0.500000
1 45 0.500000
1 46 0.500000
1 47 0.500000
1 49 0.500000
1 50 0.500000
1 52 0.500000
1 53 0.500000
1 54 0.500000
1 55 0.500000
1 58 0.500000
1 60 0.500000
1 61 0.500000
1 63 0.500000
1 64 0.500000
1 66 0.500000
1 67 0.500000
1 68 0.500000
1 69 0.500000
1 70 0.500000
1 72 0.500000
1 74 0.500000
1 76 0.500000
1 77 0.500000
1 78 0.500000
1 79 0.500000
1 80 0.500000
1 81 0.500000
1 82 0.500000
1 84 0.500000
1 85 0.500000
1 86 0.500000
1 87 0.500000
1 89 0.500000
1 91 0.500000
1 93 0.500000
1 95 0.500000
1 96 0.500000
1 97 0.500000
1 98 0.500000
1 99 0.500000
1 101 0.500000
1 102 0.500000
1 104 0.500000
1 105 0.500000
1 106 0.500000
1 107 0.500000
1 108 0.500000
1 109 0.500000
1 111 0.500000
1 112 0.500000
1 113 0.500000
1 114 0.500000
1 115 0.500000
1 116 0.500000
1 117 0.500000
1 119 0.500000
2 4 0.500000
2 6 0.500000
2 7 0.500000
2 9 0.500000
2 10 0.500000
2 11 0.500000
2 12 0.500000
2 13 0.500000
2 14 0.500000
2 15 0.500000
2 17 0.500000
2 18 0.500000
2 19 0.500000
2 20 0.500000
2 22 0.500000
2 23 0.500000
2 24 0.500000
2 26 0.500000
2 27 0.500000
2 29 0.500000
2 30 0.500000
2 31 0.500000
2 32 0.500000
2 34 0.500000
2 36 0.500000
2 37 0.500000
2 38 0.500000
2 39 0.500000
2 41 0.500000
2 42 0.500000
2 43 0.500000
2 44 0.500000
2 45 0.500000
2 47 0.500000
2 48 0.500000
2 51 0.500000
2 52 0.500000
2 53 0.500000
2 54 0.500000
2 55 0.500000
2 56 0.500000
2 57 0.500000
2 58 0.500000
2 60 0.500000
2 62 0.500000
2 63 0.500000
2 64 0.500000
2 65 0.500000
2 66 0.500000
2 67 0.500000
2 68 0.500000
2 70 0.500000
2 72 0.500000
2 73 0.500000
2 76 0.500000
2 77 0.500000
2 78 0.500000
2 79 0.500000
2 80 0.500000
2 84 0.500000
2 86 0.500000
2 87 0.500000
2 89 0.500000
2 90 0.500000
2 91 0.500000
2 94 0.500000
2 95 0.500000
2 96 0.500000
2 97 0.500000
2 98 0.500000
2 99 0.500000
2 101 0.500000
2 102 0.500000
2 104 0.500000
2 105 0.500000
2 106 0.500000
2 109 0.500000
2 110 0.500000
2 111 0.500000
2 112 0.500000
2 114 0.500000
2 115 0.500000
2 116 0.500000
2 118 0.500000
2 119 0.500000
3 4 0.500000
3 5 0.500000
3 7 0.500000
3 8 0.500000
3 9 0.500000
3 10 0.500000
3 11 0.500000
3 12 0.500000
3 13 0.500000
3 14 0.500000
3 15 0.500000
3 17 0.500000
3 19 0.500000
3 20 0.500000
3 21 0.500000
3 22 0.500000
3 25 0.500000
3 26 0.500000
3 27 0.500000
3 29 0.500000
3 31 0.500000
3 32 0.500000
3 33 0.500000
3 35 0.500000
3 36 0.500000
3 37 0.500000
3 38 0.500000
3 40 0.500000
3 42 0.500000
3 43 0.500000
3 44 0.500000
3 45 0.500000
3 47 0.500000
3 48 0.500000
3 49 0.500000
3 50 0.500000
3 51 0.500000
3 55 0.500000
3 56 0.500000
3 57 0.500000
3 59 0.500000
3 60 0.500000
3 61 0.500000
3 65 0.500000
3 66 0.500000
3 67 0.500000
3 68 0.500000
3 69 0.500000
3 71 0.500000
3 72 0.500000
3 73 0.500000
3 75 0.500000
3 76 0.500000
3 77 0.500000
3 79 0.500000
3 80 0.500000
3 81 0.500000
3 82 0.500000
3 84 0.500000
3 85 0.500000
3 86 0.500000
3 87 0.500000
3 88 0.500000
3 89 0.500000
3 90 0.500000
3 91 0.500000
3 94 0.500000
3 95 0.500000
3 96 0.500000
3 98 0.500000
3 99 0.500000
3 101 0.500000
3 102 0.500000
3 103 0.500000
3 104 0.500000
3 105 0.500000
3 106 0.500000
3 107 0.500000
3 108 0.500000
3 109 0.500000
3 112 0.500000
3 113 0.500000
3 114 0.500000
3 115 0.500000
3 116 0.500000
3 117 0.500000
3 118 0.500000
3 119 0.500000
3 120 0.500000
4 5 0.500000
4 7 0.500000
4 8 0.500000
4 9 0.500000
4 10 0.500000
4 11 0.500000
4 12 0.500000
4 13 0.500000
4 14 0.500000
4 15 0.500000
4 17 0.500000
4 19 0.500000
4 20 0.500000
4 22 0.500000
4 23 0.500000
4 24 0.500000
4 25 0.500000
4 26 0.500000
4 28 0.500000
4 30 0.500000
4 31 0.500000
4 32 0.500000
4 34 0.500000
4 35 0.500000
4 36 0.500000
4 39 0.500000
4 40 0.500000
4 41 0.500000
4 43 0.500000
4 44 0.500000
4 45 0.500000
4 48 0.500000
4 49 0.500000
4 50 0.500000
4 51 0.500000
4 53 0.500000
4 55 0.500000
4 56 0.500000
4 57 0.500000
4 59 0.500000
4 60 0.500000
4 61 0.500000
4 62 0.500000
4 63 0.500000
4 65 0.500000
4 66 0.500000
4 67 0.500000
4 69 0.500000
4 70 0.500000
4 73 0.500000
4 74 0.500000
4 75 0.500000
4 76 0.500000
4 77 0.500000
4 79 0.500000
4 82 0.500000
4 83 0.500000
4 85 0.500000
4 86 0.500000
4 87 0.500000
4 88 0.500000
4 91 0.500000
4 92 0.500000
4 93 0.500000
4 94 0.500000
4 95 0.500000
4 96 0.500000
4 97 0.500000
4 99 0.500000
4 100 0.500000
4 101 0.500000
4 103 0.500000
4 104 0.500000
4 105 0.500000
4 107 0.500000
4 108 0.500000
4 109 0.500000
4 111 0.500000
4 112 0.500000
4 113 0.500000
4 114 0.500000
4 115 0.500000
4 116 0.500000
4 117 0.500000
4 118 0.500000
4 120 0.500000
5 6 0.500000
5 7 0.500000
5 8 0.500000
5 10 0.500000
5 11 0.500000
5 13 0.500000
5 14 0.500000
5 15 0.500000
5 17 0.500000
5 18 0.500000
5 21 0.500000
5 22 0.500000
5 24 0.500000
5 26 0.500000
5 27 0.500000
5 29 0.500000
5 30 0.500000
5 32 0.500000
5 33 0.500000
5 34 0.500000
5 35 0.500000
5 36 0.500000
5 37 0.500000
5 39 0.500000
5 40 0.500000
5 41 0.500000
5 42 0.500000
5 43 0.500000
5 45 0.500000
5 47 0.500000
5 48 0.500000
5 51 0.500000
5 52 0.500000
5 53 0.500000
5 54 0.500000
5 55 0.500000
5 56 0.500000
5 59 0.500000
5 60 0.500000
5 61 0.500000
5 62 0.500000
5 63 0.500000
5 64 0.500000
5 65 0.500000
5 66 0.500000
5 67 0.500000
5 72 0.500000
5 74 0.500000
5 75 0.500000
5 77 0.500000
5 78 0.500000
5 79 0.500000
5 80 0.500000
5 82 0.500000
5 83 0.500000
5 85 0.500000
5 88 0.500000
5 89 0.500000
5 90 0.500000
5 91 0.500000
5 92 0.500000
5 93 0.500000
5 94 0.500000
5 95 0.500000
5 98 0.500000
5 99 0.500000
5 100 0.500000
5 101 0.500000
5 102 0.500000
5 103 0.500000
5 104 0.500000
5 105 0.500000
5 106 0.500000
5 107 0.500000
5 108 0.500000
5 109 0.500000
5 110 0.500000
5 111 0.500000
5 113 0.500000
5 114 0.500000
5 116 0.500000
5 119 0.500000
6 8 0.500000
6 10 0.500000
6 11 0.500000
6 12 0.500000
6 13 0.500000
6 14 0.500000
6 16 0.500000
6 17 0.500000
6 18 0.500000
6 19 0.500000
6 20 0.500000
6 21 0.500000
6 23 0.500000
6 24 0.500000
6 25 0.500000
6 27 0.500000
6 29 0.500000
6 30 0.500000
6 31 0.500000
6 32 0.500000
6 33 0.500000
6 34 0.500000
6 35 0.500000
6 39 0.500000
6 40 0.500000
6 41 0.500000
6 42 0.500000
6 43 0.500000
6 45 0.500000
6 47 0.500000
6 48 0.500000
6 49 0.500000
6 50 0.500000
6 51 0.500000
6 52 0.500000
6 53 0.500000
6 54 0.500000
6 55 0.500000
6 56 0.500000
6 59 0.500000
6 60 0.500000
6 61 0.500000
6 62 0.500000
6 63 0.500000
6 64 0.500000
6 65 0.500000
6 66 0.500000
6 67 0.500000
6 68 0.500000
6 69 0.500000
6 70 0.500000
6 72 0.500000
6 73 0.500000
6 74 0.500000
6 75 0.500000
6 76 0.500000
6 77 0.500000
6 78 0.500000
6 80 0.500000
6 81 0.500000
6 82 0.500000
6 83 0.500000
6 84 0.500000
6 85 0.500000
6 86 0.500000
6 87 0.500000
6 89 0.500000
6 90 0.500000
6 92 0.500000
6 95 0.500000
6 97 0.500000
6 98 0.500000
6 99 0.500000
6 100 0.500000
6 101 0.500000
6 102 0.500000
6 103 0.500000
6 104 0.500000
6 105 0.500000
6 106 0.500000
6 107 0.500000
6 108 0.500000
6 109 0.500000
6 110 0.500000
6 111 0.500000
6 112 0.500000
6 113 0.500000
6 114 0.500000
6 115 0.500000
6 116 0.500000
6 117 0.500000
6 118 0.500000
6 119 0.500000
6 120 0.500000
7 8 0.500000
7 9 0.500000
7 10 0.500000
7 11 0.500000
7 12 0.500000
7 13 0.500000
7 14 0.500000
7 18 0.500000
7 19 0.500000
7 20 0.500000
7 23 0.500000
7 24 0.500000
7 25 0.500000
7 26 0.500000
7 27 0.500000
7 28 0.500000
7 29 0.500000
7 30 0.500000
7 31 0.500000
7 32 0.500000
7 34 0.500000
7 35 0.500000
7 36 0.500000
7 37 0.500000
7 38 0.500000
7 39 0.500000
7 40 0.500000
7 41 0.500000
7 43 0.500000
7 44 0.500000
7 45 0.500000
7 46 0.500000
7 47 0.500000
7 48 0.500000
7 49 0.500000
7 50 0.500000
7 52 0.500000
7 53 0.500000
7 54 0.500000
7 55 0.500000
7 56 0.500000
7 58 0.500000
7 60 0.500000
7 61 0.500000
7 62 0.500000
7 65 0.500000
7 66 0.500000
7 67 0.500000
7 68 0.500000
7 69 0.500000
7 70 0.500000
7 71 0.500000
7 72 0.500000
7 73 0.500000
7 76 0.500000
7 77 0.500000
7 79 0.500000
7 80 0.500000
7 81 0.500000
7 82 0.500000
7 83 0.500000
7 84 0.500000
7 85 0.500000
7 86 0.500000
7 87 0.500000
7 88 0.500000
7 89 0.500000
7 90 0.500000
7 91 0.500000
7 93 0.500000
7 95 0.500000
7 96 0.500000
7 97 0.500000
7 98 0.500000
7 102 0.500000
7 103 0.500000
7 104 0.500000
7 105 0.500000
7 106 0.500000
7 109 0.500000
7 111 0.500000
7 112 0.500000
7 114 0.500000
7 116 0.500000
7 117 0.500000
7 118 0.500000
8 9 0.500000
8 11 0.500000
8 12 0.500000
8 13 0.500000
8 15 0.500000
8 16 0.500000
8 17 0.500000
8 19 0.500000
8 20 0.500000
8 21 0.500000
8 22 0.500000
8 23 0.500000
8 24 0.500000
8 25 0.500000
8 26 0.500000
8 27 0.500000
8 28 0.500000
8 31 0.500000
8 32 0.500000
8 33 0.500000
8 34 0.500000
8 35 0.500000
8 37 0.500000
8 38 0.500000
8 39 0.500000
8 40 0.500000
8 41 0.500000
8 42 0.500000
8 43 0.500000
8 45 0.500000
8 46 0.500000
8 47 0.500000
8 48 0.500000
8 49 0.500000
8 50 0.500000
8 51 0.500000
8 52 0.500000
8 53 0.500000
8 55 0.500000
8 56 0.500000
8 57 0.500000
8 58 0.500000
8 59 0.500000
8 60 0.500000
8 61 0.500000
8 63 0.500000
8 66 0.500000
8 67 0.500000
8 68 0.500000
8 69 0.500000
8 70 0.500000
8 73 0.500000
8 74 0.500000
8 76 0.500000
8 77 0.500000
8 78 0.500000
8 79 0.500000
8 80 0.500000
8 81 0.500000
8 83 0.500000
8 84 0.500000
8 85 0.500000
8 86 0.500000
8 88 0.500000
8 90 0.500000
8 91 0.500000
8 93 0.500000
8 94 0.500000
8 95 0.500000
8 96 0.500000
8 98 0.500000
8 99 0.500000
8 101 0.500000
8 102 0.500000
8 103 0.500000
8 104 0.500000
8 105 0.500000
8 107 0.500000
8 108 0.500000
8 110 0.500000
8 111 0.500000
8 115 0.500000
8 116 0.500000
8 117 0.500000
8 118 0.500000
8 119 0.500000
8 120 0.500000
9 10 0.500000
9 11 0.500000
9 12 0.500000
9 13 0.500000
9 14 0.500000
9 16 0.500000
9 17 0.500000
9 18 0.500000
9 19 0.500000
9 20 0.500000
9 21 0.500000
9 22 0.500000
9 23 0.500000
9 24 0.500000
9 25 0.500000
9 27 0.500000
9 28 0.500000
9 29 0.500000
9 31 0.500000
9 33 0.500000
9 34 0.500000
9 35 0.500000
9 36 0.500000
9 37 0.500000
9 38 0.500000
9 39 0.500000
9 40 0.500000
9 41 0.500000
9 42 0.500000
9 45 0.500000
9 46 0.500000
9 51 0.500000
9 52 0.500000
9 53 0.500000
9 56 0.500000
9 57 0.500000
9 59 0.500000
9 60 0.500000
9 61 0.500000
9 63 0.500000
9 64 0.500000
9 65 0.500000
9 66 0.500000
9 69 0.500000
9 71 0.500000
9 73 0.500000
9 74 0.500000
9 76 0.500000
9 78 0.500000
9 80 0.500000
9 81 0.500000
9 83 0.500000
9 84 0.500000
9 85 0.500000
9 87 0.500000
9 88 0.500000
9 89 0.500000
9 91 0.500000
9 93 0.500000
9 94 0.500000
9 96 0.500000
9 97 0.500000
9 98 0.500000
9 99 0.500000
9 100 0.500000
9 101 0.500000
9 102 0.500000
9 104 0.500000
9 105 0.500000
9 106 0.500000
9 107 0.500000
9 109 0.500000
9 110 0.500000
9 111 0.500000
9 112 0.500000
9 113 0.500000
9 115 0.500000
9 116 0.500000
9 117 0.500000
9 118 0.500000
9 120 0.500000
10 11 0.500000
10 13 0.500000
10 14 0.500000
10 15 0.500000
10 16 0.500000
10 17 0.500000
10 18 0.500000
10 19 0.500000
10 20 0.500000
10 21 0.500000
10 22 0.500000
10 24 0.500000
10 25 0.500000
10 26 0.500000
10 27 0.500000
10 28 0.500000
10 30 0.500000
10 31 0.500000
10 32 0.500000
10 33 0.500000
10 34 0.500000
10 37 0.500000
10 39 0.500000
10 42 0.500000
10 43 0.500000
10 44 0.500000
10 45 0.500000
10 46 0.500000
10 47 0.500000
10 48 0.500000
10 49 0.500000
10 51 0.500000
10 52 0.500000
10 53 0.500000
10 55 0.500000
10 56 0.500000
10 57 0.500000
10 59 0.500000
10 60 0.500000
10 61 0.500000
10 63 0.500000
10 64 0.500000
10 65 0.500000
10 66 0.500000
10 67 0.500000
10 68 0.500000
10 69 0.500000
10 72 0.500000
10 73 0.500000
10 74 0.500000
10 76 0.500000
10 77 0.500000
10 78 0.500000
10 79 0.500000
10 80 0.500000
10 81 0.500000
10 82 0.500000
10 83 0.500000
10 84 0.500000
10 85 0.500000
10 87 0.500000
10 88 0.500000
10 91 0.500000
10 92 0.500000
10 93 0.500000
10 94 0.500000
10 96 0.500000
10 97 0.500000
10 98 0.500000
10 99 0.500000
10 100 0.500000
10 101 0.500000
10 102 0.500000
10 103 0.500000
10 104 0.500000
10 106 0.500000
10 108 0.500000
10 110 0.500000
10 111 0.500000
10 112 0.500000
10 113 0.500000
10 114 0.500000
10 115 0.500000
10 116 0.500000
10 117 0.500000
10 118 0.500000
10 119 0.500000
10 120 0.500000
11 12 0.500000
11 13 0.500000
11 14 0.500000
11 15 0.500000
11 16 0.500000
11 17 0.500000
11 18 0.500000
11 19 0.500000
11 20 0.500000
11 21 0.500000
11 22 0.500000
11 23 0.500000
11 24 0.500000
11 25 0.500000
11 26 0.500000
11 27 0.500000
11 29 0.500000
11 30 0.500000
11 31 0.500000
11 33 0.500000
11 36 0.500000
11 37 0.500000
11 38 0.500000
11 39 0.500000
11 41 0.500000
11 42 0.500000
11 44 0.500000
11 47 0.500000
11 48 0.500000
11 49 0.500000
11 51 0.500000
11 52 0.500000
11 53 0.500000
11 54 0.500000
11 56 0.500000
11 59 0.500000
11 60 0.500000
11 62 0.500000
11 63 0.500000
11 64 0.500000
11 65 0.500000
11 66 0.500000
11 67 0.500000
11 68 0.500000
11 70 0.500000
11 71 0.500000
11 73 0.500000
11 77 0.500000
11 78 0.500000
11 79 0.500000
11 80 0.500000
11 81 0.500000
11 84 0.500000
11 85 0.500000
11 88 0.500000
11 90 0.500000
11 91 0.500000
11 92 0.500000
11 93 0.500000
11 95 0.500000
11 96 0.500000
11 98 0.500000
11 99 0.500000
11 100 0.500000
11 102 0.500000
11 103 0.500000
11 104 0.500000
11 105 0.500000
11 107 0.500000
11 108 0.500000
11 110 0.500000
11 111 0.500000
11 112 0.500000
11 113 0.500000
11 114 0.500000
11 115 0.500000
11 117 0.500000
11 118 0.500000
11 120 0.500000
12 13 0.500000
12 15 0.500000
12 16 0.500000
12 17 0.500000
12 18 0.500000
12 19 0.500000
12 23 0.500000
12 24 0.500000
12 25 0.500000
12 26 0.500000
12 28 0.500000
12 29 0.500000
12 31 0.500000
12 32 0.500000
12 33 0.500000
12 34 0.500000
12 35 0.500000
12 36 0.500000
12 37 0.500000
12 38 0.500000
12 39 0.500000
12 40 0.500000
12 41 0.500000
12 43 0.500000
12 44 0.500000
12 45 0.500000
12 46 0.500000
12 47 0.500000
12 48 0.500000
12 49 0.500000
12 50 0.500000
12 51 0.500000
12 53 0.500000
12 54 0.500000
12 55 0.500000
12 56 0.500000
12 57 0.500000
12 58 0.500000
12 59 0.500000
12 63 0.500000
12 67 0.500000
12 68 0.500000
12 69 0.500000
12 70 0.500000
12 71 0.500000
12 74 0.500000
12 75 0.500000
12 76 0.500000
12 78 0.500000
12 80 0.500000
12 81 0.500000
12 85 0.500000
12 88 0.500000
12 89 0.500000
12 90 0.500000
12 91 0.500000
12 92 0.500000
12 93 0.500000
12 94 0.500000
12 95 0.500000
12 96 0.500000
12 98 0.500000
12 99 0.500000
12 101 0.500000
12 102 0.500000
12 107 0.500000
12 108 0.500000
12 109 0.500000
12 110 0.500000
12 112 0.500000
12 113 0.500000
12 114 0.500000
12 115 0.500000
12 116 0.500000
12 117 0.500000
12 118 0.500000
12 120 0.500000
13 14 0.500000
13 15 0.500000
13 16 0.500000
13 17 0.500000
13 18 0.500000
13 19 0.500000
13 20 0.500000
13 21 0.500000
13 23 0.500000
13 24 0.500000
13 26 0.500000
13 27 0.500000
13 28 0.500000
13 29 0.500000
13 30 0.500000
13 31 0.500000
13 33 0.500000
13 35 0.500000
13 36 0.500000
13 37 0.500000
13 39 0.500000
13 40 0.500000
13 42 0.500000
13 44 0.500000
13 45 0.500000
13 46 0.500000
13 47 0.500000
13 48 0.500000
13 49 0.500000
13 50 0.500000
13 52 0.500000
13 53 0.500000
13 54 0.500000
13 55 0.500000
13 59 0.500000
13 62 0.500000
13 63 0.500000
13 64 0.500000
13 66 0.500000
13 67 0.500000
13 69 0.500000
13 71 0.500000
13 72 0.500000
13 73 0.500000
13 74 0.500000
13 76 0.500000
13 77 0.500000
13 79 0.500000
13 80 0.500000
13 81 0.500000
13 82 0.500000
13 83 0.500000
13 84 0.500000
13 86 0.500000
13 87 0.500000
13 88 0.500000
13 89 0.500000
13 92 0.500000
13 93 0.500000
13 94 0.500000
13 95 0.500000
13 96 0.500000
13 97 0.500000
13 98 0.500000
13 100 0.500000
13 102 0.500000
13 104 0.500000
13 105 0.500000
13 107 0.500000
13 109 0.500000
13 110 0.500000
13 112 0.500000
13 113 0.500000
13 116 0.500000
13 117 0.500000
13 119 0.500000
13 120 0.500000
14 15 0.500000
14 17 0.500000
14 18 0.500000
14 20 0.500000
14 21 0.500000
14 23 0.500000
14 24 0.500000
14 25 0.500000
14 26 0.500000
14 27 0.500000
14 28 0.500000
14 29 0.500000
14 30 0.500000
14 33 0.500000
14 34 0.500000
14 35 0.500000
14 37 0.500000
14 38 0.500000
14 39 0.500000
14 40 0.500000
14 43 0.500000
14 44 0.500000
14 45 0.500000
14 47 0.500000
14 48 0.500000
14 49 0.500000
14 50 0.500000
14 51 0.500000
14 52 0.500000
14 53 0.500000
14 54 0.500000
14 55 0.500000
14 56 0.500000
14 57 0.500000
14 58 0.500000
14 59 0.500000
14 60 0.500000
14 61 0.500000
14 62 0.500000
14 63 0.500000
14 64 0.500000
14 65 0.500000
14 67 0.500000
14 68 0.500000
14 71 0.500000
14 72 0.500000
14 74 0.500000
14 77 0.500000
14 78 0.500000
14 80 0.500000
14 82 0.500000
14 83 0.500000
14 84 0.500000
14 85 0.500000
14 86 0.500000
14 87 0.500000
14 88 0.500000
14 89 0.500000
14 90 0.500000
14 91 0.500000
14 93 0.500000
14 94 0.500000
14 95 0.500000
14 99 0.500000
14 100 0.500000
14 101 0.500000
14 102 0.500000
14 103 0.500000
14 104 0.500000
14 105 0.500000
14 106 0.500000
14 108 0.500000
14 109 0.500000
14 110 0.500000
14 111 0.500000
14 112 0.500000
14 113 0.500000
14 114 0.500000
14 115 0.500000
14 117 0.500000
14 118 0.500000
14 119 0.500000
14 120 0.500000
15 17 0.500000
15 18 0.500000
15 19 0.500000
15 20 0.500000
15 21 0.500000
15 25 0.500000
15 26 0.500000
15 28 0.500000
15 30 0.500000
15 31 0.500000
15 33 0.500000
15 34 0.500000
15 35 0.500000
15 36 0.500000
15 37 0.500000
15 38 0.500000
15 39 0.500000
15 41 0.500000
15 42 0.500000
15 43 0.500000
15 44 0.500000
15 45 0.500000
15 49 0.500000
15 54 0.500000
15 55 0.500000
15 56 0.500000
15 59 0.500000
15 61 0.500000
15 64 0.500000
15 65 0.500000
15 66 0.500000
15 67 0.500000
15 68 0.500000
15 69 0.500000
15 70 0.500000
15 71 0.500000
15 72 0.500000
15 73 0.500000
15 74 0.500000
15 75 0.500000
15 76 0.500000
15 77 0.500000
15 78 0.500000
15 79 0.500000
15 80 0.500000
15 81 0.500000
15 82 0.500000
15 83 0.500000
15 85 0.500000
15 87 0.500000
15 88 0.500000
15 90 0.500000
15 91 0.500000
15 92 0.500000
15 93 0.500000
15 94 0.500000
15 95 0.500000
15 97 0.500000
15 99 0.500000
15 100 0.500000
15 101 0.500000
15 102 0.500000
15 103 0.500000
15 106 0.500000
15 107 0.500000
15 108 0.500000
15 109 0.500000
15 112 0.500000
15 113 0.500000
15 114 0.500000
15 115 0.500000
15 117 0.500000
15 118 0.500000
15 119 0.500000
15 120 0.500000
16 17 0.500000
16 18 0.500000
16 19 0.500000
16 20 0.500000
16 21 0.500000
16 22 0.500000
16 23 0.500000
16 24 0.500000
16 25 0.500000
16 26 0.500000
16 27 0.500000
16 28 0.500000
16 29 0.500000
16 30 0.500000
16 32 0.500000
16 34 0.500000
16 35 0.500000
16 37 0.500000
16 38 0.500000
16 41 0.500000
16 43 0.500000
16 44 0.500000
16 45 0.500000
16 46 0.500000
16 48 0.500000
16 50 0.500000
16 51 0.500000
16 53 0.500000
16 54 0.500000
16 55 0.500000
16 56 0.500000
16 57 0.500000
16 59 0.500000
16 60 0.500000
16 62 0.500000
16 63 0.500000
16 65 0.500000
16 66 0.500000
16 67 0.500000
16 68 0.500000
16 69 0.500000
16 71 0.500000
16 73 0.500000
16 74 0.500000
16 75 0.500000
16 76 0.500000
16 77 0.500000
16 78 0.500000
16 79 0.500000
16 80 0.500000
16 81 0.500000
16 82 0.500000
16 83 0.500000
16 84 0.500000
16 85 0.500000
16 86 0.500000
16 87 0.500000
16 88 0.500000
16 90 0.500000
16 93 0.500000
16 96 0.500000
16 97 0.500000
16 98 0.500000
16 100 0.500000
16 101 0.500000
16 104 0.500000
16 105 0.500000
16 107 0.500000
16 108 0.500000
16 109 0.500000
16 110 0.500000
16 111 0.500000
16 112 0.500000
16 114 0.500000
16 116 0.500000
16 117 0.500000
16 118 0.500000
16 119 0.500000
16 120 0.500000
17 18 0.500000
17 19 0.500000
17 20 0.500000
17 21 0.500000
17 23 0.500000
17 24 0.500000
17 25 0.500000
17 26 0.500000
17 27 0.500000
17 29 0.500000
17 30 0.500000
17 31 0.500000
17 32 0.500000
17 33 0.500000
17 34 0.500000
17 35 0.500000
17 36 0.500000
17 38 0.500000
17 39 0.500000
17 40 0.500000
17 41 0.500000
17 43 0.500000
17 44 0.500000
17 45 0.500000
17 46 0.500000
17 48 0.500000
17 50 0.500000
17 51 0.500000
17 52 0.500000
17 54 0.500000
17 55 0.500000
17 56 0.500000
17 57 0.500000
17 59 0.500000
17 61 0.500000
17 62 0.500000
17 64 0.500000
17 65 0.500000
17 66 0.500000
17 67 0.500000
17 69 0.500000
17 70 0.500000
17 71 0.500000
17 73 0.500000
17 75 0.500000
17 76 0.500000
17 77 0.500000
17 78 0.500000
17 79 0.500000
17 81 0.500000
17 84 0.500000
17 85 0.500000
17 86 0.500000
17 87 0.500000
17 89 0.500000
17 90 0.500000
17 91 0.500000
17 94 0.500000
17 96 0.500000
17 97 0.500000
17 98 0.500000
17 102 0.500000
17 105 0.500000
17 106 0.500000
17 107 0.500000
17 108 0.500000
17 110 0.500000
17 112 0.500000
17 113 0.500000
17 114 0.500000
17 115 0.500000
17 116 0.500000
17 118 0.500000
17 119 0.500000
17 120 0.500000
18 19 0.500000
18 20 0.500000
18 21 0.500000
18 22 0.500000
18 23 0.500000
18 24 0.500000
18 25 0.500000
18 26 0.500000
18 28 0.500000
18 29 0.500000
18 30 0.500000
18 31 0.500000
18 33 0.500000
18 34 0.500000
18 38 0.500000
18 39 0.500000
18 40 0.500000
18 41 0.500000
18 42 0.500000
18 43 0.500000
18 44 0.500000
18 45 0.500000
18 46 0.500000
18 47 0.500000
18 48 0.500000
18 49 0.500000
18 50 0.500000
18 52 0.500000
18 55 0.500000
18 57 0.500000
18 58 0.500000
18 60 0.500000
18 61 0.500000
18 62 0.500000
18 63 0.500000
18 64 0.500000
18 65 0.500000
18 66 0.500000
18 69 0.500000
18 70 0.500000
18 71 0.500000
18 72 0.500000
18 73 0.500000
18 74 0.500000
18 75 0.500000
18 76 0.500000
18 79 0.500000
18 80 0.500000
18 85 0.500000
18 88 0.500000
18 90 0.500000
18 91 0.500000
18 92 0.500000
18 93 0.500000
18 94 0.500000
18 97 0.500000
18 98 0.500000
18 100 0.500000
18 101 0.500000
18 103 0.500000
18 104 0.500000
18 105 0.500000
18 108 0.500000
18 110 0.500000
18 111 0.500000
18 112 0.500000
18 113 0.500000
18 114 0.500000
18 115 0.500000
18 116 0.500000
18 117 0.500000
18 118 0.500000
18 119 0.500000
18 120 0.500000
19 20 0.500000
19 22 0.500000
19 24 0.500000
19 25 0.500000
19 26 0.500000
19 27 0.500000
19 28 0.500000
19 29 0.500000
19 30 0.500000
19 32 0.500000
19 33 0.500000
19 35 0.500000
19 36 0.500000
19 37 0.500000
19 38 0.500000
19 39 0.500000
19 40 0.500000
19 41 0.500000
19 42 0.500000
19 43 0.500000
19 44 0.500000
19 45 0.500000
19 46 0.500000
19 47 0.500000
19 48 0.500000
19 49 0.500000
19 50 0.500000
19 51 0.500000
19 53 0.500000
19 54 0.500000
19 55 0.500000
19 56 0.500000
19 57 0.500000
19 60 0.500000
19 61 0.500000
19 62 0.500000
19 63 0.500000
19 64 0.500000
19 65 0.500000
19 66 0.500000
19 67 0.500000
19 68 0.500000
19 69 0.500000
19 70 0.500000
19 71 0.500000
19 72 0.500000
19 73 0.500000
19 75 0.500000
19 78 0.500000
19 79 0.500000
19 81 0.500000
19 82 0.500000
19 84 0.500000
19 87 0.500000
19 88 0.500000
19 89 0.500000
19 90 0.500000
19 92 0.500000
19 93 0.500000
19 94 0.500000
19 96 0.500000
19 98 0.500000
19 100 0.500000
19 101 0.500000
19 102 0.500000
19 103 0.500000
19 105 0.500000
19 106 0.500000
19 107 0.500000
19 108 0.500000
19 109 0.500000
19 110 0.500000
19 111 0.500000
19 112 0.500000
19 113 0.500000
19 114 0.500000
19 115 0.500000
19 116 0.500000
19 119 0.500000
19 120 0.500000
20 21 0.500000
20 22 0.500000
20 23 0.500000
20 24 0.500000
20 25 0.500000
20 26 0.500000
20 27 0.500000
20 28 0.500000
20 30 0.500000
20 36 0.500000
20 37 0.500000
20 38 0.500000
20 41 0.500000
20 43 0.500000
20 44 0.500000
20 46 0.500000
20 47 0.500000
20 48 0.500000
20 50 0.500000
20 51 0.500000
20 53 0.500000
20 54 0.500000
20 55 0.500000
20 56 0.500000
20 57 0.500000
20 58 0.500000
20 59 0.500000
20 61 0.500000
20 62 0.500000
20 63 0.500000
20 64 0.500000
20 65 0.500000
20 67 0.500000
20 68 0.500000
20 69 0.500000
20 70 0.500000
20 71 0.500000
20 72 0.500000
20 73 0.500000
20 74 0.500000
20 75 0.500000
20 76 0.500000
20 77 0.500000
20 78 0.500000
20 79 0.500000
20 80 0.500000
20 81 0.500000
20 82 0.500000
20 83 0.500000
20 84 0.500000
20 85 0.500000
20 86 0.500000
20 87 0.500000
20 88 0.500000
20 89 0.500000
20 90 0.500000
20 92 0.500000
20 93 0.500000
20 94 0.500000
20 95 0.500000
20 96 0.500000
20 97 0.500000
20 99 0.500000
20 100 0.500000
20 101 0.500000
20 102 0.500000
20 104 0.500000
20 105 0.500000
20 107 0.500000
20 109 0.500000
20 110 0.500000
20 112 0.500000
20 113 0.500000
20 114 0.500000
20 116 0.500000
20 118 0.500000
20 119 0.500000
20 120 0.500000
21 22 0.500000
21 24 0.500000
21 26 0.500000
21 27 0.500000
21 28 0.500000
21 30 0.500000
21 31 0.500000
21 32 0.500000
21 33 0.500000
21 34 0.500000
21 35 0.500000
21 37 0.500000
21 38 0.500000
21 39 0.500000
21 40 0.500000
21 41 0.500000
21 43 0.500000
21 44 0.500000
21 45 0.500000
21 47 0.500000
21 48 0.500000
21 49 0.500000
21 50 0.500000
21 53 0.500000
21 54 0.500000
21 56 0.500000
21 57 0.500000
21 58 0.500000
21 59 0.500000
21 61 0.500000
21 62 0.500000
21 63 0.500000
21 66 0.500000
21 67 0.500000
21 68 0.500000
21 69 0.500000
21 71 0.500000
21 72 0.500000
21 73 0.500000
21 75 0.500000
21 76 0.500000
21 77 0.500000
21 79 0.500000
21 80 0.500000
21 81 0.500000
21 82 0.500000
21 83 0.500000
21 84 0.500000
21 85 0.500000
21 86 0.500000
21 87 0.500000
21 88 0.500000
21 89 0.500000
21 90 0.500000
21 91 0.500000
21 93 0.500000
21 95 0.500000
21 96 0.500000
21 97 0.500000
21 98 0.500000
21 99 0.500000
21 100 0.500000
21 101 0.500000
21 102 0.500000
21 103 0.500000
21 104 0.500000
21 105 0.500000
21 106 0.500000
21 107 0.500000
21 108 0.500000
21 109 0.500000
21 110 0.500000
21 112 0.500000
21 113 0.500000
21 115 0.500000
21 116 0.500000
21 117 0.500000
21 118 0.500000
21 120 0.500000
22 23 0.500000
22 24 0.500000
22 25 0.500000
22 26 0.500000
22 27 0.500000
22 28 0.500000
22 29 0.500000
22 30 0.500000
22 31 0.500000
22 32 0.500000
22 33 0.500000
22 34 0.500000
22 35 0.500000
22 36 0.500000
22 39 0.500000
22 40 0.500000
22 41 0.500000
22 42 0.500000
22 43 0.500000
22 44 0.500000
22 45 0.500000
22 46 0.500000
22 47 0.500000
22 48 0.500000
22 49 0.500000
22 50 0.500000
22 51 0.500000
22 52 0.500000
22 53 0.500000
22 55 0.500000
22 56 0.500000
22 57 0.500000
22 59 0.500000
22 61 0.500000
22 62 0.500000
22 64 0.500000
22 65 0.500000
22 66 0.500000
22 68 0.500000
22 69 0.500000
22 70 0.500000
22 71 0.500000
22 72 0.500000
22 73 0.500000
22 74 0.500000
22 77 0.500000
22 78 0.500000
22 80 0.500000
22 81 0.500000
22 82 0.500000
22 83 0.500000
22 84 0.500000
22 86 0.500000
22 87 0.500000
22 89 0.500000
22 90 0.500000
22 93 0.500000
22 94 0.500000
22 95 0.500000
22 96 0.500000
22 98 0.500000
22 99 0.500000
22 101 0.500000
22 103 0.500000
22 104 0.500000
22 106 0.500000
22 107 0.500000
22 108 0.500000
22 109 0.500000
22 110 0.500000
22 111 0.500000
22 113 0.500000
22 115 0.500000
22 116 0.500000
22 118 0.500000
22 119 0.500000
22 120 0.500000
23 24 0.500000
23 25 0.500000
23 26 0.500000
23 27 0.500000
23 28 0.500000
23 29 0.500000
23 30 0.500000
23 31 0.500000
23 32 0.500000
23 33 0.500000
23 34 0.500000
23 36 0.500000
23 37 0.500000
23 39 0.500000
23 40 0.500000
23 41 0.500000
23 42 0.500000
23 43 0.500000
23 44 0.500000
23 45 0.500000
23 46 0.500000
23 47 0.500000
23 51 0.500000
23 52 0.500000
23 54 0.500000
23 56 0.500000
23 57 0.500000
23 58 0.500000
23 61 0.500000
23 63 0.500000
23 65 0.500000
23 66 0.500000
23 67 0.500000
23 68 0.500000
23 69 0.500000
23 70 0.500000
23 71 0.500000
23 74 0.500000
23 77 0.500000
23 80 0.500000
23 81 0.500000
23 82 0.500000
23 83 0.500000
23 85 0.500000
23 86 0.500000
23 87 0.500000
23 90 0.500000
23 91 0.500000
23 92 0.500000
23 93 0.500000
23 94 0.500000
23 95 0.500000
23 96 0.500000
23 97 0.500000
23 98 0.500000
23 99 0.500000
23 100 0.500000
23 102 0.500000
23 103 0.500000
23 104 0.500000
23 105 0.500000
23 106 0.500000
23 107 0.500000
23 108 0.500000
23 109 0.500000
23 110 0.500000
23 111 0.500000
23 112 0.500000
23 113 0.500000
23 114 0.500000
23 115 0.500000
23 116 0.500000
23 117 0.500000
23 118 0.500000
24 25 0.500000
24 27 0.500000
24 29 0.500000
24 34 0.500000
24 35 0.500000
24 36 0.500000
24 38 0.500000
24 39 0.500000
24 40 0.500000
24 44 0.500000
24 45 0.500000
24 46 0.500000
24 47 0.500000
24 48 0.500000
24 49 0.500000
24 50 0.500000
24 51 0.500000
24 53 0.500000
24 54 0.500000
24 55 0.500000
24 56 0.500000
24 57 0.500000
24 58 0.500000
24 62 0.500000
24 63 0.500000
24 64 0.500000
24 65 0.500000
24 66 0.500000
24 70 0.500000
24 71 0.500000
24 73 0.500000
24 74 0.500000
24 75 0.500000
24 76 0.500000
24 77 0.500000
24 78 0.500000
24 79 0.500000
24 80 0.500000
24 81 0.500000
24 82 0.500000
24 83 0.500000
24 84 0.500000
24 85 0.500000
24 86 0.500000
24 91 0.500000
24 93 0.500000
24 94 0.500000
24 95 0.500000
24 97 0.500000
24 98 0.500000
24 99 0.500000
24 101 0.500000
24 102 0.500000
24 103 0.500000
24 104 0.500000
24 105 0.500000
24 106 0.500000
24 108 0.500000
24 110 0.500000
24 111 0.500000
24 113 0.500000
24 114 0.500000
24 117 0.500000
24 118 0.500000
24 119 0.500000
24 120 0.500000
25 26 0.500000
25 27 0.500000
25 28 0.500000
25 29 0.500000
25 32 0.500000
25 34 0.500000
25 35 0.500000
25 36 0.500000
25 37 0.500000
25 38 0.500000
25 41 0.500000
25 42 0.500000
25 44 0.500000
25 45 0.500000
25 46 0.500000
25 48 0.500000
25 49 0.500000
25 50 0.500000
25 51 0.500000
25 52 0.500000
25 53 0.500000
25 54 0.500000
25 55 0.500000
25 56 0.500000
25 57 0.500000
25 58 0.500000
25 59 0.500000
25 60 0.500000
25 61 0.500000
25 65 0.500000
25 66 0.500000
25 67 0.500000
25 70 0.500000
25 71 0.500000
25 72 0.500000
25 74 0.500000
25 75 0.500000
25 76 0.500000
25 79 0.500000
25 80 0.500000
25 82 0.500000
25 83 0.500000
25 84 0.500000
25 86 0.500000
25 87 0.500000
25 88 0.500000
25 89 0.500000
25 90 0.500000
25 91 0.500000
25 92 0.500000
25 93 0.500000
25 94 0.500000
25 95 0.500000
25 96 0.500000
25 97 0.500000
25 98 0.500000
25 100 0.500000
25 101 0.500000
25 102 0.500000
25 103 0.500000
25 106 0.500000
25 107 0.500000
25 108 0.500000
25 109 0.500000
25 110 0.500000
25 111 0.500000
25 114 0.500000
25 117 0.500000
25 118 0.500000
25 119 0.500000
25 120 0.500000
26 27 0.500000
26 28 0.500000
26 30 0.500000
26 31 0.500000
26 32 0.500000
26 34 0.500000
26 36 0.500000
26 39 0.500000
26 42 0.500000
26 44 0.500000
26 46 0.500000
26 47 0.500000
26 50 0.500000
26 51 0.500000
26 53 0.500000
26 56 0.500000
26 57 0.500000
26 58 0.500000
26 59 0.500000
26 60 0.500000
26 61 0.500000
26 63 0.500000
26 64 0.500000
26 65 0.500000
26 66 0.500000
26 67 0.500000
26 69 0.500000
26 71 0.500000
26 72 0.500000
26 73 0.500000
26 74 0.500000
26 75 0.500000
26 76 0.500000
26 77 0.500000
26 78 0.500000
26 79 0.500000
26 80 0.500000
26 82 0.500000
26 83 0.500000
26 84 0.500000
26 85 0.500000
26 86 0.500000
26 88 0.500000
26 90 0.500000
26 91 0.500000
26 92 0.500000
26 93 0.500000
26 94 0.500000
26 95 0.500000
26 98 0.500000
26 99 0.500000
26 100 0.500000
26 101 0.500000
26 102 0.500000
26 103 0.500000
26 106 0.500000
26 107 0.500000
26 108 0.500000
26 110 0.500000
26 111 0.500000
26 112 0.500000
26 113 0.500000
26 115 0.500000
26 117 0.500000
26 119 0.500000
27 28 0.500000
27 29 0.500000
27 30 0.500000
27 31 0.500000
27 33 0.500000
27 34 0.500000
27 38 0.500000
27 39 0.500000
27 40 0.500000
27 43 0.500000
27 44 0.500000
27 45 0.500000
27 46 0.500000
27 47 0.500000
27 48 0.500000
27 49 0.500000
27 50 0.500000
27 52 0.500000
27 54 0.500000
27 55 0.500000
27 56 0.500000
27 57 0.500000
27 58 0.500000
27 59 0.500000
27 60 0.500000
27 62 0.500000
27 63 0.500000
27 64 0.500000
27 65 0.500000
27 66 0.500000
27 67 0.500000
27 68 0.500000
27 69 0.500000
27 70 0.500000
27 71 0.500000
27 72 0.500000
27 73 0.500000
27 76 0.500000
27 77 0.500000
27 79 0.500000
27 81 0.500000
27 82 0.500000
27 84 0.500000
27 85 0.500000
27 87 0.500000
27 88 0.500000
27 89 0.500000
27 90 0.500000
27 91 0.500000
27 93 0.500000
27 94 0.500000
27 96 0.500000
27 97 0.500000
27 98 0.500000
27 100 0.500000
27 102 0.500000
27 103 0.500000
27 104 0.500000
27 105 0.500000
27 106 0.500000
27 107 0.500000
27 111 0.500000
27 114 0.500000
27 115 0.500000
27 117 0.500000
27 118 0.500000
27 120 0.500000
28 30 0.500000
28 31 0.500000
28 33 0.500000
28 34 0.500000
28 35 0.500000
28 36 0.500000
28 37 0.500000
28 38 0.500000
28 39 0.500000
28 40 0.500000
28 41 0.500000
28 42 0.500000
28 43 0.500000
28 44 0.500000
28 46 0.500000
28 47 0.500000
28 48 0.500000
28 50 0.500000
28 52 0.500000
28 53 0.500000
28 54 0.500000
28 55 0.500000
28 56 0.500000
28 59 0.500000
28 60 0.500000
28 61 0.500000
28 62 0.500000
28 65 0.500000
28 66 0.500000
28 67 0.500000
28 68 0.500000
28 71 0.500000
28 72 0.500000
28 74 0.500000
28 75 0.500000
28 76 0.500000
28 78 0.500000
28 79 0.500000
28 80 0.500000
28 81 0.500000
28 82 0.500000
28 83 0.500000
28 86 0.500000
28 88 0.500000
28 90 0.500000
28 91 0.500000
28 94 0.500000
28 95 0.500000
28 96 0.500000
28 98 0.500000
28 99 0.500000
28 100 0.500000
28 101 0.500000
28 102 0.500000
28 104 0.500000
28 105 0.500000
28 107 0.500000
28 108 0.500000
28 110 0.500000
28 111 0.500000
28 113 0.500000
28 114 0.500000
28 115 0.500000
28 116 0.500000
28 117 0.500000
28 118 0.500000
28 119 0.500000
28 120 0.500000
29 30 0.500000
29 32 0.500000
29 33 0.500000
29 34 0.500000
29 35 0.500000
29 36 0.500000
29 37 0.500000
29 38 0.500000
29 40 0.500000
29 41 0.500000
29 42 0.500000
29 44 0.500000
29 46 0.500000
29 47 0.500000
29 48 0.500000
29 49 0.500000
29 53 0.500000
29 54 0.500000
29 55 0.500000
29 56 0.500000
29 57 0.500000
29 58 0.500000
29 59 0.500000
29 61 0.500000
29 64 0.500000
29 66 0.500000
29 67 0.500000
29 68 0.500000
29 70 0.500000
29 72 0.500000
29 73 0.500000
29 74 0.500000
29 75 0.500000
29 76 0.500000
29 77 0.500000
29 78 0.500000
29 79 0.500000
29 80 0.500000
29 81 0.500000
29 84 0.500000
29 85 0.500000
29 86 0.500000
29 87 0.500000
29 88 0.500000
29 89 0.500000
29 91 0.500000
29 92 0.500000
29 93 0.500000
29 95 0.500000
29 96 0.500000
29 98 0.500000
29 99 0.500000
29 100 0.500000
29 101 0.500000
29 103 0.500000
29 104 0.500000
29 105 0.500000
29 107 0.500000
29 108 0.500000
29 109 0.500000
29 110 0.500000
29 111 0.500000
29 112 0.500000
29 114 0.500000
29 117 0.500000
29 118 0.500000
29 119 0.500000
29 120 0.500000
30 31 0.500000
30 32 0.500000
30 33 0.500000
30 34 0.500000
30 37 0.500000
30 38 0.500000
30 39 0.500000
30 40 0.500000
30 41 0.500000
30 42 0.500000
30 44 0.500000
30 45 0.500000
30 47 0.500000
30 49 0.500000
30 50 0.500000
30 51 0.500000
30 53 0.500000
30 54 0.500000
30 55 0.500000
30 56 0.500000
30 57 0.500000
30 58 0.500000
30 59 0.500000
30 60 0.500000
30 61 0.500000
30 63 0.500000
30 64 0.500000
30 65 0.500000
30 66 0.500000
30 67 0.500000
30 69 0.500000
30 70 0.500000
30 71 0.500000
30 72 0.500000
30 73 0.500000
30 74 0.500000
30 75 0.500000
30 76 0.500000
30 77 0.500000
30 78 0.500000
30 80 0.500000
30 82 0.500000
30 84 0.500000
30 85 0.500000
30 86 0.500000
30 87 0.500000
30 89 0.500000
30 91 0.500000
30 92 0.500000
30 93 0.500000
30 94 0.500000
30 95 0.500000
30 96 0.500000
30 97 0.500000
30 98 0.500000
30 101 0.500000
30 102 0.500000
30 103 0.500000
30 105 0.500000
30 107 0.500000
30 108 0.500000
30 111 0.500000
30 112 0.500000
30 113 0.500000
30 114 0.500000
30 115 0.500000
30 116 0.500000
30 117 0.500000
30 118 0.500000
30 120 0.500000
31 32 0.500000
31 34 0.500000
31 36 0.500000
31 37 0.500000
31 38 0.500000
31 39 0.500000
31 41 0.500000
31 43 0.500000
31 44 0.500000
31 45 0.500000
31 46 0.500000
31 47 0.500000
31 48 0.500000
31 49 0.500000
31 50 0.500000
31 51 0.500000
31 52 0.500000
31 53 0.500000
31 54 0.500000
31 57 0.500000
31 59 0.500000
31 61 0.500000
31 62 0.500000
31 63 0.500000
31 64 0.500000
31 67 0.500000
31 68 0.500000
31 69 0.500000
31 70 0.500000
31 71 0.500000
31 72 0.500000
31 73 0.500000
31 74 0.500000
31 75 0.500000
31 76 0.500000
31 78 0.500000
31 80 0.500000
31 81 0.500000
31 82 0.500000
31 83 0.500000
31 84 0.500000
31 85 0.500000
31 86 0.500000
31 87 0.500000
31 89 0.500000
31 92 0.500000
31 93 0.500000
31 94 0.500000
31 95 0.500000
31 96 0.500000
31 98 0.500000
31 100 0.500000
31 101 0.500000
31 102 0.500000
31 103 0.500000
31 104 0.500000
31 105 0.500000
31 106 0.500000
31 107 0.500000
31 109 0.500000
31 110 0.500000
31 113 0.500000
31 114 0.500000
31 115 0.500000
31 116 0.500000
31 117 0.500000
31 118 0.500000
31 119 0.500000
31 120 0.500000
32 34 0.500000
32 36 0.500000
32 37 0.500000
32 38 0.500000
32 39 0.500000
32 40 0.500000
32 41 0.500000
32 43 0.500000
32 44 0.500000
32 45 0.500000
32 46 0.500000
32 48 0.500000
32 50 0.500000
32 51 0.500000
32 52 0.500000
32 53 0.500000
32 54 0.500000
32 55 0.500000
32 56 0.500000
32 57 0.500000
32 58 0.500000
32 59 0.500000
32 61 0.500000
32 62 0.500000
32 63 0.500000
32 65 0.500000
32 66 0.500000
32 67 0.500000
32 68 0.500000
32 69 0.500000
32 70 0.500000
32 71 0.500000
32 72 0.500000
32 74 0.500000
32 75 0.500000
32 76 0.500000
32 77 0.500000
32 78 0.500000
32 79 0.500000
32 81 0.500000
32 82 0.500000
32 83 0.500000
32 84 0.500000
32 85 0.500000
32 86 0.500000
32 88 0.500000
32 91 0.500000
32 93 0.500000
32 94 0.500000
32 95 0.500000
32 96 0.500000
32 97 0.500000
32 99 0.500000
32 100 0.500000
32 101 0.500000
32 103 0.500000
32 104 0.500000
32 105 0.500000
32 108 0.500000
32 109 0.500000
32 110 0.500000
32 111 0.500000
32 113 0.500000
32 115 0.500000
32 116 0.500000
32 117 0.500000
32 118 0.500000
32 119 0.500000
32 120 0.500000
33 34 0.500000
33 35 0.500000
33 36 0.500000
33 37 0.500000
33 38 0.500000
33 40 0.500000
33 42 0.500000
33 43 0.500000
33 44 0.500000
33 45 0.500000
33 46 0.500000
33 49 0.500000
33 50 0.500000
33 51 0.500000
33 52 0.500000
33 53 0.500000
33 55 0.500000
33 56 0.500000
33 57 0.500000
33 59 0.500000
33 60 0.500000
33 62 0.500000
33 64 0.500000
33 65 0.500000
33 66 0.500000
33 67 0.500000
33 70 0.500000
33 74 0.500000
33 75 0.500000
33 77 0.500000
33 79 0.500000
33 81 0.500000
33 82 0.500000
33 83 0.500000
33 84 0.500000
33 85 0.500000
33 87 0.500000
33 89 0.500000
33 90 0.500000
33 91 0.500000
33 92 0.500000
33 93 0.500000
33 94 0.500000
33 95 0.500000
33 96 0.500000
33 97 0.500000
33 98 0.500000
33 99 0.500000
33 100 0.500000
33 101 0.500000
33 102 0.500000
33 103 0.500000
33 105 0.500000
33 107 0.500000
33 110 0.500000
33 111 0.500000
33 112 0.500000
33 113 0.500000
33 114 0.500000
33 116 0.500000
33 117 0.500000
33 120 0.500000
34 35 0.500000
34 36 0.500000
34 37 0.500000
34 38 0.500000
34 39 0.500000
34 41 0.500000
34 42 0.500000
34 43 0.500000
34 44 0.500000
34 48 0.500000
34 49 0.500000
34 52 0.500000
34 53 0.500000
34 56 0.500000
34 58 0.500000
34 60 0.500000
34 61 0.500000
34 62 0.500000
34 64 0.500000
34 65 0.500000
34 67 0.500000
34 68 0.500000
34 70 0.500000
34 72 0.500000
34 73 0.500000
34 75 0.500000
34 76 0.500000
34 77 0.500000
34 78 0.500000
34 82 0.500000
34 83 0.500000
34 84 0.500000
34 85 0.500000
34 86 0.500000
34 87 0.500000
34 88 0.500000
34 89 0.500000
34 91 0.500000
34 92 0.500000
34 95 0.500000
34 96 0.500000
34 97 0.500000
34 100 0.500000
34 105 0.500000
34 106 0.500000
34 107 0.500000
34 109 0.500000
34 110 0.500000
34 111 0.500000
34 112 0.500000
34 113 0.500000
34 114 0.500000
34 115 0.500000
34 116 0.500000
34 117 0.500000
34 118 0.500000
34 119 0.500000
35 37 0.500000
35 39 0.500000
35 40 0.500000
35 41 0.500000
35 42 0.500000
35 44 0.500000
35 45 0.500000
35 46 0.500000
35 47 0.500000
35 48 0.500000
35 49 0.500000
35 50 0.500000
35 51 0.500000
35 52 0.500000
35 53 0.500000
35 54 0.500000
35 55 0.500000
35 56 0.500000
35 57 0.500000
35 59 0.500000
35 60 0.500000
35 62 0.500000
35 63 0.500000
35 64 0.500000
35 65 0.500000
35 66 0.500000
35 69 0.500000
35 70 0.500000
35 72 0.500000
35 73 0.500000
35 74 0.500000
35 75 0.500000
35 76 0.500000
35 79 0.500000
35 80 0.500000
35 81 0.500000
35 82 0.500000
35 83 0.500000
35 84 0.500000
35 85 0.500000
35 86 0.500000
35 88 0.500000
35 89 0.500000
35 90 0.500000
35 91 0.500000
35 92 0.500000
35 93 0.500000
35 94 0.500000
35 95 0.500000
35 96 0.500000
35 97 0.500000
35 98 0.500000
35 99 0.500000
35 101 0.500000
35 103 0.500000
35 104 0.500000
35 105 0.500000
35 106 0.500000
35 107 0.500000
35 108 0.500000
35 110 0.500000
35 114 0.500000
35 115 0.500000
35 116 0.500000
35 117 0.500000
35 118 0.500000
36 38 0.500000
36 39 0.500000
36 40 0.500000
36 41 0.500000
36 42 0.500000
36 46 0.500000
36 47 0.500000
36 48 0.500000
36 50 0.500000
36 52 0.500000
36 54 0.500000
36 55 0.500000
36 56 0.500000
36 59 0.500000
36 62 0.500000
36 63 0.500000
36 65 0.500000
36 66 0.500000
36 67 0.500000
36 68 0.500000
36 69 0.500000
36 71 0.500000
36 72 0.500000
36 74 0.500000
36 75 0.500000
36 76 0.500000
36 77 0.500000
36 79 0.500000
36 80 0.500000
36 81 0.500000
36 82 0.500000
36 83 0.500000
36 85 0.500000
36 87 0.500000
36 88 0.500000
36 89 0.500000
36 90 0.500000
36 91 0.500000
36 92 0.500000
36 93 0.500000
36 94 0.500000
36 95 0.500000
36 96 0.500000
36 97 0.500000
36 98 0.500000
36 100 0.500000
36 101 0.500000
36 102 0.500000
36 103 0.500000
36 105 0.500000
36 106 0.500000
36 107 0.500000
36 108 0.500000
36 111 0.500000
36 112 0.500000
36 113 0.500000
36 115 0.500000
36 116 0.500000
36 117 0.500000
36 118 0.500000
36 119 0.500000
36 120 0.500000
37 38 0.500000
37 39 0.500000
37 40 0.500000
37 42 0.500000
37 45 0.500000
37 46 0.500000
37 47 0.500000
37 49 0.500000
37 51 0.500000
37 52 0.500000
37 56 0.500000
37 59 0.500000
37 60 0.500000
37 61 0.500000
37 64 0.500000
37 65 0.500000
37 66 0.500000
37 67 0.500000
37 68 0.500000
37 69 0.500000
37 70 0.500000
37 72 0.500000
37 73 0.500000
37 74 0.500000
37 75 0.500000
37 76 0.500000
37 77 0.500000
37 78 0.500000
37 79 0.500000
37 80 0.500000
37 81 0.500000
37 83 0.500000
37 84 0.500000
37 85 0.500000
37 86 0.500000
37 87 0.500000
37 88 0.500000
37 89 0.500000
37 90 0.500000
37 91 0.500000
37 94 0.500000
37 96 0.500000
37 98 0.500000
37 99 0.500000
37 101 0.500000
37 104 0.500000
37 105 0.500000
37 106 0.500000
37 108 0.500000
37 109 0.500000
37 110 0.500000
37 111 0.500000
37 112 0.500000
37 113 0.500000
37 114 0.500000
37 115 0.500000
37 116 0.500000
37 118 0.500000
37 120 0.500000
38 40 0.500000
38 41 0.500000
38 42 0.500000
38 44 0.500000
38 45 0.500000
38 46 0.500000
38 47 0.500000
38 48 0.500000
38 49 0.500000
38 50 0.500000
38 51 0.500000
38 52 0.500000
38 53 0.500000
38 54 0.500000
38 57 0.500000
38 59 0.500000
38 60 0.500000
38 61 0.500000
38 62 0.500000
38 64 0.500000
38 66 0.500000
38 68 0.500000
38 69 0.500000
38 71 0.500000
38 72 0.500000
38 73 0.500000
38 74 0.500000
38 75 0.500000
38 78 0.500000
38 80 0.500000
38 81 0.500000
38 83 0.500000
38 84 0.500000
38 85 0.500000
38 86 0.500000
38 87 0.500000
38 89 0.500000
38 90 0.500000
38 91 0.500000
38 92 0.500000
38 94 0.500000
38 95 0.500000
38 96 0.500000
38 97 0.500000
38 98 0.500000
38 99 0.500000
38 100 0.500000
38 101 0.500000
38 102 0.500000
38 104 0.500000
38 105 0.500000
38 107 0.500000
38 108 0.500000
38 109 0.500000
38 110 0.500000
38 111 0.500000
38 112 0.500000
38 113 0.500000
38 114 0.500000
38 115 0.500000
38 116 0.500000
38 118 0.500000
38 119 0.500000
39 40 0.500000
39 41 0.500000
39 43 0.500000
39 44 0.500000
39 45 0.500000
39 46 0.500000
39 49 0.500000
39 50 0.500000
39 51 0.500000
39 53 0.500000
39 54 0.500000
39 55 0.500000
39 59 0.500000
39 60 0.500000
39 62 0.500000
39 63 0.500000
39 64 0.500000
39 65 0.500000
39 66 0.500000
39 67 0.500000
39 68 0.500000
39 70 0.500000
39 71 0.500000
39 72 0.500000
39 73 0.500000
39 74 0.500000
39 75 0.500000
39 76 0.500000
39 77 0.500000
39 78 0.500000
39 81 0.500000
39 82 0.500000
39 83 0.500000
39 86 0.500000
39 89 0.500000
39 93 0.500000
39 95 0.500000
39 96 0.500000
39 97 0.500000
39 98 0.500000
39 101 0.500000
39 102 0.500000
39 103 0.500000
39 104 0.500000
39 105 0.500000
39 106 0.500000
39 107 0.500000
39 108 0.500000
39 109 0.500000
39 111 0.500000
39 112 0.500000
39 113 0.500000
39 116 0.500000
39 118 0.500000
39 119 0.500000
40 41 0.500000
40 42 0.500000
40 43 0.500000
40 44 0.500000
40 45 0.500000
40 47 0.500000
40 48 0.500000
40 49 0.500000
40 53 0.500000
40 55 0.500000
40 56 0.500000
40 60 0.500000
40 61 0.500000
40 64 0.500000
40 66 0.500000
40 70 0.500000
40 71 0.500000
40 73 0.500000
40 76 0.500000
40 77 0.500000
40 78 0.500000
40 79 0.500000
40 81 0.500000
40 82 0.500000
40 84 0.500000
40 85 0.500000
40 86 0.500000
40 87 0.500000
40 88 0.500000
40 89 0.500000
40 90 0.500000
40 91 0.500000
40 92 0.500000
40 93 0.500000
40 94 0.500000
40 95 0.500000
40 96 0.500000
40 97 0.500000
40 99 0.500000
40 100 0.500000
40 101 0.500000
40 102 0.500000
40 104 0.500000
40 105 0.500000
40 106 0.500000
40 107 0.500000
40 108 0.500000
40 109 0.500000
40 110 0.500000
40 111 0.500000
40 115 0.500000
40 117 0.500000
40 118 0.500000
40 119 0.500000
40 120 0.500000
41 42 0.500000
41 43 0.500000
41 44 0.500000
41 45 0.500000
41 46 0.500000
41 47 0.500000
41 48 0.500000
41 51 0.500000
41 52 0.500000
41 53 0.500000
41 58 0.500000
41 59 0.500000
41 61 0.500000
41 62 0.500000
41 63 0.500000
41 64 0.500000
41 65 0.500000
41 66 0.500000
41 67 0.500000
41 68 0.500000
41 70 0.500000
41 71 0.500000
41 72 0.500000
41 73 0.500000
41 74 0.500000
41 75 0.500000
41 76 0.500000
41 77 0.500000
41 79 0.500000
41 80 0.500000
41 83 0.500000
41 84 0.500000
41 85 0.500000
41 86 0.500000
41 87 0.500000
41 88 0.500000
41 89 0.500000
41 90 0.500000
41 91 0.500000
41 93 0.500000
41 94 0.500000
41 95 0.500000
41 96 0.500000
41 97 0.500000
41 98 0.500000
41 99 0.500000
41 100 0.500000
41 101 0.500000
41 102 0.500000
41 103 0.500000
41 105 0.500000
41 107 0.500000
41 108 0.500000
41 109 0.500000
41 110 0.500000
41 112 0.500000
41 113 0.500000
41 114 0.500000
41 116 0.500000
41 117 0.500000
41 119 0.500000
41 120 0.500000
42 43 0.500000
42 44 0.500000
42 46 0.500000
42 50 0.500000
42 51 0.500000
42 52 0.500000
42 53 0.500000
42 54 0.500000
42 55 0.500000
42 58 0.500000
42 60 0.500000
42 61 0.500000
42 62 0.500000
42 63 0.500000
42 64 0.500000
42 65 0.500000
42 66 0.500000
42 67 0.500000
42 68 0.500000
42 70 0.500000
42 71 0.500000
42 72 0.500000
42 73 0.500000
42 74 0.500000
42 75 0.500000
42 77 0.500000
42 78 0.500000
42 80 0.500000
42 81 0.500000
42 82 0.500000
42 83 0.500000
42 84 0.500000
42 85 0.500000
42 86 0.500000
42 87 0.500000
42 88 0.500000
42 89 0.500000
42 90 0.500000
42 92 0.500000
42 93 0.500000
42 94 0.500000
42 95 0.500000
42 96 0.500000
42 97 0.500000
42 99 0.500000
42 101 0.500000
42 102 0.500000
42 103 0.500000
42 104 0.500000
42 105 0.500000
42 107 0.500000
42 108 0.500000
42 110 0.500000
42 111 0.500000
42 112 0.500000
42 113 0.500000
42 115 0.500000
42 116 0.500000
42 118 0.500000
42 119 0.500000
42 120 0.500000
43 44 0.500000
43 45 0.500000
43 47 0.500000
43 48 0.500000
43 49 0.500000
43 50 0.500000
43 51 0.500000
43 52 0.500000
43 53 0.500000
43 54 0.500000
43 55 0.500000
43 57 0.500000
43 58 0.500000
43 59 0.500000
43 60 0.500000
43 61 0.500000
43 62 0.500000
43 64 0.500000
43 65 0.500000
43 67 0.500000
43 68 0.500000
43 70 0.500000
43 71 0.500000
43 72 0.500000
43 73 0.500000
43 74 0.500000
43 75 0.500000
43 76 0.500000
43 77 0.500000
43 78 0.500000
43 79 0.500000
43 80 0.500000
43 81 0.500000
43 83 0.500000
43 84 0.500000
43 85 0.500000
43 88 0.500000
43 89 0.500000
43 91 0.500000
43 92 0.500000
43 93 0.500000
43 94 0.500000
43 97 0.500000
43 98 0.500000
43 100 0.500000
43 101 0.500000
43 103 0.500000
43 104 0.500000
43 106 0.500000
43 107 0.500000
43 108 0.500000
43 109 0.500000
43 110 0.500000
43 111 0.500000
43 112 0.500000
43 113 0.500000
43 115 0.500000
43 118 0.500000
43 120 0.500000
44 45 0.500000
44 46 0.500000
44 48 0.500000
44 49 0.500000
44 50 0.500000
44 51 0.500000
44 53 0.500000
44 54 0.500000
44 55 0.500000
44 56 0.500000
44 57 0.500000
44 58 0.500000
44 59 0.500000
44 60 0.500000
44 61 0.500000
44 62 0.500000
44 66 0.500000
44 67 0.500000
44 69 0.500000
44 72 0.500000
44 74 0.500000
44 75 0.500000
44 76 0.500000
44 77 0.500000
44 78 0.500000
44 79 0.500000
44 80 0.500000
44 81 0.500000
44 82 0.500000
44 83 0.500000
44 85 0.500000
44 86 0.500000
44 87 0.500000
44 88 0.500000
44 89 0.500000
44 90 0.500000
44 92 0.500000
44 93 0.500000
44 94 0.500000
44 96 0.500000
44 97 0.500000
44 98 0.500000
44 99 0.500000
44 100 0.500000
44 101 0.500000
44 103 0.500000
44 104 0.500000
44 105 0.500000
44 106 0.500000
44 107 0.500000
44 109 0.500000
44 111 0.500000
44 112 0.500000
44 113 0.500000
44 115 0.500000
44 116 0.500000
44 118 0.500000
44 119 0.500000
44 120 0.500000
45 47 0.500000
45 49 0.500000
45 51 0.500000
45 52 0.500000
45 53 0.500000
45 54 0.500000
45 56 0.500000
45 57 0.500000
45 58 0.500000
45 60 0.500000
45 61 0.500000
45 62 0.500000
45 65 0.500000
45 66 0.500000
45 68 0.500000
45 69 0.500000
45 70 0.500000
45 71 0.500000
45 72 0.500000
45 73 0.500000
45 75 0.500000
45 77 0.500000
45 78 0.500000
45 79 0.500000
45 80 0.500000
45 81 0.500000
45 82 0.500000
45 84 0.500000
45 85 0.500000
45 86 0.500000
45 91 0.500000
45 92 0.500000
45 93 0.500000
45 94 0.500000
45 95 0.500000
45 96 0.500000
45 97 0.500000
45 98 0.500000
45 99 0.500000
45 101 0.500000
45 102 0.500000
45 106 0.500000
45 107 0.500000
45 108 0.500000
45 109 0.500000
45 110 0.500000
45 111 0.500000
45 112 0.500000
45 113 0.500000
45 114 0.500000
45 115 0.500000
45 116 0.500000
45 117 0.500000
45 119 0.500000
46 47 0.500000
46 50 0.500000
46 51 0.500000
46 54 0.500000
46 55 0.500000
46 56 0.500000
46 57 0.500000
46 58 0.500000
46 59 0.500000
46 60 0.500000
46 62 0.500000
46 64 0.500000
46 65 0.500000
46 66 0.500000
46 67 0.500000
46 68 0.500000
46 69 0.500000
46 70 0.500000
46 71 0.500000
46 72 0.500000
46 73 0.500000
46 74 0.500000
46 76 0.500000
46 77 0.500000
46 78 0.500000
46 79 0.500000
46 80 0.500000
46 81 0.500000
46 82 0.500000
46 83 0.500000
46 84 0.500000
46 85 0.500000
46 86 0.500000
46 87 0.500000
46 88 0.500000
46 89 0.500000
46 90 0.500000
46 91 0.500000
46 92 0.500000
46 93 0.500000
46 94 0.500000
46 96 0.500000
46 97 0.500000
46 98 0.500000
46 99 0.500000
46 100 0.500000
46 101 0.500000
46 102 0.500000
46 103 0.500000
46 105 0.500000
46 106 0.500000
46 108 0.500000
46 109 0.500000
46 110 0.500000
46 111 0.500000
46 113 0.500000
46 114 0.500000
46 115 0.500000
46 116 0.500000
46 117 0.500000
46 118 0.500000
46 119 0.500000
46 120 0.500000
47 48 0.500000
47 49 0.500000
47 50 0.500000
47 51 0.500000
47 52 0.500000
47 53 0.500000
47 54 0.500000
47 55 0.500000
47 56 0.500000
47 57 0.500000
47 60 0.500000
47 61 0.500000
47 62 0.500000
47 63 0.500000
47 64 0.500000
47 67 0.500000
47 68 0.500000
47 71 0.500000
47 72 0.500000
47 73 0.500000
47 74 0.500000
47 76 0.500000
47 77 0.500000
47 78 0.500000
47 79 0.500000
47 80 0.500000
47 82 0.500000
47 83 0.500000
47 87 0.500000
47 88 0.500000
47 89 0.500000
47 90 0.500000
47 92 0.500000
47 94 0.500000
47 95 0.500000
47 97 0.500000
47 98 0.500000
47 99 0.500000
47 101 0.500000
47 102 0.500000
47 103 0.500000
47 104 0.500000
47 105 0.500000
47 106 0.500000
47 107 0.500000
47 108 0.500000
47 109 0.500000
47 110 0.500000
47 111 0.500000
47 114 0.500000
47 115 0.500000
47 116 0.500000
47 117 0.500000
47 119 0.500000
47 120 0.500000
48 49 0.500000
48 50 0.500000
48 51 0.500000
48 52 0.500000
48 53 0.500000
48 55 0.500000
48 56 0.500000
48 57 0.500000
48 60 0.500000
48 61 0.500000
48 62 0.500000
48 63 0.500000
48 64 0.500000
48 65 0.500000
48 67 0.500000
48 68 0.500000
48 69 0.500000
48 70 0.500000
48 71 0.500000
48 72 0.500000
48 73 0.500000
48 74 0.500000
48 76 0.500000
48 77 0.500000
48 78 0.500000
48 79 0.500000
48 81 0.500000
48 82 0.500000
48 83 0.500000
48 84 0.500000
48 86 0.500000
48 87 0.500000
48 88 0.500000
48 89 0.500000
48 91 0.500000
48 92 0.500000
48 93 0.500000
48 94 0.500000
48 95 0.500000
48 96 0.500000
48 98 0.500000
48 99 0.500000
48 103 0.500000
48 106 0.500000
48 107 0.500000
48 108 0.500000
48 109 0.500000
48 110 0.500000
48 111 0.500000
48 112 0.500000
48 113 0.500000
48 114 0.500000
48 117 0.500000
48 118 0.500000
48 120 0.500000
49 50 0.500000
49 51 0.500000
49 52 0.500000
49 53 0.500000
49 54 0.500000
49 55 0.500000
49 57 0.500000
49 60 0.500000
49 61 0.500000
49 63 0.500000
49 64 0.500000
49 65 0.500000
49 66 0.500000
49 67 0.500000
49 68 0.500000
49 69 0.500000
49 70 0.500000
49 71 0.500000
49 72 0.500000
49 73 0.500000
49 74 0.500000
49 78 0.500000
49 79 0.500000
49 80 0.500000
49 81 0.500000
49 82 0.500000
49 83 0.500000
49 85 0.500000
49 86 0.500000
49 87 0.500000
49 88 0.500000
49 89 0.500000
49 90 0.500000
49 91 0.500000
49 92 0.500000
49 93 0.500000
49 94 0.500000
49 95 0.500000
49 96 0.500000
49 97 0.500000
49 98 0.500000
49 99 0.500000
49 101 0.500000
49 104 0.500000
49 105 0.500000
49 106 0.500000
49 107 0.500000
49 108 0.500000
49 109 0.500000
49 111 0.500000
49 114 0.500000
49 115 0.500000
49 116 0.500000
49 117 0.500000
49 118 0.500000
50 52 0.500000
50 54 0.500000
50 57 0.500000
50 58 0.500000
50 60 0.500000
50 61 0.500000
50 62 0.500000
50 65 0.500000
50 66 0.500000
50 67 0.500000
50 68 0.500000
50 69 0.500000
50 71 0.500000
50 72 0.500000
50 74 0.500000
50 75 0.500000
50 76 0.500000
50 79 0.500000
50 80 0.500000
50 81 0.500000
50 82 0.500000
50 83 0.500000
50 85 0.500000
50 86 0.500000
50 89 0.500000
50 90 0.500000
50 91 0.500000
50 92 0.500000
50 93 0.500000
50 94 0.500000
50 95 0.500000
50 96 0.500000
50 97 0.500000
50 98 0.500000
50 99 0.500000
50 100 0.500000
50 102 0.500000
50 103 0.500000
50 104 0.500000
50 105 0.500000
50 106 0.500000
50 109 0.500000
50 110 0.500000
50 111 0.500000
50 113 0.500000
50 114 0.500000
50 115 0.500000
50 117 0.500000
50 118 0.500000
50 119 0.500000
50 120 0.500000
51 52 0.500000
51 54 0.500000
51 55 0.500000
51 56 0.500000
51 57 0.500000
51 58 0.500000
51 59 0.500000
51 60 0.500000
51 61 0.500000
51 62 0.500000
51 63 0.500000
51 65 0.500000
51 66 0.500000
51 67 0.500000
51 69 0.500000
51 70 0.500000
51 71 0.500000
51 72 0.500000
51 74 0.500000
51 78 0.500000
51 79 0.500000
51 81 0.500000
51 83 0.500000
51 84 0.500000
51 85 0.500000
51 86 0.500000
51 89 0.500000
51 90 0.500000
51 94 0.500000
51 96 0.500000
51 97 0.500000
51 98 0.500000
51 99 0.500000
51 100 0.500000
51 102 0.500000
51 104 0.500000
51 105 0.500000
51 108 0.500000
51 109 0.500000
51 110 0.500000
51 112 0.500000
51 113 0.500000
51 114 0.500000
51 115 0.500000
51 116 0.500000
51 117 0.500000
51 120 0.500000
52 53 0.500000
52 54 0.500000
52 55 0.500000
52 57 0.500000
52 58 0.500000
52 59 0.500000
52 61 0.500000
52 62 0.500000
52 63 0.500000
52 64 0.500000
52 66 0.500000
52 67 0.500000
52 68 0.500000
52 70 0.500000
52 71 0.500000
52 72 0.500000
52 73 0.500000
52 76 0.500000
52 77 0.500000
52 78 0.500000
52 79 0.500000
52 80 0.500000
52 81 0.500000
52 82 0.500000
52 83 0.500000
52 85 0.500000
52 86 0.500000
52 87 0.500000
52 90 0.500000
52 91 0.500000
52 93 0.500000
52 94 0.500000
52 96 0.500000
52 97 0.500000
52 98 0.500000
52 101 0.500000
52 103 0.500000
52 104 0.500000
52 105 0.500000
52 106 0.500000
52 107 0.500000
52 108 0.500000
52 110 0.500000
52 112 0.500000
52 113 0.500000
52 114 0.500000
52 115 0.500000
52 116 0.500000
52 117 0.500000
52 118 0.500000
52 119 0.500000
53 54 0.500000
53 55 0.500000
53 58 0.500000
53 59 0.500000
53 63 0.500000
53 64 0.500000
53 65 0.500000
53 66 0.500000
53 68 0.500000
53 69 0.500000
53 70 0.500000
53 71 0.500000
53 72 0.500000
53 73 0.500000
53 74 0.500000
53 77 0.500000
53 79 0.500000
53 81 0.500000
53 82 0.500000
53 84 0.500000
53 85 0.500000
53 86 0.500000
53 87 0.500000
53 88 0.500000
53 89 0.500000
53 90 0.500000
53 92 0.500000
53 93 0.500000
53 94 0.500000
53 95 0.500000
53 96 0.500000
53 98 0.500000
53 100 0.500000
53 101 0.500000
53 102 0.500000
53 103 0.500000
53 105 0.500000
53 107 0.500000
53 108 0.500000
53 110 0.500000
53 114 0.500000
53 115 0.500000
53 116 0.500000
53 118 0.500000
53 119 0.500000
53 120 0.500000
54 55 0.500000
54 56 0.500000
54 58 0.500000
54 59 0.500000
54 60 0.500000
54 62 0.500000
54 63 0.500000
54 65 0.500000
54 68 0.500000
54 69 0.500000
54 70 0.500000
54 71 0.500000
54 72 0.500000
54 74 0.500000
54 75 0.500000
54 76 0.500000
54 77 0.500000
54 79 0.500000
54 80 0.500000
54 81 0.500000
54 83 0.500000
54 84 0.500000
54 85 0.500000
54 87 0.500000
54 88 0.500000
54 89 0.500000
54 91 0.500000
54 93 0.500000
54 95 0.500000
54 96 0.500000
54 97 0.500000
54 98 0.500000
54 100 0.500000
54 102 0.500000
54 103 0.500000
54 105 0.500000
54 106 0.500000
54 107 0.500000
54 108 0.500000
54 109 0.500000
54 110 0.500000
54 111 0.500000
54 112 0.500000
54 113 0.500000
54 114 0.500000
54 115 0.500000
54 116 0.500000
54 117 0.500000
54 120 0.500000
55 57 0.500000
55 58 0.500000
55 59 0.500000
55 62 0.500000
55 63 0.500000
55 64 0.500000
55 65 0.500000
55 66 0.500000
55 67 0.500000
55 68 0.500000
55 69 0.500000
55 70 0.500000
55 71 0.500000
55 73 0.500000
55 74 0.500000
55 75 0.500000
55 76 0.500000
55 78 0.500000
55 80 0.500000
55 81 0.500000
55 83 0.500000
55 84 0.500000
55 86 0.500000
55 87 0.500000
55 88 0.500000
55 89 0.500000
55 90 0.500000
55 91 0.500000
55 92 0.500000
55 93 0.500000
55 94 0.500000
55 95 0.500000
55 96 0.500000
55 97 0.500000
55 99 0.500000
55 101 0.500000
55 103 0.500000
55 104 0.500000
55 105 0.500000
55 106 0.500000
55 107 0.500000
55 108 0.500000
55 109 0.500000
55 110 0.500000
55 111 0.500000
55 113 0.500000
55 114 0.500000
55 115 0.500000
55 116 0.500000
55 117 0.500000
55 118 0.500000
55 119 0.500000
56 58 0.500000
56 59 0.500000
56 60 0.500000
56 63 0.500000
56 65 0.500000
56 66 0.500000
56 68 0.500000
56 69 0.500000
56 70 0.500000
56 72 0.500000
56 74 0.500000
56 75 0.500000
56 76 0.500000
56 77 0.500000
56 79 0.500000
56 80 0.500000
56 82 0.500000
56 83 0.500000
56 84 0.500000
56 85 0.500000
56 86 0.500000
56 87 0.500000
56 88 0.500000
56 89 0.500000
56 90 0.500000
56 91 0.500000
56 92 0.500000
56 93 0.500000
56 94 0.500000
56 95 0.500000
56 96 0.500000
56 97 0.500000
56 99 0.500000
56 100 0.500000
56 101 0.500000
56 102 0.500000
56 103 0.500000
56 104 0.500000
56 105 0.500000
56 106 0.500000
56 109 0.500000
56 110 0.500000
56 111 0.500000
56 112 0.500000
56 113 0.500000
56 114 0.500000
56 116 0.500000
56 119 0.500000
57 58 0.500000
57 59 0.500000
57 60 0.500000
57 61 0.500000
57 62 0.500000
57 63 0.500000
57 65 0.500000
57 66 0.500000
57 67 0.500000
57 68 0.500000
57 70 0.500000
57 72 0.500000
57 73 0.500000
57 74 0.500000
57 76 0.500000
57 77 0.500000
57 78 0.500000
57 79 0.500000
57 80 0.500000
57 82 0.500000
57 84 0.500000
57 87 0.500000
57 88 0.500000
57 90 0.500000
57 91 0.500000
57 92 0.500000
57 93 0.500000
57 95 0.500000
57 98 0.500000
57 99 0.500000
57 101 0.500000
57 103 0.500000
57 104 0.500000
57 105 0.500000
57 106 0.500000
57 108 0.500000
57 109 0.500000
57 110 0.500000
57 111 0.500000
57 112 0.500000
57 113 0.500000
57 115 0.500000
57 116 0.500000
57 117 0.500000
57 120 0.500000
58 59 0.500000
58 60 0.500000
58 62 0.500000
58 64 0.500000
58 65 0.500000
58 66 0.500000
58 67 0.500000
58 68 0.500000
58 69 0.500000
58 70 0.500000
58 72 0.500000
58 74 0.500000
58 75 0.500000
58 76 0.500000
58 77 0.500000
58 79 0.500000
58 80 0.500000
58 81 0.500000
58 83 0.500000
58 84 0.500000
58 85 0.500000
58 86 0.500000
58 87 0.500000
58 88 0.500000
58 89 0.500000
58 90 0.500000
58 92 0.500000
58 93 0.500000
58 94 0.500000
58 95 0.500000
58 96 0.500000
58 99 0.500000
58 100 0.500000
58 101 0.500000
58 102 0.500000
58 103 0.500000
58 105 0.500000
58 108 0.500000
58 109 0.500000
58 111 0.500000
58 112 0.500000
58 114 0.500000
58 115 0.500000
58 116 0.500000
58 117 0.500000
58 118 0.500000
58 119 0.500000
58 120 0.500000
59 60 0.500000
59 61 0.500000
59 62 0.500000
59 63 0.500000
59 65 0.500000
59 66 0.500000
59 67 0.500000
59 68 0.500000
59 69 0.500000
59 71 0.500000
59 72 0.500000
59 73 0.500000
59 74 0.500000
59 77 0.500000
59 78 0.500000
59 79 0.500000
59 80 0.500000
59 81 0.500000
59 83 0.500000
59 84 0.500000
59 85 0.500000
59 88 0.500000
59 89 0.500000
59 90 0.500000
59 91 0.500000
59 92 0.500000
59 93 0.500000
59 94 0.500000
59 95 0.500000
59 96 0.500000
59 97 0.500000
59 99 0.500000
59 101 0.500000
59 102 0.500000
59 103 0.500000
59 104 0.500000
59 106 0.500000
59 107 0.500000
59 108 0.500000
59 109 0.500000
59 110 0.500000
59 111 0.500000
59 114 0.500000
59 115 0.500000
59 116 0.500000
59 117 0.500000
59 119 0.500000
59 120 0.500000
60 61 0.500000
60 63 0.500000
60 65 0.500000
60 66 0.500000
60 68 0.500000
60 69 0.500000
60 71 0.500000
60 72 0.500000
60 73 0.500000
60 74 0.500000
60 75 0.500000
60 76 0.500000
60 77 0.500000
60 78 0.500000
60 79 0.500000
60 80 0.500000
60 81 0.500000
60 82 0.500000
60 84 0.500000
60 87 0.500000
60 88 0.500000
60 89 0.500000
60 91 0.500000
60 92 0.500000
60 93 0.500000
60 95 0.500000
60 97 0.500000
60 100 0.500000
60 101 0.500000
60 102 0.500000
60 103 0.500000
60 105 0.500000
60 106 0.500000
60 107 0.500000
60 108 0.500000
60 110 0.500000
60 112 0.500000
60 113 0.500000
60 114 0.500000
60 115 0.500000
60 117 0.500000
60 120 0.500000
61 62 0.500000
61 63 0.500000
61 64 0.500000
61 65 0.500000
61 66 0.500000
61 67 0.500000
61 68 0.500000
61 69 0.500000
61 71 0.500000
61 72 0.500000
61 73 0.500000
61 75 0.500000
61 76 0.500000
61 77 0.500000
61 78 0.500000
61 79 0.500000
61 80 0.500000
61 82 0.500000
61 83 0.500000
61 84 0.500000
61 85 0.500000
61 87 0.500000
61 88 0.500000
61 89 0.500000
61 91 0.500000
61 92 0.500000
61 93 0.500000
61 94 0.500000
61 95 0.500000
61 96 0.500000
61 97 0.500000
61 98 0.500000
61 100 0.500000
61 103 0.500000
61 104 0.500000
61 105 0.500000
61 108 0.500000
61 109 0.500000
61 110 0.500000
61 111 0.500000
61 112 0.500000
61 113 0.500000
61 114 0.500000
61 115 0.500000
61 116 0.500000
61 117 0.500000
61 118 0.500000
62 63 0.500000
62 64 0.500000
62 65 0.500000
62 67 0.500000
62 68 0.500000
62 70 0.500000
62 71 0.500000
62 72 0.500000
62 73 0.500000
62 74 0.500000
62 77 0.500000
62 79 0.500000
62 81 0.500000
62 82 0.500000
62 83 0.500000
62 86 0.500000
62 87 0.500000
62 88 0.500000
62 89 0.500000
62 90 0.500000
62 91 0.500000
62 93 0.500000
62 96 0.500000
62 97 0.500000
62 99 0.500000
62 100 0.500000
62 101 0.500000
62 102 0.500000
62 103 0.500000
62 104 0.500000
62 105 0.500000
62 106 0.500000
62 107 0.500000
62 109 0.500000
62 110 0.500000
62 113 0.500000
62 114 0.500000
62 115 0.500000
62 118 0.500000
62 119 0.500000
62 120 0.500000
63 64 0.500000
63 65 0.500000
63 66 0.500000
63 67 0.500000
63 69 0.500000
63 73 0.500000
63 76 0.500000
63 77 0.500000
63 78 0.500000
63 79 0.500000
63 80 0.500000
63 81 0.500000
63 82 0.500000
63 83 0.500000
63 84 0.500000
63 85 0.500000
63 86 0.500000
63 89 0.500000
63 90 0.500000
63 91 0.500000
63 92 0.500000
63 93 0.500000
63 94 0.500000
63 95 0.500000
63 96 0.500000
63 97 0.500000
63 98 0.500000
63 100 0.500000
63 101 0.500000
63 102 0.500000
63 103 0.500000
63 104 0.500000
63 106 0.500000
63 107 0.500000
63 110 0.500000
63 112 0.500000
63 114 0.500000
63 115 0.500000
63 116 0.500000
63 118 0.500000
63 119 0.500000
63 120 0.500000
64 67 0.500000
64 68 0.500000
64 69 0.500000
64 71 0.500000
64 73 0.500000
64 74 0.500000
64 76 0.500000
64 77 0.500000
64 78 0.500000
64 79 0.500000
64 81 0.500000
64 82 0.500000
64 84 0.500000
64 85 0.500000
64 86 0.500000
64 87 0.500000
64 88 0.500000
64 89 0.500000
64 92 0.500000
64 93 0.500000
64 94 0.500000
64 95 0.500000
64 96 0.500000
64 97 0.500000
64 98 0.500000
64 99 0.500000
64 100 0.500000
64 101 0.500000
64 103 0.500000
64 104 0.500000
64 105 0.500000
64 107 0.500000
64 108 0.500000
64 109 0.500000
64 110 0.500000
64 111 0.500000
64 112 0.500000
64 114 0.500000
64 115 0.500000
64 116 0.500000
64 117 0.500000
64 118 0.500000
64 119 0.500000
64 120 0.500000
65 66 0.500000
65 67 0.500000
65 68 0.500000
65 70 0.500000
65 71 0.500000
65 72 0.500000
65 73 0.500000
65 74 0.500000
65 75 0.500000
65 76 0.500000
65 77 0.500000
65 78 0.500000
65 79 0.500000
65 80 0.500000
65 82 0.500000
65 84 0.500000
65 85 0.500000
65 86 0.500000
65 88 0.500000
65 90 0.500000
65 91 0.500000
65 92 0.500000
65 93 0.500000
65 95 0.500000
65 96 0.500000
65 97 0.500000
65 98 0.500000
65 99 0.500000
65 101 0.500000
65 102 0.500000
65 104 0.500000
65 105 0.500000
65 106 0.500000
65 107 0.500000
65 108 0.500000
65 109 0.500000
65 110 0.500000
65 111 0.500000
65 112 0.500000
65 113 0.500000
65 114 0.500000
65 115 0.500000
65 116 0.500000
65 117 0.500000
65 118 0.500000
65 119 0.500000
65 120 0.500000
66 68 0.500000
66 69 0.500000
66 70 0.500000
66 71 0.500000
66 72 0.500000
66 73 0.500000
66 75 0.500000
66 76 0.500000
66 77 0.500000
66 78 0.500000
66 79 0.500000
66 81 0.500000
66 82 0.500000
66 83 0.500000
66 84 0.500000
66 85 0.500000
66 87 0.500000
66 89 0.500000
66 90 0.500000
66 91 0.500000
66 92 0.500000
66 93 0.500000
66 95 0.500000
66 96 0.500000
66 97 0.500000
66 98 0.500000
66 99 0.500000
66 100 0.500000
66 101 0.500000
66 102 0.500000
66 105 0.500000
66 106 0.500000
66 107 0.500000
66 111 0.500000
66 112 0.500000
66 113 0.500000
66 115 0.500000
66 116 0.500000
66 118 0.500000
66 119 0.500000
66 120 0.500000
67 69 0.500000
67 70 0.500000
67 71 0.500000
67 72 0.500000
67 74 0.500000
67 75 0.500000
67 76 0.500000
67 78 0.500000
67 79 0.500000
67 81 0.500000
67 82 0.500000
67 83 0.500000
67 84 0.500000
67 85 0.500000
67 86 0.500000
67 87 0.500000
67 88 0.500000
67 89 0.500000
67 90 0.500000
67 91 0.500000
67 93 0.500000
67 95 0.500000
67 100 0.500000
67 101 0.500000
67 102 0.500000
67 105 0.500000
67 106 0.500000
67 109 0.500000
67 110 0.500000
67 111 0.500000
67 113 0.500000
67 114 0.500000
67 115 0.500000
67 116 0.500000
67 118 0.500000
67 119 0.500000
67 120 0.500000
68 69 0.500000
68 70 0.500000
68 71 0.500000
68 73 0.500000
68 74 0.500000
68 75 0.500000
68 77 0.500000
68 79 0.500000
68 80 0.500000
68 82 0.500000
68 83 0.500000
68 84 0.500000
68 86 0.500000
68 87 0.500000
68 88 0.500000
68 89 0.500000
68 90 0.500000
68 91 0.500000
68 93 0.500000
68 96 0.500000
68 97 0.500000
68 98 0.500000
68 99 0.500000
68 101 0.500000
68 103 0.500000
68 105 0.500000
68 106 0.500000
68 108 0.500000
68 109 0.500000
68 110 0.500000
68 111 0.500000
68 112 0.500000
68 113 0.500000
68 114 0.500000
68 115 0.500000
68 116 0.500000
68 118 0.500000
68 119 0.500000
68 120 0.500000
69 70 0.500000
69 71 0.500000
69 72 0.500000
69 75 0.500000
69 76 0.500000
69 77 0.500000
69 79 0.500000
69 80 0.500000
69 81 0.500000
69 82 0.500000
69 83 0.500000
69 85 0.500000
69 86 0.500000
69 87 0.500000
69 90 0.500000
69 92 0.500000
69 93 0.500000
69 95 0.500000
69 96 0.500000
69 97 0.500000
69 98 0.500000
69 99 0.500000
69 100 0.500000
69 101 0.500000
69 102 0.500000
69 104 0.500000
69 105 0.500000
69 106 0.500000
69 107 0.500000
69 109 0.500000
69 110 0.500000
69 112 0.500000
69 113 0.500000
69 114 0.500000
69 115 0.500000
69 116 0.500000
69 117 0.500000
69 118 0.500000
69 119 0.500000
69 120 0.500000
70 71 0.500000
70 72 0.500000
70 73 0.500000
70 74 0.500000
70 75 0.500000
70 77 0.500000
70 78 0.500000
70 80 0.500000
70 81 0.500000
70 83 0.500000
70 85 0.500000
70 86 0.500000
70 87 0.500000
70 88 0.500000
70 89 0.500000
70 90 0.500000
70 91 0.500000
70 93 0.500000
70 95 0.500000
70 96 0.500000
70 97 0.500000
70 99 0.500000
70 101 0.500000
70 103 0.500000
70 104 0.500000
70 105 0.500000
70 106 0.500000
70 107 0.500000
70 108 0.500000
70 109 0.500000
70 110 0.500000
70 111 0.500000
70 112 0.500000
70 113 0.500000
70 114 0.500000
70 115 0.500000
70 118 0.500000
70 120 0.500000
71 73 0.500000
71 74 0.500000
71 75 0.500000
71 76 0.500000
71 78 0.500000
71 79 0.500000
71 80 0.500000
71 81 0.500000
71 83 0.500000
71 84 0.500000
71 85 0.500000
71 86 0.500000
71 87 0.500000
71 88 0.500000
71 90 0.500000
71 91 0.500000
71 92 0.500000
71 93 0.500000
71 94 0.500000
71 95 0.500000
71 97 0.500000
71 98 0.500000
71 99 0.500000
71 100 0.500000
71 101 0.500000
71 102 0.500000
71 103 0.500000
71 104 0.500000
71 105 0.500000
71 106 0.500000
71 107 0.500000
71 108 0.500000
71 109 0.500000
71 110 0.500000
71 111 0.500000
71 112 0.500000
71 114 0.500000
71 115 0.500000
71 116 0.500000
71 117 0.500000
71 119 0.500000
71 120 0.500000
72 74 0.500000
72 75 0.500000
72 76 0.500000
72 77 0.500000
72 78 0.500000
72 80 0.500000
72 81 0.500000
72 82 0.500000
72 83 0.500000
72 84 0.500000
72 85 0.500000
72 86 0.500000
72 89 0.500000
72 90 0.500000
72 91 0.500000
72 92 0.500000
72 93 0.500000
72 94 0.500000
72 95 0.500000
72 96 0.500000
72 97 0.500000
72 99 0.500000
72 101 0.500000
72 102 0.500000
72 103 0.500000
72 104 0.500000
72 105 0.500000
72 106 0.500000
72 109 0.500000
72 110 0.500000
72 111 0.500000
72 112 0.500000
72 113 0.500000
72 114 0.500000
72 116 0.500000
72 117 0.500000
72 119 0.500000
73 74 0.500000
73 76 0.500000
73 79 0.500000
73 80 0.500000
73 81 0.500000
73 83 0.500000
73 84 0.500000
73 85 0.500000
73 87 0.500000
73 89 0.500000
73 91 0.500000
73 92 0.500000
73 96 0.500000
73 97 0.500000
73 98 0.500000
73 99 0.500000
73 100 0.500000
73 101 0.500000
73 102 0.500000
73 103 0.500000
73 104 0.500000
73 105 0.500000
73 106 0.500000
73 107 0.500000
73 108 0.500000
73 109 0.500000
73 110 0.500000
73 111 0.500000
73 112 0.500000
73 113 0.500000
73 117 0.500000
73 119 0.500000
73 120 0.500000
74 75 0.500000
74 76 0.500000
74 77 0.500000
74 79 0.500000
74 80 0.500000
74 81 0.500000
74 82 0.500000
74 83 0.500000
74 84 0.500000
74 85 0.500000
74 86 0.500000
74 87 0.500000
74 88 0.500000
74 89 0.500000
74 90 0.500000
74 91 0.500000
74 92 0.500000
74 93 0.500000
74 94 0.500000
74 95 0.500000
74 96 0.500000
74 97 0.500000
74 98 0.500000
74 99 0.500000
74 100 0.500000
74 101 0.500000
74 102 0.500000
74 103 0.500000
74 104 0.500000
74 106 0.500000
74 108 0.500000
74 110 0.500000
74 111 0.500000
74 112 0.500000
74 113 0.500000
74 114 0.500000
74 115 0.500000
74 116 0.500000
74 117 0.500000
74 118 0.500000
74 120 0.500000
75 76 0.500000
75 77 0.500000
75 78 0.500000
75 79 0.500000
75 80 0.500000
75 81 0.500000
75 82 0.500000
75 83 0.500000
75 84 0.500000
75 87 0.500000
75 88 0.500000
75 89 0.500000
75 92 0.500000
75 94 0.500000
75 95 0.500000
75 97 0.500000
75 98 0.500000
75 99 0.500000
75 100 0.500000
75 102 0.500000
75 103 0.500000
75 104 0.500000
75 105 0.500000
75 106 0.500000
75 107 0.500000
75 109 0.500000
75 110 0.500000
75 111 0.500000
75 114 0.500000
75 115 0.500000
75 116 0.500000
75 117 0.500000
75 119 0.500000
76 79 0.500000
76 80 0.500000
76 81 0.500000
76 83 0.500000
76 85 0.500000
76 86 0.500000
76 89 0.500000
76 90 0.500000
76 91 0.500000
76 92 0.500000
76 93 0.500000
76 95 0.500000
76 97 0.500000
76 99 0.500000
76 100 0.500000
76 101 0.500000
76 102 0.500000
76 104 0.500000
76 106 0.500000
76 107 0.500000
76 109 0.500000
76 110 0.500000
76 113 0.500000
76 114 0.500000
76 116 0.500000
76 119 0.500000
76 120 0.500000
77 78 0.500000
77 79 0.500000
77 80 0.500000
77 82 0.500000
77 86 0.500000
77 87 0.500000
77 88 0.500000
77 89 0.500000
77 90 0.500000
77 91 0.500000
77 92 0.500000
77 93 0.500000
77 95 0.500000
77 96 0.500000
77 98 0.500000
77 99 0.500000
77 100 0.500000
77 101 0.500000
77 102 0.500000
77 103 0.500000
77 105 0.500000
77 106 0.500000
77 107 0.500000
77 108 0.500000
77 109 0.500000
77 110 0.500000
77 111 0.500000
77 112 0.500000
77 113 0.500000
77 114 0.500000
77 116 0.500000
77 118 0.500000
77 120 0.500000
78 79 0.500000
78 80 0.500000
78 82 0.500000
78 83 0.500000
78 85 0.500000
78 86 0.500000
78 87 0.500000
78 88 0.500000
78 89 0.500000
78 90 0.500000
78 92 0.500000
78 95 0.500000
78 96 0.500000
78 99 0.500000
78 100 0.500000
78 101 0.500000
78 102 0.500000
78 103 0.500000
78 104 0.500000
78 105 0.500000
78 106 0.500000
78 107 0.500000
78 108 0.500000
78 110 0.500000
78 111 0.500000
78 112 0.500000
78 113 0.500000
78 114 0.500000
78 115 0.500000
78 118 0.500000
78 119 0.500000
78 120 0.500000
79 81 0.500000
79 84 0.500000
79 86 0.500000
79 87 0.500000
79 88 0.500000
79 89 0.500000
79 90 0.500000
79 91 0.500000
79 93 0.500000
79 94 0.500000
79 96 0.500000
79 97 0.500000
79 98 0.500000
79 100 0.500000
79 101 0.500000
79 102 0.500000
79 103 0.500000
79 104 0.500000
79 105 0.500000
79 106 0.500000
79 107 0.500000
79 108 0.500000
79 109 0.500000
79 110 0.500000
79 111 0.500000
79 113 0.500000
79 115 0.500000
79 117 0.500000
79 118 0.500000
79 120 0.500000
80 81 0.500000
80 82 0.500000
80 84 0.500000
80 85 0.500000
80 86 0.500000
80 87 0.500000
80 88 0.500000
80 90 0.500000
80 92 0.500000
80 93 0.500000
80 94 0.500000
80 95 0.500000
80 97 0.500000
80 101 0.500000
80 102 0.500000
80 103 0.500000
80 104 0.500000
80 105 0.500000
80 106 0.500000
80 109 0.500000
80 110 0.500000
80 112 0.500000
80 113 0.500000
80 114 0.500000
80 115 0.500000
80 116 0.500000
80 118 0.500000
80 120 0.500000
81 85 0.500000
81 86 0.500000
81 87 0.500000
81 89 0.500000
81 90 0.500000
81 91 0.500000
81 92 0.500000
81 93 0.500000
81 94 0.500000
81 95 0.500000
81 98 0.500000
81 99 0.500000
81 100 0.500000
81 102 0.500000
81 103 0.500000
81 104 0.500000
81 105 0.500000
81 106 0.500000
81 110 0.500000
81 113 0.500000
81 115 0.500000
81 116 0.500000
81 117 0.500000
81 119 0.500000
82 83 0.500000
82 84 0.500000
82 86 0.500000
82 87 0.500000
82 88 0.500000
82 89 0.500000
82 90 0.500000
82 93 0.500000
82 94 0.500000
82 95 0.500000
82 96 0.500000
82 97 0.500000
82 98 0.500000
82 99 0.500000
82 100 0.500000
82 102 0.500000
82 103 0.500000
82 104 0.500000
82 105 0.500000
82 106 0.500000
82 107 0.500000
82 109 0.500000
82 111 0.500000
82 113 0.500000
82 114 0.500000
82 115 0.500000
82 116 0.500000
82 117 0.500000
82 119 0.500000
82 120 0.500000
83 84 0.500000
83 85 0.500000
83 86 0.500000
83 87 0.500000
83 88 0.500000
83 89 0.500000
83 90 0.500000
83 91 0.500000
83 92 0.500000
83 94 0.500000
83 96 0.500000
83 97 0.500000
83 98 0.500000
83 101 0.500000
83 103 0.500000
83 104 0.500000
83 105 0.500000
83 106 0.500000
83 107 0.500000
83 108 0.500000
83 109 0.500000
83 110 0.500000
83 111 0.500000
83 112 0.500000
83 113 0.500000
83 114 0.500000
83 115 0.500000
83 117 0.500000
83 118 0.500000
83 119 0.500000
83 120 0.500000
84 86 0.500000
84 88 0.500000
84 90 0.500000
84 92 0.500000
84 95 0.500000
84 96 0.500000
84 97 0.500000
84 98 0.500000
84 99 0.500000
84 100 0.500000
84 101 0.500000
84 102 0.500000
84 103 0.500000
84 104 0.500000
84 105 0.500000
84 106 0.500000
84 107 0.500000
84 108 0.500000
84 113 0.500000
84 115 0.500000
84 117 0.500000
84 118 0.500000
84 120 0.500000
85 86 0.500000
85 87 0.500000
85 88 0.500000
85 89 0.500000
85 90 0.500000
85 92 0.500000
85 93 0.500000
85 94 0.500000
85 96 0.500000
85 98 0.500000
85 99 0.500000
85 100 0.500000
85 101 0.500000
85 102 0.500000
85 104 0.500000
85 105 0.500000
85 107 0.500000
85 108 0.500000
85 109 0.500000
85 111 0.500000
85 112 0.500000
85 113 0.500000
85 114 0.500000
85 115 0.500000
85 116 0.500000
85 118 0.500000
85 119 0.500000
86 88 0.500000
86 90 0.500000
86 91 0.500000
86 92 0.500000
86 93 0.500000
86 94 0.500000
86 96 0.500000
86 97 0.500000
86 98 0.500000
86 100 0.500000
86 101 0.500000
86 102 0.500000
86 103 0.500000
86 104 0.500000
86 105 0.500000
86 106 0.500000
86 108 0.500000
86 109 0.500000
86 110 0.500000
86 111 0.500000
86 112 0.500000
86 113 0.500000
86 115 0.500000
86 116 0.500000
86 117 0.500000
86 119 0.500000
86 120 0.500000
87 89 0.500000
87 90 0.500000
87 92 0.500000
87 93 0.500000
87 94 0.500000
87 97 0.500000
87 99 0.500000
87 100 0.500000
87 101 0.500000
87 102 0.500000
87 105 0.500000
87 106 0.500000
87 107 0.500000
87 110 0.500000
87 111 0.500000
87 112 0.500000
87 113 0.500000
87 114 0.500000
88 89 0.500000
88 90 0.500000
88 91 0.500000
88 93 0.500000
88 94 0.500000
88 95 0.500000
88 97 0.500000
88 98 0.500000
88 99 0.500000
88 100 0.500000
88 101 0.500000
88 102 0.500000
88 103 0.500000
88 104 0.500000
88 105 0.500000
88 106 0.500000
88 107 0.500000
88 108 0.500000
88 109 0.500000
88 110 0.500000
88 111 0.500000
88 112 0.500000
88 113 0.500000
88 114 0.500000
88 115 0.500000
88 116 0.500000
88 120 0.500000
89 91 0.500000
89 92 0.500000
89 93 0.500000
89 94 0.500000
89 95 0.500000
89 96 0.500000
89 97 0.500000
89 99 0.500000
89 100 0.500000
89 101 0.500000
89 102 0.500000
89 104 0.500000
89 106 0.500000
89 107 0.500000
89 108 0.500000
89 111 0.500000
89 112 0.500000
89 114 0.500000
89 116 0.500000
89 117 0.500000
89 118 0.500000
89 119 0.500000
89 120 0.500000
90 91 0.500000
90 93 0.500000
90 96 0.500000
90 97 0.500000
90 98 0.500000
90 99 0.500000
90 100 0.500000
90 101 0.500000
90 103 0.500000
90 104 0.500000
90 106 0.500000
90 108 0.500000
90 109 0.500000
90 110 0.500000
90 111 0.500000
90 112 0.500000
90 113 0.500000
90 114 0.500000
90 117 0.500000
90 118 0.500000
90 119 0.500000
90 120 0.500000
91 92 0.500000
91 93 0.500000
91 94 0.500000
91 95 0.500000
91 96 0.500000
91 97 0.500000
91 99 0.500000
91 100 0.500000
91 101 0.500000
91 103 0.500000
91 104 0.500000
91 105 0.500000
91 107 0.500000
91 109 0.500000
91 110 0.500000
91 111 0.500000
91 112 0.500000
91 113 0.500000
91 115 0.500000
91 116 0.500000
91 117 0.500000
91 118 0.500000
91 119 0.500000
92 93 0.500000
92 94 0.500000
92 95 0.500000
92 97 0.500000
92 98 0.500000
92 99 0.500000
92 100 0.500000
92 101 0.500000
92 102 0.500000
92 103 0.500000
92 104 0.500000
92 105 0.500000
92 106 0.500000
92 108 0.500000
92 109 0.500000
92 112 0.500000
92 113 0.500000
92 114 0.500000
92 115 0.500000
92 116 0.500000
92 117 0.500000
92 118 0.500000
92 119 0.500000
92 120 0.500000
93 95 0.500000
93 96 0.500000
93 97 0.500000
93 98 0.500000
93 99 0.500000
93 100 0.500000
93 102 0.500000
93 103 0.500000
93 104 0.500000
93 105 0.500000
93 106 0.500000
93 108 0.500000
93 109 0.500000
93 111 0.500000
93 112 0.500000
93 113 0.500000
93 114 0.500000
93 115 0.500000
93 116 0.500000
93 117 0.500000
93 119 0.500000
93 120 0.500000
94 95 0.500000
94 97 0.500000
94 98 0.500000
94 99 0.500000
94 100 0.500000
94 101 0.500000
94 103 0.500000
94 104 0.500000
94 105 0.500000
94 106 0.500000
94 107 0.500000
94 108 0.500000
94 109 0.500000
94 110 0.500000
94 111 0.500000
94 112 0.500000
94 113 0.500000
94 114 0.500000
94 115 0.500000
94 116 0.500000
94 117 0.500000
94 118 0.500000
94 119 0.500000
94 120 0.500000
95 98 0.500000
95 100 0.500000
95 101 0.500000
95 102 0.500000
95 104 0.500000
95 105 0.500000
95 106 0.500000
95 107 0.500000
95 110 0.500000
95 111 0.500000
95 112 0.500000
95 113 0.500000
95 114 0.500000
95 115 0.500000
95 116 0.500000
95 117 0.500000
95 118 0.500000
95 120 0.500000
96 97 0.500000
96 99 0.500000
96 101 0.500000
96 102 0.500000
96 103 0.500000
96 104 0.500000
96 105 0.500000
96 106 0.500000
96 107 0.500000
96 108 0.500000
96 110 0.500000
96 112 0.500000
96 113 0.500000
96 114 0.500000
96 115 0.500000
96 117 0.500000
96 119 0.500000
96 120 0.500000
97 98 0.500000
97 99 0.500000
97 100 0.500000
97 101 0.500000
97 103 0.500000
97 104 0.500000
97 106 0.500000
97 108 0.500000
97 109 0.500000
97 110 0.500000
97 111 0.500000
97 112 0.500000
97 113 0.500000
97 114 0.500000
97 115 0.500000
97 116 0.500000
97 117 0.500000
97 118 0.500000
97 119 0.500000
97 120 0.500000
98 99 0.500000
98 100 0.500000
98 101 0.500000
98 102 0.500000
98 103 0.500000
98 105 0.500000
98 106 0.500000
98 107 0.500000
98 108 0.500000
98 109 0.500000
98 110 0.500000
98 111 0.500000
98 112 0.500000
98 113 0.500000
98 114 0.500000
98 115 0.500000
98 116 0.500000
98 117 0.500000
98 118 0.500000
98 119 0.500000
98 120 0.500000
99 101 0.500000
99 104 0.500000
99 106 0.500000
99 109 0.500000
99 112 0.500000
99 116 0.500000
99 117 0.500000
99 118 0.500000
99 119 0.500000
100 101 0.500000
100 102 0.500000
100 103 0.500000
100 104 0.500000
100 105 0.500000
100 106 0.500000
100 108 0.500000
100 110 0.500000
100 111 0.500000
100 112 0.500000
100 113 0.500000
100 117 0.500000
100 118 0.500000
100 119 0.500000
100 120 0.500000
101 102 0.500000
101 103 0.500000
101 105 0.500000
101 106 0.500000
101 108 0.500000
101 109 0.500000
101 110 0.500000
101 112 0.500000
101 113 0.500000
101 114 0.500000
101 115 0.500000
101 116 0.500000
101 117 0.500000
101 120 0.500000
102 103 0.500000
102 104 0.500000
102 105 0.500000
102 106 0.500000
102 109 0.500000
102 110 0.500000
102 111 0.500000
102 112 0.500000
102 113 0.500000
102 114 0.500000
102 116 0.500000
102 118 0.500000
102 119 0.500000
102 120 0.500000
103 104 0.500000
103 106 0.500000
103 107 0.500000
103 109 0.500000
103 110 0.500000
103 111 0.500000
103 112 0.500000
103 113 0.500000
103 115 0.500000
103 116 0.500000
103 117 0.500000
103 119 0.500000
103 120 0.500000
104 105 0.500000
104 106 0.500000
104 107 0.500000
104 108 0.500000
104 110 0.500000
104 111 0.500000
104 115 0.500000
104 116 0.500000
104 117 0.500000
104 119 0.500000
104 120 0.500000
105 106 0.500000
105 107 0.500000
105 108 0.500000
105 109 0.500000
105 110 0.500000
105 112 0.500000
105 113 0.500000
105 114 0.500000
105 116 0.500000
105 117 0.500000
105 118 0.500000
105 120 0.500000
106 107 0.500000
106 108 0.500000
106 110 0.500000
106 111 0.500000
106 112 0.500000
106 113 0.500000
106 114 0.500000
106 115 0.500000
106 116 0.500000
106 118 0.500000
106 119 0.500000
107 108 0.500000
107 109 0.500000
107 111 0.500000
107 112 0.500000
107 113 0.500000
107 114 0.500000
107 115 0.500000
107 117 0.500000
107 118 0.500000
107 119 0.500000
107 120 0.500000
108 109 0.500000
108 110 0.500000
108 111 0.500000
108 112 0.500000
108 117 0.500000
108 118 0.500000
108 119 0.500000
109 110 0.500000
109 111 0.500000
109 112 0.500000
109 115 0.500000
109 116 0.500000
109 117 0.500000
109 119 0.500000
109 120 0.500000
110 111 0.500000
110 112 0.500000
110 113 0.500000
110 114 0.500000
110 116 0.500000
110 117 0.500000
110 119 0.500000
110 120 0.500000
111 112 0.500000
111 114 0.500000
111 115 0.500000
111 116 0.500000
111 118 0.500000
111 119 0.500000
112 115 0.500000
112 116 0.500000
112 117 0.500000
112 118 0.500000
112 119 0.500000
112 120 0.500000
113 114 0.500000
113 115 0.500000
113 117 0.500000
113 118 0.500000
113 119 0.500000
113 120 0.500000
114 116 0.500000
114 117 0.500000
114 119 0.500000
115 116 0.500000
115 117 0.500000
115 118 0.500000
115 119 0.500000
116 117 0.500000
116 119 0.500000
116 120 0.500000
117 118 0.500000
117 120 0.500000
118 119 0.500000
118 120 0.500000
119 120 0.500000
