120 60 3570
1 2 0.500000
1 3 0.500000
1 4 0.500000
1 7 0.500000
1 10 0.500000
1 11 0.500000
1 14 0.500000
1 17 0.500000
1 19 0.500000
1 20 0.500000
1 21 0.500000
1 22 0.500000
1 23 0.500000
1 24 0.500000
1 25 0.500000
1 26 0.500000
1 27 0.500000
1 28 0.500000
1 29 0.500000
1 30 0.500000
1 32 0.500000
1 34 0.500000
1 35 0.500000
1 36 0.500000
1 37 0.500000
1 39 0.500000
1 41 0.500000
1 43 0.500000
1 44 0.500000
1 46 0.500000
1 47 0.500000
1 48 0.500000
1 49 0.500000
1 50 0.500000
1 52 0.500000
1 53 0.500000
1 55 0.500000
1 56 0.500000
1 57 0.500000
1 59 0.500000
1 61 0.500000
1 62 0.500000
1 64 0.500000
1 65 0.500000
1 69 0.500000
1 71 0.500000
1 72 0.500000
1 73 0.500000
1 78 0.500000
1 82 0.500000
1 84 0.500000
1 85 0.500000
1 90 0.500000
1 91 0.500000
1 93 0.500000
1 94 0.500000
1 95 0.500000
1 97 0.500000
1 98 0.500000
1 100 0.500000
1 104 0.500000
1 109 0.500000
1 110 0.500000
1 111 0.500000
1 113 0.500000
1 115 0.500000
1 117 0.500000
1 118 0.500000
1 119 0.500000
2 6 0.500000
2 9 0.500000
2 10 0.500000
2 11 0.500000
2 13 0.500000
2 14 0.500000
2 18 0.500000
2 19 0.500000
2 20 0.500000
2 22 0.500000
2 23 0.500000
2 25 0.500000
2 26 0.500000
2 28 0.500000
2 29 0.500000
2 32 0.500000
2 34 0.500000
2 37 0.500000
2 38 0.500000
2 39 0.500000
2 42 0.500000
2 43 0.500000
2 45 0.500000
2 48 0.500000
2 49 0.500000
2 50 0.500000
2 51 0.500000
2 52 0.500000
2 54 0.500000
2 56 0.500000
2 57 0.500000
2 58 0.500000
2 59 0.500000
2 61 0.500000
2 62 0.500000
2 68 0.500000
2 69 0.500000
2 70 0.500000
2 71 0.500000
2 72 0.500000
2 73 0.500000
2 75 0.500000
2 76 0.500000
2 77 0.500000
2 79 0.500000
2 80 0.500000
2 81 0.500000
2 83 0.500000
2 87 0.500000
2 88 0.500000
2 89 0.500000
2 90 0.500000
2 91 0.500000
2 93 0.500000
2 94 0.500000
2 97 0.500000
2 98 0.500000
2 99 0.500000
2 100 0.500000
2 105 0.500000
2 106 0.500000
2 108 0.500000
2 113 0.500000
2 114 0.500000
2 118 0.500000
3 4 0.500000
3 6 0.500000
3 9 0.500000
3 12 0.500000
3 13 0.500000
3 17 0.500000
3 18 0.500000
3 19 0.500000
3 22 0.500000
3 23 0.500000
3 27 0.500000
3 32 0.500000
3 33 0.500000
3 36 0.500000
3 38 0.500000
3 40 0.500000
3 41 0.500000
3 43 0.500000
3 44 0.500000
3 46 0.500000
3 47 0.500000
3 48 0.500000
3 49 0.500000
3 50 0.500000
3 52 0.500000
3 54 0.500000
3 57 0.500000
3 58 0.500000
3 59 0.500000
3 61 0.500000
3 64 0.500000
3 65 0.500000
3 66 0.500000
3 68 0.500000
3 70 0.500000
3 73 0.500000
3 74 0.500000
3 77 0.500000
3 78 0.500000
3 79 0.500000
3 80 0.500000
3 81 0.500000
3 82 0.500000
3 87 0.500000
3 88 0.500000
3 89 0.500000
3 93 0.500000
3 96 0.500000
3 97 0.500000
3 100 0.500000
3 101 0.500000
3 104 0.500000
3 105 0.500000
3 107 0.500000
3 108 0.500000
3 109 0.500000
3 112 0.500000
3 115 0.500000
4 5 0.500000
4 6 0.500000
4 7 0.500000
4 8 0.500000
4 12 0.500000
4 13 0.500000
4 18 0.500000
4 19 0.500000
4 20 0.500000
4 22 0.500000
4 23 0.500000
4 24 0.500000
4 25 0.500000
4 26 0.500000
4 28 0.500000
4 29 0.500000
4 31 0.500000
4 32 0.500000
4 36 0.500000
4 38 0.500000
4 40 0.500000
4 42 0.500000
4 43 0.500000
4 44 0.500000
4 46 0.500000
4 49 0.500000
4 51 0.500000
4 52 0.500000
4 58 0.500000
4 60 0.500000
4 61 0.500000
4 64 0.500000
4 65 0.500000
4 69 0.500000
4 72 0.500000
4 74 0.500000
4 75 0.500000
4 77 0.500000
4 78 0.500000
4 83 0.500000
4 84 0.500000
4 85 0.500000
4 87 0.500000
4 90 0.500000
4 91 0.500000
4 92 0.500000
4 93 0.500000
4 94 0.500000
4 95 0.500000
4 97 0.500000
4 99 0.500000
4 102 0.500000
4 103 0.500000
4 107 0.500000
4 109 0.500000
4 111 0.500000
4 112 0.500000
4 113 0.500000
4 114 0.500000
4 115 0.500000
4 117 0.500000
4 119 0.500000
4 120 0.500000
5 9 0.500000
5 10 0.500000
5 11 0.500000
5 12 0.500000
5 16 0.500000
5 19 0.500000
5 26 0.500000
5 27 0.500000
5 28 0.500000
5 29 0.500000
5 30 0.500000
5 31 0.500000
5 33 0.500000
5 34 0.500000
5 37 0.500000
5 39 0.500000
5 41 0.500000
5 46 0.500000
5 51 0.500000
5 53 0.500000
5 54 0.500000
5 60 0.500000
5 61 0.500000
5 62 0.500000
5 64 0.500000
5 65 0.500000
5 66 0.500000
5 71 0.500000
5 72 0.500000
5 73 0.500000
5 80 0.500000
5 82 0.500000
5 83 0.500000
5 87 0.500000
5 88 0.500000
5 89 0.500000
5 94 0.500000
5 95 0.500000
5 97 0.500000
5 99 0.500000
5 100 0.500000
5 105 0.500000
5 106 0.500000
5 107 0.500000
5 108 0.500000
5 112 0.500000
5 113 0.500000
5 114 0.500000
5 116 0.500000
5 117 0.500000
5 118 0.500000
5 119 0.500000
5 120 0.500000
6 7 0.500000
6 9 0.500000
6 11 0.500000
6 12 0.500000
6 13 0.500000
6 18 0.500000
6 19 0.500000
6 23 0.500000
6 24 0.500000
6 31 0.500000
6 32 0.500000
6 33 0.500000
6 36 0.500000
6 37 0.500000
6 38 0.500000
6 39 0.500000
6 45 0.500000
6 46 0.500000
6 47 0.500000
6 48 0.500000
6 50 0.500000
6 51 0.500000
6 53 0.500000
6 54 0.500000
6 55 0.500000
6 58 0.500000
6 59 0.500000
6 60 0.500000
6 65 0.500000
6 67 0.500000
6 70 0.500000
6 71 0.500000
6 72 0.500000
6 74 0.500000
6 75 0.500000
6 78 0.500000
6 80 0.500000
6 81 0.500000
6 84 0.500000
6 86 0.500000
6 87 0.500000
6 91 0.500000
6 92 0.500000
6 94 0.500000
6 95 0.500000
6 96 0.500000
6 100 0.500000
6 104 0.500000
6 105 0.500000
6 106 0.500000
6 110 0.500000
6 111 0.500000
6 114 0.500000
6 115 0.500000
6 117 0.500000
6 118 0.500000
7 10 0.500000
7 11 0.500000
7 14 0.500000
7 15 0.500000
7 16 0.500000
7 17 0.500000
7 18 0.500000
7 21 0.500000
7 22 0.500000
7 24 0.500000
7 27 0.500000
7 31 0.500000
7 32 0.500000
7 34 0.500000
7 37 0.500000
7 43 0.500000
7 44 0.500000
7 48 0.500000
7 52 0.500000
7 54 0.500000
7 57 0.500000
7 59 0.500000
7 62 0.500000
7 65 0.500000
7 70 0.500000
7 77 0.500000
7 80 0.500000
7 81 0.500000
7 82 0.500000
7 83 0.500000
7 84 0.500000
7 89 0.500000
7 90 0.500000
7 92 0.500000
7 94 0.500000
7 95 0.500000
7 96 0.500000
7 98 0.500000
7 100 0.500000
7 102 0.500000
7 104 0.500000
7 105 0.500000
7 106 0.500000
7 107 0.500000
7 112 0.500000
7 113 0.500000
7 115 0.500000
7 118 0.500000
7 119 0.500000
8 9 0.500000
8 14 0.500000
8 16 0.500000
8 17 0.500000
8 18 0.500000
8 21 0.500000
8 23 0.500000
8 24 0.500000
8 25 0.500000
8 27 0.500000
8 29 0.500000
8 30 0.500000
8 31 0.500000
8 35 0.500000
8 36 0.500000
8 38 0.500000
8 39 0.500000
8 41 0.500000
8 42 0.500000
8 43 0.500000
8 46 0.500000
8 51 0.500000
8 52 0.500000
8 53 0.500000
8 54 0.500000
8 55 0.500000
8 57 0.500000
8 60 0.500000
8 65 0.500000
8 66 0.500000
8 71 0.500000
8 72 0.500000
8 73 0.500000
8 76 0.500000
8 80 0.500000
8 81 0.500000
8 82 0.500000
8 84 0.500000
8 85 0.500000
8 86 0.500000
8 87 0.500000
8 89 0.500000
8 90 0.500000
8 91 0.500000
8 92 0.500000
8 93 0.500000
8 94 0.500000
8 95 0.500000
8 98 0.500000
8 99 0.500000
8 100 0.500000
8 101 0.500000
8 102 0.500000
8 104 0.500000
8 105 0.500000
8 106 0.500000
8 108 0.500000
8 111 0.500000
8 113 0.500000
8 118 0.500000
9 13 0.500000
9 16 0.500000
9 17 0.500000
9 18 0.500000
9 20 0.500000
9 21 0.500000
9 25 0.500000
9 26 0.500000
9 27 0.500000
9 28 0.500000
9 33 0.500000
9 39 0.500000
9 41 0.500000
9 42 0.500000
9 45 0.500000
9 46 0.500000
9 51 0.500000
9 52 0.500000
9 53 0.500000
9 55 0.500000
9 58 0.500000
9 60 0.500000
9 64 0.500000
9 68 0.500000
9 69 0.500000
9 73 0.500000
9 75 0.500000
9 78 0.500000
9 80 0.500000
9 81 0.500000
9 83 0.500000
9 85 0.500000
9 87 0.500000
9 88 0.500000
9 95 0.500000
9 99 0.500000
9 100 0.500000
9 101 0.500000
9 105 0.500000
9 110 0.500000
9 111 0.500000
9 112 0.500000
9 114 0.500000
9 115 0.500000
9 117 0.500000
9 118 0.500000
9 119 0.500000
9 120 0.500000
10 11 0.500000
10 12 0.500000
10 17 0.500000
10 19 0.500000
10 24 0.500000
10 25 0.500000
10 26 0.500000
10 28 0.500000
10 29 0.500000
10 33 0.500000
10 34 0.500000
10 36 0.500000
10 45 0.500000
10 50 0.500000
10 51 0.500000
10 52 0.500000
10 53 0.500000
10 54 0.500000
10 58 0.500000
10 60 0.500000
10 62 0.500000
10 64 0.500000
10 65 0.500000
10 66 0.500000
10 68 0.500000
10 69 0.500000
10 71 0.500000
10 72 0.500000
10 73 0.500000
10 77 0.500000
10 78 0.500000
10 79 0.500000
10 80 0.500000
10 84 0.500000
10 87 0.500000
10 88 0.500000
10 90 0.500000
10 92 0.500000
10 95 0.500000
10 96 0.500000
10 98 0.500000
10 101 0.500000
10 102 0.500000
10 105 0.500000
10 106 0.500000
10 108 0.500000
10 109 0.500000
10 110 0.500000
10 111 0.500000
10 113 0.500000
10 114 0.500000
10 116 0.500000
10 117 0.500000
10 119 0.500000
10 120 0.500000
11 12 0.500000
11 17 0.500000
11 18 0.500000
11 22 0.500000
11 23 0.500000
11 24 0.500000
11 25 0.500000
11 26 0.500000
11 27 0.500000
11 32 0.500000
11 34 0.500000
11 35 0.500000
11 36 0.500000
11 38 0.500000
11 39 0.500000
11 40 0.500000
11 43 0.500000
11 45 0.500000
11 47 0.500000
11 49 0.500000
11 50 0.500000
11 51 0.500000
11 52 0.500000
11 53 0.500000
11 55 0.500000
11 57 0.500000
11 59 0.500000
11 60 0.500000
11 61 0.500000
11 62 0.500000
11 64 0.500000
11 66 0.500000
11 68 0.500000
11 69 0.500000
11 73 0.500000
11 75 0.500000
11 77 0.500000
11 80 0.500000
11 81 0.500000
11 82 0.500000
11 83 0.500000
11 84 0.500000
11 85 0.500000
11 86 0.500000
11 87 0.500000
11 92 0.500000
11 96 0.500000
11 97 0.500000
11 100 0.500000
11 102 0.500000
11 103 0.500000
11 104 0.500000
11 108 0.500000
11 110 0.500000
11 111 0.500000
11 113 0.500000
11 114 0.500000
11 118 0.500000
11 119 0.500000
12 13 0.500000
12 14 0.500000
12 15 0.500000
12 16 0.500000
12 22 0.500000
12 24 0.500000
12 27 0.500000
12 29 0.500000
12 30 0.500000
12 31 0.500000
12 34 0.500000
12 36 0.500000
12 39 0.500000
12 41 0.500000
12 42 0.500000
12 45 0.500000
12 48 0.500000
12 49 0.500000
12 50 0.500000
12 55 0.500000
12 57 0.500000
12 59 0.500000
12 60 0.500000
12 61 0.500000
12 62 0.500000
12 63 0.500000
12 64 0.500000
12 65 0.500000
12 66 0.500000
12 67 0.500000
12 68 0.500000
12 69 0.500000
12 70 0.500000
12 74 0.500000
12 79 0.500000
12 80 0.500000
12 82 0.500000
12 83 0.500000
12 85 0.500000
12 88 0.500000
12 90 0.500000
12 95 0.500000
12 98 0.500000
12 100 0.500000
12 101 0.500000
12 103 0.500000
12 104 0.500000
12 105 0.500000
12 106 0.500000
12 107 0.500000
12 109 0.500000
12 110 0.500000
12 111 0.500000
12 113 0.500000
12 117 0.500000
12 118 0.500000
12 120 0.500000
13 15 0.500000
13 18 0.500000
13 19 0.500000
13 21 0.500000
13 25 0.500000
13 26 0.500000
13 28 0.500000
13 34 0.500000
13 35 0.500000
13 36 0.500000
13 37 0.500000
13 38 0.500000
13 39 0.500000
13 41 0.500000
13 45 0.500000
13 46 0.500000
13 47 0.500000
13 52 0.500000
13 53 0.500000
13 54 0.500000
13 55 0.500000
13 60 0.500000
13 72 0.500000
13 75 0.500000
13 76 0.500000
13 77 0.500000
13 78 0.500000
13 79 0.500000
13 81 0.500000
13 82 0.500000
13 83 0.500000
13 84 0.500000
13 87 0.500000
13 91 0.500000
13 93 0.500000
13 94 0.500000
13 96 0.500000
13 99 0.500000
13 100 0.500000
13 101 0.500000
13 102 0.500000
13 104 0.500000
13 106 0.500000
13 107 0.500000
13 108 0.500000
13 110 0.500000
13 112 0.500000
13 114 0.500000
13 115 0.500000
14 16 0.500000
14 17 0.500000
14 18 0.500000
14 20 0.500000
14 21 0.500000
14 23 0.500000
14 26 0.500000
14 27 0.500000
14 28 0.500000
14 29 0.500000
14 33 0.500000
14 34 0.500000
14 37 0.500000
14 38 0.500000
14 39 0.500000
14 42 0.500000
14 44 0.500000
14 45 0.500000
14 46 0.500000
14 47 0.500000
14 48 0.500000
14 49 0.500000
14 53 0.500000
14 54 0.500000
14 57 0.500000
14 60 0.500000
14 61 0.500000
14 62 0.500000
14 64 0.500000
14 66 0.500000
14 70 0.500000
14 71 0.500000
14 72 0.500000
14 73 0.500000
14 74 0.500000
14 76 0.500000
14 80 0.500000
14 84 0.500000
14 85 0.500000
14 86 0.500000
14 87 0.500000
14 89 0.500000
14 91 0.500000
14 95 0.500000
14 98 0.500000
14 102 0.500000
14 103 0.500000
14 105 0.500000
14 109 0.500000
14 110 0.500000
14 111 0.500000
14 112 0.500000
14 114 0.500000
14 115 0.500000
14 117 0.500000
14 118 0.500000
14 119 0.500000
14 120 0.500000
15 17 0.500000
15 18 0.500000
15 19 0.500000
15 20 0.500000
15 21 0.500000
15 22 0.500000
15 26 0.500000
15 30 0.500000
15 31 0.500000
15 33 0.500000
15 34 0.500000
15 35 0.500000
15 41 0.500000
15 42 0.500000
15 43 0.500000
15 44 0.500000
15 45 0.500000
15 47 0.500000
15 49 0.500000
15 52 0.500000
15 55 0.500000
15 56 0.500000
15 57 0.500000
15 60 0.500000
15 64 0.500000
15 66 0.500000
15 70 0.500000
15 71 0.500000
15 72 0.500000
15 75 0.500000
15 76 0.500000
15 77 0.500000
15 78 0.500000
15 80 0.500000
15 81 0.500000
15 82 0.500000
15 84 0.500000
15 88 0.500000
15 91 0.500000
15 93 0.500000
15 94 0.500000
15 96 0.500000
15 97 0.500000
15 99 0.500000
15 100 0.500000
15 101 0.500000
15 102 0.500000
15 105 0.500000
15 107 0.500000
15 108 0.500000
15 109 0.500000
15 110 0.500000
15 111 0.500000
15 112 0.500000
15 114 0.500000
15 116 0.500000
15 117 0.500000
15 120 0.500000
16 17 0.500000
16 18 0.500000
16 19 0.500000
16 20 0.500000
16 23 0.500000
16 25 0.500000
16 26 0.500000
16 27 0.500000
16 28 0.500000
16 29 0.500000
16 31 0.500000
16 34 0.500000
16 35 0.500000
16 39 0.500000
16 40 0.500000
16 41 0.500000
16 47 0.500000
16 48 0.500000
16 49 0.500000
16 51 0.500000
16 53 0.500000
16 55 0.500000
16 56 0.500000
16 58 0.500000
16 61 0.500000
16 62 0.500000
16 64 0.500000
16 66 0.500000
16 67 0.500000
16 68 0.500000
16 71 0.500000
16 72 0.500000
16 74 0.500000
16 75 0.500000
16 78 0.500000
16 79 0.500000
16 81 0.500000
16 84 0.500000
16 89 0.500000
16 90 0.500000
16 91 0.500000
16 92 0.500000
16 93 0.500000
16 95 0.500000
16 100 0.500000
16 101 0.500000
16 102 0.500000
16 106 0.500000
16 107 0.500000
16 108 0.500000
16 110 0.500000
16 111 0.500000
16 113 0.500000
16 115 0.500000
17 22 0.500000
17 24 0.500000
17 26 0.500000
17 28 0.500000
17 29 0.500000
17 34 0.500000
17 35 0.500000
17 36 0.500000
17 38 0.500000
17 39 0.500000
17 40 0.500000
17 42 0.500000
17 46 0.500000
17 48 0.500000
17 52 0.500000
17 56 0.500000
17 58 0.500000
17 60 0.500000
17 63 0.500000
17 64 0.500000
17 65 0.500000
17 66 0.500000
17 70 0.500000
17 71 0.500000
17 74 0.500000
17 79 0.500000
17 82 0.500000
17 85 0.500000
17 86 0.500000
17 87 0.500000
17 88 0.500000
17 90 0.500000
17 91 0.500000
17 92 0.500000
17 93 0.500000
17 94 0.500000
17 95 0.500000
17 96 0.500000
17 97 0.500000
17 99 0.500000
17 100 0.500000
17 101 0.500000
17 104 0.500000
17 105 0.500000
17 107 0.500000
17 110 0.500000
17 111 0.500000
17 117 0.500000
17 118 0.500000
17 120 0.500000
18 21 0.500000
18 27 0.500000
18 31 0.500000
18 35 0.500000
18 37 0.500000
18 39 0.500000
18 40 0.500000
18 41 0.500000
18 42 0.500000
18 44 0.500000
18 45 0.500000
18 46 0.500000
18 48 0.500000
18 51 0.500000
18 52 0.500000
18 53 0.500000
18 55 0.500000
18 56 0.500000
18 57 0.500000
18 58 0.500000
18 59 0.500000
18 62 0.500000
18 63 0.500000
18 65 0.500000
18 67 0.500000
18 68 0.500000
18 69 0.500000
18 70 0.500000
18 71 0.500000
18 73 0.500000
18 74 0.500000
18 75 0.500000
18 76 0.500000
18 78 0.500000
18 84 0.500000
18 85 0.500000
18 87 0.500000
18 96 0.500000
18 97 0.500000
18 102 0.500000
18 104 0.500000
18 106 0.500000
18 108 0.500000
18 109 0.500000
18 110 0.500000
18 116 0.500000
18 117 0.500000
18 118 0.500000
18 120 0.500000
19 21 0.500000
19 22 0.500000
19 23 0.500000
19 25 0.500000
19 26 0.500000
19 30 0.500000
19 31 0.500000
19 32 0.500000
19 33 0.500000
19 36 0.500000
19 40 0.500000
19 42 0.500000
19 44 0.500000
19 46 0.500000
19 48 0.500000
19 49 0.500000
19 50 0.500000
19 51 0.500000
19 62 0.500000
19 64 0.500000
19 68 0.500000
19 70 0.500000
19 71 0.500000
19 74 0.500000
19 78 0.500000
19 86 0.500000
19 87 0.500000
19 88 0.500000
19 89 0.500000
19 90 0.500000
19 93 0.500000
19 98 0.500000
19 99 0.500000
19 100 0.500000
19 102 0.500000
19 103 0.500000
19 104 0.500000
19 107 0.500000
19 108 0.500000
19 110 0.500000
19 114 0.500000
19 115 0.500000
19 117 0.500000
19 118 0.500000
19 119 0.500000
19 120 0.500000
20 22 0.500000
20 26 0.500000
20 28 0.500000
20 29 0.500000
20 31 0.500000
20 34 0.500000
20 35 0.500000
20 36 0.500000
20 39 0.500000
20 40 0.500000
20 42 0.500000
20 44 0.500000
20 47 0.500000
20 48 0.500000
20 50 0.500000
20 51 0.500000
20 52 0.500000
20 54 0.500000
20 58 0.500000
20 59 0.500000
20 62 0.500000
20 64 0.500000
20 66 0.500000
20 70 0.500000
20 73 0.500000
20 75 0.500000
20 80 0.500000
20 82 0.500000
20 83 0.500000
20 84 0.500000
20 86 0.500000
20 87 0.500000
20 92 0.500000
20 93 0.500000
20 94 0.500000
20 96 0.500000
20 98 0.500000
20 100 0.500000
20 102 0.500000
20 106 0.500000
20 109 0.500000
20 110 0.500000
20 112 0.500000
20 114 0.500000
20 115 0.500000
20 116 0.500000
20 117 0.500000
21 24 0.500000
21 26 0.500000
21 29 0.500000
21 30 0.500000
21 31 0.500000
21 32 0.500000
21 33 0.500000
21 34 0.500000
21 35 0.500000
21 36 0.500000
21 37 0.500000
21 38 0.500000
21 39 0.500000
21 40 0.500000
21 44 0.500000
21 47 0.500000
21 50 0.500000
21 52 0.500000
21 53 0.500000
21 56 0.500000
21 58 0.500000
21 59 0.500000
21 60 0.500000
21 62 0.500000
21 64 0.500000
21 67 0.500000
21 68 0.500000
21 69 0.500000
21 71 0.500000
21 73 0.500000
21 74 0.500000
21 75 0.500000
21 76 0.500000
21 77 0.500000
21 78 0.500000
21 79 0.500000
21 83 0.500000
21 84 0.500000
21 86 0.500000
21 88 0.500000
21 89 0.500000
21 94 0.500000
21 95 0.500000
21 98 0.500000
21 99 0.500000
21 101 0.500000
21 105 0.500000
21 106 0.500000
21 108 0.500000
21 109 0.500000
21 115 0.500000
21 116 0.500000
21 117 0.500000
22 28 0.500000
22 29 0.500000
22 30 0.500000
22 33 0.500000
22 36 0.500000
22 38 0.500000
22 42 0.500000
22 45 0.500000
22 46 0.500000
22 47 0.500000
22 50 0.500000
22 51 0.500000
22 52 0.500000
22 53 0.500000
22 54 0.500000
22 58 0.500000
22 59 0.500000
22 64 0.500000
22 66 0.500000
22 67 0.500000
22 68 0.500000
22 70 0.500000
22 71 0.500000
22 72 0.500000
22 73 0.500000
22 79 0.500000
22 80 0.500000
22 81 0.500000
22 83 0.500000
22 85 0.500000
22 86 0.500000
22 91 0.500000
22 96 0.500000
22 98 0.500000
22 101 0.500000
22 103 0.500000
22 105 0.500000
22 108 0.500000
22 114 0.500000
23 24 0.500000
23 25 0.500000
23 30 0.500000
23 31 0.500000
23 32 0.500000
23 34 0.500000
23 37 0.500000
23 38 0.500000
23 40 0.500000
23 43 0.500000
23 46 0.500000
23 50 0.500000
23 51 0.500000
23 52 0.500000
23 56 0.500000
23 57 0.500000
23 60 0.500000
23 61 0.500000
23 66 0.500000
23 68 0.500000
23 69 0.500000
23 70 0.500000
23 71 0.500000
23 74 0.500000
23 76 0.500000
23 77 0.500000
23 78 0.500000
23 79 0.500000
23 80 0.500000
23 82 0.500000
23 85 0.500000
23 86 0.500000
23 89 0.500000
23 92 0.500000
23 93 0.500000
23 99 0.500000
23 100 0.500000
23 102 0.500000
23 104 0.500000
23 105 0.500000
23 107 0.500000
23 110 0.500000
23 113 0.500000
23 115 0.500000
23 116 0.500000
23 119 0.500000
24 25 0.500000
24 26 0.500000
24 27 0.500000
24 28 0.500000
24 30 0.500000
24 31 0.500000
24 34 0.500000
24 36 0.500000
24 38 0.500000
24 39 0.500000
24 43 0.500000
24 44 0.500000
24 45 0.500000
24 46 0.500000
24 48 0.500000
24 51 0.500000
24 57 0.500000
24 58 0.500000
24 59 0.500000
24 60 0.500000
24 61 0.500000
24 62 0.500000
24 64 0.500000
24 65 0.500000
24 67 0.500000
24 72 0.500000
24 79 0.500000
24 80 0.500000
24 81 0.500000
24 82 0.500000
24 83 0.500000
24 84 0.500000
24 86 0.500000
24 87 0.500000
24 88 0.500000
24 89 0.500000
24 91 0.500000
24 94 0.500000
24 97 0.500000
24 98 0.500000
24 99 0.500000
24 102 0.500000
24 105 0.500000
24 108 0.500000
24 116 0.500000
24 117 0.500000
24 120 0.500000
25 30 0.500000
25 32 0.500000
25 33 0.500000
25 37 0.500000
25 40 0.500000
25 41 0.500000
25 42 0.500000
25 45 0.500000
25 46 0.500000
25 47 0.500000
25 48 0.500000
25 50 0.500000
25 51 0.500000
25 54 0.500000
25 55 0.500000
25 56 0.500000
25 57 0.500000
25 59 0.500000
25 60 0.500000
25 61 0.500000
25 62 0.500000
25 63 0.500000
25 64 0.500000
25 66 0.500000
25 67 0.500000
25 69 0.500000
25 70 0.500000
25 71 0.500000
25 74 0.500000
25 78 0.500000
25 79 0.500000
25 81 0.500000
25 85 0.500000
25 86 0.500000
25 87 0.500000
25 90 0.500000
25 91 0.500000
25 94 0.500000
25 95 0.500000
25 97 0.500000
25 98 0.500000
25 99 0.500000
25 103 0.500000
25 106 0.500000
25 107 0.500000
25 109 0.500000
25 113 0.500000
25 114 0.500000
25 115 0.500000
25 118 0.500000
26 27 0.500000
26 28 0.500000
26 29 0.500000
26 32 0.500000
26 33 0.500000
26 34 0.500000
26 35 0.500000
26 37 0.500000
26 39 0.500000
26 41 0.500000
26 43 0.500000
26 44 0.500000
26 46 0.500000
26 48 0.500000
26 50 0.500000
26 51 0.500000
26 53 0.500000
26 54 0.500000
26 56 0.500000
26 59 0.500000
26 60 0.500000
26 62 0.500000
26 63 0.500000
26 67 0.500000
26 69 0.500000
26 71 0.500000
26 72 0.500000
26 73 0.500000
26 75 0.500000
26 80 0.500000
26 81 0.500000
26 82 0.500000
26 83 0.500000
26 86 0.500000
26 89 0.500000
26 90 0.500000
26 91 0.500000
26 93 0.500000
26 94 0.500000
26 95 0.500000
26 96 0.500000
26 97 0.500000
26 99 0.500000
26 103 0.500000
26 105 0.500000
26 106 0.500000
26 108 0.500000
26 110 0.500000
26 111 0.500000
26 112 0.500000
26 113 0.500000
26 115 0.500000
26 116 0.500000
27 29 0.500000
27 30 0.500000
27 31 0.500000
27 34 0.500000
27 35 0.500000
27 39 0.500000
27 40 0.500000
27 42 0.500000
27 47 0.500000
27 50 0.500000
27 52 0.500000
27 54 0.500000
27 57 0.500000
27 58 0.500000
27 59 0.500000
27 61 0.500000
27 62 0.500000
27 64 0.500000
27 66 0.500000
27 70 0.500000
27 72 0.500000
27 73 0.500000
27 78 0.500000
27 80 0.500000
27 82 0.500000
27 83 0.500000
27 88 0.500000
27 91 0.500000
27 92 0.500000
27 93 0.500000
27 95 0.500000
27 96 0.500000
27 100 0.500000
27 102 0.500000
27 103 0.500000
27 104 0.500000
27 106 0.500000
27 110 0.500000
27 111 0.500000
27 112 0.500000
27 116 0.500000
27 119 0.500000
28 29 0.500000
28 30 0.500000
28 34 0.500000
28 36 0.500000
28 37 0.500000
28 38 0.500000
28 39 0.500000
28 40 0.500000
28 44 0.500000
28 47 0.500000
28 48 0.500000
28 49 0.500000
28 56 0.500000
28 57 0.500000
28 58 0.500000
28 61 0.500000
28 62 0.500000
28 63 0.500000
28 64 0.500000
28 65 0.500000
28 68 0.500000
28 69 0.500000
28 73 0.500000
28 74 0.500000
28 79 0.500000
28 81 0.500000
28 82 0.500000
28 83 0.500000
28 84 0.500000
28 85 0.500000
28 88 0.500000
28 89 0.500000
28 90 0.500000
28 92 0.500000
28 94 0.500000
28 95 0.500000
28 96 0.500000
28 97 0.500000
28 99 0.500000
28 100 0.500000
28 103 0.500000
28 106 0.500000
28 110 0.500000
28 116 0.500000
28 119 0.500000
28 120 0.500000
29 31 0.500000
29 36 0.500000
29 37 0.500000
29 41 0.500000
29 43 0.500000
29 45 0.500000
29 46 0.500000
29 50 0.500000
29 51 0.500000
29 54 0.500000
29 55 0.500000
29 57 0.500000
29 58 0.500000
29 60 0.500000
29 62 0.500000
29 65 0.500000
29 67 0.500000
29 69 0.500000
29 71 0.500000
29 72 0.500000
29 73 0.500000
29 77 0.500000
29 78 0.500000
29 79 0.500000
29 80 0.500000
29 81 0.500000
29 84 0.500000
29 86 0.500000
29 88 0.500000
29 91 0.500000
29 92 0.500000
29 96 0.500000
29 97 0.500000
29 98 0.500000
29 100 0.500000
29 101 0.500000
29 104 0.500000
29 105 0.500000
29 108 0.500000
29 109 0.500000
29 110 0.500000
29 114 0.500000
29 116 0.500000
29 117 0.500000
29 118 0.500000
30 31 0.500000
30 32 0.500000
30 34 0.500000
30 35 0.500000
30 36 0.500000
30 41 0.500000
30 42 0.500000
30 44 0.500000
30 45 0.500000
30 48 0.500000
30 50 0.500000
30 51 0.500000
30 52 0.500000
30 53 0.500000
30 54 0.500000
30 59 0.500000
30 61 0.500000
30 64 0.500000
30 65 0.500000
30 67 0.500000
30 68 0.500000
30 69 0.500000
30 70 0.500000
30 71 0.500000
30 74 0.500000
30 75 0.500000
30 77 0.500000
30 78 0.500000
30 79 0.500000
30 84 0.500000
30 85 0.500000
30 86 0.500000
30 87 0.500000
30 90 0.500000
30 93 0.500000
30 94 0.500000
30 96 0.500000
30 98 0.500000
30 99 0.500000
30 101 0.500000
30 102 0.500000
30 103 0.500000
30 106 0.500000
30 107 0.500000
30 108 0.500000
30 109 0.500000
30 110 0.500000
30 111 0.500000
30 112 0.500000
30 113 0.500000
30 114 0.500000
30 115 0.500000
30 117 0.500000
30 118 0.500000
30 120 0.500000
31 34 0.500000
31 35 0.500000
31 38 0.500000
31 39 0.500000
31 40 0.500000
31 43 0.500000
31 45 0.500000
31 47 0.500000
31 48 0.500000
31 50 0.500000
31 52 0.500000
31 57 0.500000
31 58 0.500000
31 59 0.500000
31 60 0.500000
31 61 0.500000
31 63 0.500000
31 71 0.500000
31 76 0.500000
31 77 0.500000
31 83 0.500000
31 89 0.500000
31 93 0.500000
31 97 0.500000
31 99 0.500000
31 100 0.500000
31 101 0.500000
31 102 0.500000
31 103 0.500000
31 105 0.500000
31 107 0.500000
31 108 0.500000
31 111 0.500000
31 114 0.500000
31 117 0.500000
31 119 0.500000
32 35 0.500000
32 39 0.500000
32 41 0.500000
32 42 0.500000
32 45 0.500000
32 46 0.500000
32 53 0.500000
32 54 0.500000
32 57 0.500000
32 58 0.500000
32 61 0.500000
32 62 0.500000
32 65 0.500000
32 66 0.500000
32 69 0.500000
32 70 0.500000
32 74 0.500000
32 75 0.500000
32 77 0.500000
32 78 0.500000
32 80 0.500000
32 82 0.500000
32 83 0.500000
32 84 0.500000
32 85 0.500000
32 87 0.500000
32 89 0.500000
32 90 0.500000
32 91 0.500000
32 95 0.500000
32 98 0.500000
32 99 0.500000
32 101 0.500000
32 105 0.500000
32 106 0.500000
32 108 0.500000
32 109 0.500000
32 110 0.500000
32 111 0.500000
32 112 0.500000
32 117 0.500000
32 120 0.500000
33 34 0.500000
33 36 0.500000
33 38 0.500000
33 39 0.500000
33 45 0.500000
33 46 0.500000
33 49 0.500000
33 51 0.500000
33 52 0.500000
33 53 0.500000
33 57 0.500000
33 59 0.500000
33 62 0.500000
33 63 0.500000
33 64 0.500000
33 65 0.500000
33 66 0.500000
33 69 0.500000
33 70 0.500000
33 71 0.500000
33 72 0.500000
33 73 0.500000
33 74 0.500000
33 76 0.500000
33 77 0.500000
33 78 0.500000
33 81 0.500000
33 82 0.500000
33 83 0.500000
33 84 0.500000
33 85 0.500000
33 86 0.500000
33 88 0.500000
33 89 0.500000
33 91 0.500000
33 92 0.500000
33 93 0.500000
33 96 0.500000
33 101 0.500000
33 104 0.500000
33 106 0.500000
33 108 0.500000
33 110 0.500000
33 111 0.500000
33 113 0.500000
33 114 0.500000
33 115 0.500000
33 116 0.500000
33 117 0.500000
33 118 0.500000
33 120 0.500000
34 35 0.500000
34 36 0.500000
34 37 0.500000
34 38 0.500000
34 39 0.500000
34 40 0.500000
34 41 0.500000
34 43 0.500000
34 44 0.500000
34 46 0.500000
34 48 0.500000
34 51 0.500000
34 54 0.500000
34 56 0.500000
34 59 0.500000
34 61 0.500000
34 63 0.500000
34 64 0.500000
34 69 0.500000
34 70 0.500000
34 71 0.500000
34 75 0.500000
34 76 0.500000
34 78 0.500000
34 80 0.500000
34 82 0.500000
34 84 0.500000
34 90 0.500000
34 94 0.500000
34 98 0.500000
34 100 0.500000
34 103 0.500000
34 104 0.500000
34 110 0.500000
34 111 0.500000
34 112 0.500000
34 113 0.500000
34 117 0.500000
34 119 0.500000
34 120 0.500000
35 36 0.500000
35 37 0.500000
35 38 0.500000
35 39 0.500000
35 40 0.500000
35 42 0.500000
35 44 0.500000
35 45 0.500000
35 47 0.500000
35 48 0.500000
35 49 0.500000
35 50 0.500000
35 51 0.500000
35 54 0.500000
35 55 0.500000
35 58 0.500000
35 59 0.500000
35 60 0.500000
35 62 0.500000
35 63 0.500000
35 66 0.500000
35 69 0.500000
35 70 0.500000
35 72 0.500000
35 75 0.500000
35 76 0.500000
35 78 0.500000
35 80 0.500000
35 82 0.500000
35 84 0.500000
35 86 0.500000
35 88 0.500000
35 89 0.500000
35 92 0.500000
35 93 0.500000
35 94 0.500000
35 96 0.500000
35 97 0.500000
35 101 0.500000
35 106 0.500000
35 107 0.500000
35 111 0.500000
35 112 0.500000
35 115 0.500000
35 117 0.500000
35 118 0.500000
35 119 0.500000
35 120 0.500000
36 40 0.500000
36 42 0.500000
36 44 0.500000
36 47 0.500000
36 48 0.500000
36 49 0.500000
36 50 0.500000
36 51 0.500000
36 52 0.500000
36 53 0.500000
36 54 0.500000
36 56 0.500000
36 57 0.500000
36 58 0.500000
36 61 0.500000
36 62 0.500000
36 63 0.500000
36 64 0.500000
36 67 0.500000
36 69 0.500000
36 70 0.500000
36 72 0.500000
36 73 0.500000
36 74 0.500000
36 76 0.500000
36 79 0.500000
36 80 0.500000
36 82 0.500000
36 87 0.500000
36 88 0.500000
36 89 0.500000
36 91 0.500000
36 92 0.500000
36 94 0.500000
36 95 0.500000
36 97 0.500000
36 99 0.500000
36 100 0.500000
36 101 0.500000
36 103 0.500000
36 105 0.500000
36 106 0.500000
36 107 0.500000
36 109 0.500000
36 110 0.500000
36 111 0.500000
36 114 0.500000
36 116 0.500000
37 39 0.500000
37 40 0.500000
37 41 0.500000
37 42 0.500000
37 46 0.500000
37 48 0.500000
37 49 0.500000
37 50 0.500000
37 52 0.500000
37 54 0.500000
37 56 0.500000
37 59 0.500000
37 60 0.500000
37 61 0.500000
37 62 0.500000
37 63 0.500000
37 66 0.500000
37 70 0.500000
37 72 0.500000
37 73 0.500000
37 74 0.500000
37 76 0.500000
37 77 0.500000
37 78 0.500000
37 82 0.500000
37 83 0.500000
37 84 0.500000
37 85 0.500000
37 88 0.500000
37 89 0.500000
37 92 0.500000
37 94 0.500000
37 96 0.500000
37 98 0.500000
37 99 0.500000
37 100 0.500000
37 102 0.500000
37 103 0.500000
37 104 0.500000
37 105 0.500000
37 107 0.500000
37 109 0.500000
37 111 0.500000
37 112 0.500000
37 116 0.500000
37 119 0.500000
37 120 0.500000
38 39 0.500000
38 40 0.500000
38 41 0.500000
38 42 0.500000
38 43 0.500000
38 45 0.500000
38 46 0.500000
38 51 0.500000
38 52 0.500000
38 57 0.500000
38 63 0.500000
38 65 0.500000
38 67 0.500000
38 68 0.500000
38 69 0.500000
38 72 0.500000
38 76 0.500000
38 77 0.500000
38 78 0.500000
38 79 0.500000
38 80 0.500000
38 81 0.500000
38 83 0.500000
38 85 0.500000
38 86 0.500000
38 87 0.500000
38 90 0.500000
38 91 0.500000
38 95 0.500000
38 97 0.500000
38 99 0.500000
38 100 0.500000
38 101 0.500000
38 103 0.500000
38 105 0.500000
38 106 0.500000
38 107 0.500000
38 110 0.500000
38 112 0.500000
38 114 0.500000
38 115 0.500000
38 117 0.500000
38 119 0.500000
39 42 0.500000
39 44 0.500000
39 45 0.500000
39 46 0.500000
39 47 0.500000
39 53 0.500000
39 56 0.500000
39 57 0.500000
39 60 0.500000
39 61 0.500000
39 62 0.500000
39 63 0.500000
39 64 0.500000
39 65 0.500000
39 67 0.500000
39 68 0.500000
39 70 0.500000
39 71 0.500000
39 73 0.500000
39 75 0.500000
39 77 0.500000
39 78 0.500000
39 79 0.500000
39 81 0.500000
39 82 0.500000
39 83 0.500000
39 84 0.500000
39 86 0.500000
39 90 0.500000
39 91 0.500000
39 92 0.500000
39 93 0.500000
39 95 0.500000
39 98 0.500000
39 99 0.500000
39 102 0.500000
39 107 0.500000
39 109 0.500000
39 110 0.500000
39 112 0.500000
39 113 0.500000
39 114 0.500000
39 115 0.500000
39 116 0.500000
39 117 0.500000
40 41 0.500000
40 42 0.500000
40 45 0.500000
40 46 0.500000
40 48 0.500000
40 49 0.500000
40 52 0.500000
40 57 0.500000
40 59 0.500000
40 61 0.500000
40 64 0.500000
40 66 0.500000
40 67 0.500000
40 68 0.500000
40 70 0.500000
40 74 0.500000
40 75 0.500000
40 76 0.500000
40 78 0.500000
40 80 0.500000
40 81 0.500000
40 86 0.500000
40 87 0.500000
40 88 0.500000
40 89 0.500000
40 91 0.500000
40 92 0.500000
40 94 0.500000
40 97 0.500000
40 98 0.500000
40 99 0.500000
40 103 0.500000
40 104 0.500000
40 105 0.500000
40 107 0.500000
40 108 0.500000
40 110 0.500000
40 112 0.500000
40 115 0.500000
40 116 0.500000
40 117 0.500000
40 118 0.500000
40 119 0.500000
40 120 0.500000
41 44 0.500000
41 47 0.500000
41 48 0.500000
41 55 0.500000
41 57 0.500000
41 58 0.500000
41 60 0.500000
41 64 0.500000
41 65 0.500000
41 66 0.500000
41 67 0.500000
41 69 0.500000
41 71 0.500000
41 73 0.500000
41 74 0.500000
41 76 0.500000
41 77 0.500000
41 78 0.500000
41 80 0.500000
41 81 0.500000
41 83 0.500000
41 84 0.500000
41 85 0.500000
41 86 0.500000
41 88 0.500000
41 90 0.500000
41 91 0.500000
41 92 0.500000
41 98 0.500000
41 100 0.500000
41 103 0.500000
41 105 0.500000
41 107 0.500000
41 109 0.500000
41 118 0.500000
41 119 0.500000
41 120 0.500000
42 43 0.500000
42 49 0.500000
42 52 0.500000
42 58 0.500000
42 59 0.500000
42 60 0.500000
42 61 0.500000
42 62 0.500000
42 63 0.500000
42 64 0.500000
42 65 0.500000
42 66 0.500000
42 67 0.500000
42 68 0.500000
42 70 0.500000
42 71 0.500000
42 72 0.500000
42 74 0.500000
42 75 0.500000
42 78 0.500000
42 83 0.500000
42 84 0.500000
42 86 0.500000
42 92 0.500000
42 96 0.500000
42 98 0.500000
42 100 0.500000
42 101 0.500000
42 102 0.500000
42 104 0.500000
42 106 0.500000
42 107 0.500000
42 109 0.500000
42 110 0.500000
42 111 0.500000
42 112 0.500000
42 116 0.500000
42 117 0.500000
42 118 0.500000
42 119 0.500000
43 45 0.500000
43 46 0.500000
43 50 0.500000
43 52 0.500000
43 53 0.500000
43 55 0.500000
43 60 0.500000
43 62 0.500000
43 63 0.500000
43 65 0.500000
43 66 0.500000
43 67 0.500000
43 73 0.500000
43 74 0.500000
43 75 0.500000
43 80 0.500000
43 82 0.500000
43 83 0.500000
43 85 0.500000
43 87 0.500000
43 88 0.500000
43 91 0.500000
43 95 0.500000
43 102 0.500000
43 104 0.500000
43 106 0.500000
43 107 0.500000
43 110 0.500000
43 111 0.500000
43 114 0.500000
43 116 0.500000
43 117 0.500000
43 118 0.500000
44 46 0.500000
44 48 0.500000
44 49 0.500000
44 50 0.500000
44 51 0.500000
44 52 0.500000
44 53 0.500000
44 54 0.500000
44 56 0.500000
44 57 0.500000
44 59 0.500000
44 60 0.500000
44 61 0.500000
44 63 0.500000
44 65 0.500000
44 70 0.500000
44 73 0.500000
44 76 0.500000
44 77 0.500000
44 78 0.500000
44 81 0.500000
44 83 0.500000
44 86 0.500000
44 87 0.500000
44 89 0.500000
44 91 0.500000
44 93 0.500000
44 94 0.500000
44 99 0.500000
44 102 0.500000
44 103 0.500000
44 105 0.500000
44 107 0.500000
44 109 0.500000
44 111 0.500000
44 112 0.500000
44 116 0.500000
44 120 0.500000
45 46 0.500000
45 49 0.500000
45 50 0.500000
45 52 0.500000
45 53 0.500000
45 54 0.500000
45 61 0.500000
45 62 0.500000
45 68 0.500000
45 74 0.500000
45 77 0.500000
45 81 0.500000
45 83 0.500000
45 84 0.500000
45 86 0.500000
45 87 0.500000
45 89 0.500000
45 90 0.500000
45 92 0.500000
45 93 0.500000
45 95 0.500000
45 96 0.500000
45 97 0.500000
45 99 0.500000
45 100 0.500000
45 103 0.500000
45 105 0.500000
45 106 0.500000
45 107 0.500000
45 108 0.500000
45 110 0.500000
45 111 0.500000
45 112 0.500000
45 113 0.500000
45 114 0.500000
45 115 0.500000
45 116 0.500000
45 117 0.500000
45 118 0.500000
45 120 0.500000
46 47 0.500000
46 48 0.500000
46 52 0.500000
46 54 0.500000
46 55 0.500000
46 57 0.500000
46 58 0.500000
46 59 0.500000
46 62 0.500000
46 65 0.500000
46 66 0.500000
46 67 0.500000
46 68 0.500000
46 73 0.500000
46 75 0.500000
46 76 0.500000
46 80 0.500000
46 85 0.500000
46 86 0.500000
46 88 0.500000
46 92 0.500000
46 94 0.500000
46 97 0.500000
46 100 0.500000
46 102 0.500000
46 103 0.500000
46 104 0.500000
46 106 0.500000
46 109 0.500000
46 111 0.500000
46 112 0.500000
46 114 0.500000
46 115 0.500000
46 116 0.500000
46 117 0.500000
46 118 0.500000
47 49 0.500000
47 51 0.500000
47 52 0.500000
47 54 0.500000
47 55 0.500000
47 56 0.500000
47 62 0.500000
47 65 0.500000
47 66 0.500000
47 69 0.500000
47 73 0.500000
47 77 0.500000
47 84 0.500000
47 85 0.500000
47 88 0.500000
47 91 0.500000
47 92 0.500000
47 93 0.500000
47 98 0.500000
47 100 0.500000
47 104 0.500000
47 105 0.500000
47 108 0.500000
47 110 0.500000
47 112 0.500000
47 113 0.500000
47 114 0.500000
47 115 0.500000
47 116 0.500000
47 119 0.500000
47 120 0.500000
48 49 0.500000
48 51 0.500000
48 52 0.500000
48 55 0.500000
48 60 0.500000
48 62 0.500000
48 65 0.500000
48 66 0.500000
48 67 0.500000
48 73 0.500000
48 75 0.500000
48 76 0.500000
48 77 0.500000
48 78 0.500000
48 81 0.500000
48 89 0.500000
48 93 0.500000
48 95 0.500000
48 99 0.500000
48 100 0.500000
48 102 0.500000
48 107 0.500000
48 109 0.500000
48 111 0.500000
48 114 0.500000
48 119 0.500000
48 120 0.500000
49 51 0.500000
49 58 0.500000
49 59 0.500000
49 60 0.500000
49 61 0.500000
49 62 0.500000
49 65 0.500000
49 66 0.500000
49 67 0.500000
49 69 0.500000
49 72 0.500000
49 74 0.500000
49 76 0.500000
49 77 0.500000
49 82 0.500000
49 90 0.500000
49 91 0.500000
49 92 0.500000
49 93 0.500000
49 95 0.500000
49 96 0.500000
49 97 0.500000
49 98 0.500000
49 99 0.500000
49 104 0.500000
49 105 0.500000
49 109 0.500000
49 110 0.500000
49 111 0.500000
49 112 0.500000
49 113 0.500000
49 114 0.500000
49 115 0.500000
49 117 0.500000
49 119 0.500000
49 120 0.500000
50 52 0.500000
50 54 0.500000
50 55 0.500000
50 56 0.500000
50 57 0.500000
50 59 0.500000
50 60 0.500000
50 62 0.500000
50 65 0.500000
50 69 0.500000
50 71 0.500000
50 72 0.500000
50 75 0.500000
50 76 0.500000
50 77 0.500000
50 81 0.500000
50 82 0.500000
50 86 0.500000
50 88 0.500000
50 91 0.500000
50 93 0.500000
50 94 0.500000
50 95 0.500000
50 97 0.500000
50 99 0.500000
50 102 0.500000
50 105 0.500000
50 106 0.500000
50 108 0.500000
50 112 0.500000
50 115 0.500000
50 116 0.500000
50 117 0.500000
50 118 0.500000
50 119 0.500000
51 54 0.500000
51 55 0.500000
51 56 0.500000
51 57 0.500000
51 60 0.500000
51 62 0.500000
51 63 0.500000
51 73 0.500000
51 82 0.500000
51 83 0.500000
51 84 0.500000
51 85 0.500000
51 87 0.500000
51 88 0.500000
51 89 0.500000
51 93 0.500000
51 96 0.500000
51 100 0.500000
51 101 0.500000
51 103 0.500000
51 104 0.500000
51 107 0.500000
51 108 0.500000
51 109 0.500000
51 110 0.500000
51 111 0.500000
51 112 0.500000
51 113 0.500000
51 115 0.500000
51 116 0.500000
51 118 0.500000
51 119 0.500000
51 120 0.500000
52 54 0.500000
52 55 0.500000
52 56 0.500000
52 58 0.500000
52 60 0.500000
52 62 0.500000
52 64 0.500000
52 65 0.500000
52 67 0.500000
52 70 0.500000
52 71 0.500000
52 73 0.500000
52 76 0.500000
52 77 0.500000
52 80 0.500000
52 81 0.500000
52 84 0.500000
52 85 0.500000
52 88 0.500000
52 89 0.500000
52 93 0.500000
52 95 0.500000
52 97 0.500000
52 104 0.500000
52 105 0.500000
52 106 0.500000
52 107 0.500000
52 108 0.500000
52 109 0.500000
52 111 0.500000
52 112 0.500000
52 116 0.500000
52 118 0.500000
52 120 0.500000
53 55 0.500000
53 57 0.500000
53 59 0.500000
53 61 0.500000
53 62 0.500000
53 65 0.500000
53 66 0.500000
53 67 0.500000
53 68 0.500000
53 69 0.500000
53 70 0.500000
53 75 0.500000
53 76 0.500000
53 79 0.500000
53 80 0.500000
53 81 0.500000
53 82 0.500000
53 84 0.500000
53 85 0.500000
53 86 0.500000
53 92 0.500000
53 94 0.500000
53 98 0.500000
53 100 0.500000
53 102 0.500000
53 107 0.500000
53 110 0.500000
53 111 0.500000
53 113 0.500000
53 114 0.500000
53 115 0.500000
53 116 0.500000
54 55 0.500000
54 56 0.500000
54 59 0.500000
54 60 0.500000
54 61 0.500000
54 62 0.500000
54 64 0.500000
54 67 0.500000
54 68 0.500000
54 71 0.500000
54 72 0.500000
54 73 0.500000
54 74 0.500000
54 77 0.500000
54 79 0.500000
54 81 0.500000
54 82 0.500000
54 84 0.500000
54 87 0.500000
54 88 0.500000
54 89 0.500000
54 90 0.500000
54 92 0.500000
54 93 0.500000
54 94 0.500000
54 96 0.500000
54 99 0.500000
54 101 0.500000
54 102 0.500000
54 103 0.500000
54 105 0.500000
54 108 0.500000
54 109 0.500000
54 118 0.500000
54 120 0.500000
55 56 0.500000
55 57 0.500000
55 58 0.500000
55 61 0.500000
55 63 0.500000
55 72 0.500000
55 73 0.500000
55 74 0.500000
55 75 0.500000
55 77 0.500000
55 78 0.500000
55 82 0.500000
55 86 0.500000
55 88 0.500000
55 91 0.500000
55 93 0.500000
55 94 0.500000
55 97 0.500000
55 99 0.500000
55 101 0.500000
55 102 0.500000
55 103 0.500000
55 106 0.500000
55 107 0.500000
55 110 0.500000
55 111 0.500000
55 112 0.500000
55 115 0.500000
55 116 0.500000
55 117 0.500000
56 57 0.500000
56 58 0.500000
56 60 0.500000
56 62 0.500000
56 63 0.500000
56 64 0.500000
56 65 0.500000
56 67 0.500000
56 68 0.500000
56 70 0.500000
56 76 0.500000
56 77 0.500000
56 80 0.500000
56 81 0.500000
56 83 0.500000
56 85 0.500000
56 86 0.500000
56 88 0.500000
56 90 0.500000
56 91 0.500000
56 93 0.500000
56 98 0.500000
56 99 0.500000
56 100 0.500000
56 102 0.500000
56 107 0.500000
56 108 0.500000
56 111 0.500000
56 112 0.500000
56 113 0.500000
56 116 0.500000
56 117 0.500000
56 120 0.500000
57 58 0.500000
57 59 0.500000
57 61 0.500000
57 62 0.500000
57 63 0.500000
57 64 0.500000
57 67 0.500000
57 69 0.500000
57 71 0.500000
57 72 0.500000
57 75 0.500000
57 76 0.500000
57 77 0.500000
57 80 0.500000
57 81 0.500000
57 82 0.500000
57 84 0.500000
57 85 0.500000
57 86 0.500000
57 92 0.500000
57 93 0.500000
57 95 0.500000
57 96 0.500000
57 98 0.500000
57 101 0.500000
57 102 0.500000
57 105 0.500000
57 106 0.500000
57 107 0.500000
57 108 0.500000
57 109 0.500000
57 110 0.500000
57 113 0.500000
57 114 0.500000
57 118 0.500000
57 119 0.500000
58 59 0.500000
58 62 0.500000
58 64 0.500000
58 65 0.500000
58 66 0.500000
58 67 0.500000
58 69 0.500000
58 70 0.500000
58 74 0.500000
58 75 0.500000
58 76 0.500000
58 77 0.500000
58 78 0.500000
58 81 0.500000
58 82 0.500000
58 83 0.500000
58 86 0.500000
58 87 0.500000
58 88 0.500000
58 89 0.500000
58 91 0.500000
58 94 0.500000
58 97 0.500000
58 101 0.500000
58 102 0.500000
58 104 0.500000
58 105 0.500000
58 106 0.500000
58 107 0.500000
58 108 0.500000
58 109 0.500000
58 111 0.500000
58 112 0.500000
58 113 0.500000
58 114 0.500000
58 115 0.500000
58 116 0.500000
58 117 0.500000
58 120 0.500000
59 60 0.500000
59 61 0.500000
59 62 0.500000
59 63 0.500000
59 65 0.500000
59 66 0.500000
59 68 0.500000
59 69 0.500000
59 70 0.500000
59 72 0.500000
59 73 0.500000
59 75 0.500000
59 76 0.500000
59 77 0.500000
59 78 0.500000
59 80 0.500000
59 81 0.500000
59 82 0.500000
59 84 0.500000
59 85 0.500000
59 87 0.500000
59 90 0.500000
59 92 0.500000
59 94 0.500000
59 102 0.500000
59 103 0.500000
59 106 0.500000
59 110 0.500000
59 111 0.500000
59 112 0.500000
59 113 0.500000
59 116 0.500000
59 117 0.500000
59 118 0.500000
60 62 0.500000
60 63 0.500000
60 65 0.500000
60 66 0.500000
60 68 0.500000
60 69 0.500000
60 70 0.500000
60 71 0.500000
60 72 0.500000
60 74 0.500000
60 75 0.500000
60 84 0.500000
60 86 0.500000
60 87 0.500000
60 88 0.500000
60 90 0.500000
60 92 0.500000
60 96 0.500000
60 99 0.500000
60 101 0.500000
60 102 0.500000
60 103 0.500000
60 104 0.500000
60 105 0.500000
60 107 0.500000
60 110 0.500000
60 117 0.500000
60 119 0.500000
60 120 0.500000
61 66 0.500000
61 67 0.500000
61 68 0.500000
61 70 0.500000
61 72 0.500000
61 73 0.500000
61 76 0.500000
61 79 0.500000
61 80 0.500000
61 84 0.500000
61 85 0.500000
61 86 0.500000
61 87 0.500000
61 88 0.500000
61 90 0.500000
61 91 0.500000
61 93 0.500000
61 94 0.500000
61 95 0.500000
61 98 0.500000
61 99 0.500000
61 104 0.500000
61 105 0.500000
61 111 0.500000
61 112 0.500000
61 113 0.500000
61 115 0.500000
61 116 0.500000
61 117 0.500000
61 119 0.500000
62 64 0.500000
62 66 0.500000
62 69 0.500000
62 70 0.500000
62 71 0.500000
62 72 0.500000
62 73 0.500000
62 74 0.500000
62 75 0.500000
62 76 0.500000
62 77 0.500000
62 80 0.500000
62 81 0.500000
62 82 0.500000
62 84 0.500000
62 85 0.500000
62 86 0.500000
62 88 0.500000
62 97 0.500000
62 98 0.500000
62 99 0.500000
62 102 0.500000
62 103 0.500000
62 106 0.500000
62 109 0.500000
62 111 0.500000
62 113 0.500000
62 114 0.500000
62 115 0.500000
62 116 0.500000
63 64 0.500000
63 68 0.500000
63 70 0.500000
63 71 0.500000
63 73 0.500000
63 74 0.500000
63 76 0.500000
63 77 0.500000
63 83 0.500000
63 91 0.500000
63 92 0.500000
63 94 0.500000
63 98 0.500000
63 99 0.500000
63 102 0.500000
63 105 0.500000
63 106 0.500000
63 109 0.500000
63 112 0.500000
63 113 0.500000
63 119 0.500000
63 120 0.500000
64 66 0.500000
64 67 0.500000
64 69 0.500000
64 71 0.500000
64 72 0.500000
64 73 0.500000
64 74 0.500000
64 76 0.500000
64 80 0.500000
64 83 0.500000
64 85 0.500000
64 86 0.500000
64 89 0.500000
64 91 0.500000
64 95 0.500000
64 98 0.500000
64 101 0.500000
64 105 0.500000
64 106 0.500000
64 108 0.500000
64 112 0.500000
64 113 0.500000
64 114 0.500000
64 115 0.500000
64 116 0.500000
64 119 0.500000
65 69 0.500000
65 72 0.500000
65 78 0.500000
65 79 0.500000
65 80 0.500000
65 81 0.500000
65 82 0.500000
65 85 0.500000
65 88 0.500000
65 93 0.500000
65 94 0.500000
65 100 0.500000
65 102 0.500000
65 105 0.500000
65 106 0.500000
65 108 0.500000
65 109 0.500000
65 112 0.500000
65 113 0.500000
65 116 0.500000
65 117 0.500000
65 120 0.500000
66 67 0.500000
66 68 0.500000
66 69 0.500000
66 70 0.500000
66 72 0.500000
66 73 0.500000
66 74 0.500000
66 75 0.500000
66 76 0.500000
66 78 0.500000
66 83 0.500000
66 84 0.500000
66 85 0.500000
66 87 0.500000
66 88 0.500000
66 89 0.500000
66 90 0.500000
66 93 0.500000
66 94 0.500000
66 95 0.500000
66 97 0.500000
66 98 0.500000
66 101 0.500000
66 102 0.500000
66 105 0.500000
66 109 0.500000
66 112 0.500000
66 115 0.500000
66 118 0.500000
66 120 0.500000
67 68 0.500000
67 70 0.500000
67 72 0.500000
67 74 0.500000
67 78 0.500000
67 87 0.500000
67 88 0.500000
67 89 0.500000
67 90 0.500000
67 91 0.500000
67 93 0.500000
67 98 0.500000
67 104 0.500000
67 105 0.500000
67 106 0.500000
67 109 0.500000
67 111 0.500000
67 113 0.500000
67 114 0.500000
67 119 0.500000
68 69 0.500000
68 70 0.500000
68 75 0.500000
68 80 0.500000
68 84 0.500000
68 86 0.500000
68 87 0.500000
68 88 0.500000
68 90 0.500000
68 92 0.500000
68 93 0.500000
68 94 0.500000
68 95 0.500000
68 96 0.500000
68 99 0.500000
68 101 0.500000
68 102 0.500000
68 103 0.500000
68 107 0.500000
68 110 0.500000
68 115 0.500000
68 117 0.500000
69 70 0.500000
69 71 0.500000
69 72 0.500000
69 75 0.500000
69 78 0.500000
69 81 0.500000
69 82 0.500000
69 84 0.500000
69 87 0.500000
69 90 0.500000
69 91 0.500000
69 92 0.500000
69 95 0.500000
69 99 0.500000
69 100 0.500000
69 104 0.500000
69 106 0.500000
69 107 0.500000
69 111 0.500000
69 112 0.500000
69 114 0.500000
69 117 0.500000
69 118 0.500000
70 72 0.500000
70 73 0.500000
70 76 0.500000
70 78 0.500000
70 80 0.500000
70 81 0.500000
70 82 0.500000
70 83 0.500000
70 88 0.500000
70 92 0.500000
70 94 0.500000
70 95 0.500000
70 100 0.500000
70 105 0.500000
70 108 0.500000
70 109 0.500000
70 110 0.500000
70 113 0.500000
70 114 0.500000
70 116 0.500000
70 119 0.500000
71 72 0.500000
71 73 0.500000
71 74 0.500000
71 75 0.500000
71 76 0.500000
71 78 0.500000
71 79 0.500000
71 83 0.500000
71 84 0.500000
71 86 0.500000
71 87 0.500000
71 88 0.500000
71 90 0.500000
71 91 0.500000
71 92 0.500000
71 94 0.500000
71 97 0.500000
71 98 0.500000
71 99 0.500000
71 104 0.500000
71 106 0.500000
71 110 0.500000
71 112 0.500000
71 113 0.500000
71 115 0.500000
71 118 0.500000
71 119 0.500000
72 73 0.500000
72 74 0.500000
72 75 0.500000
72 76 0.500000
72 79 0.500000
72 83 0.500000
72 84 0.500000
72 85 0.500000
72 86 0.500000
72 87 0.500000
72 90 0.500000
72 98 0.500000
72 99 0.500000
72 100 0.500000
72 101 0.500000
72 104 0.500000
72 106 0.500000
72 107 0.500000
72 110 0.500000
72 112 0.500000
72 113 0.500000
72 115 0.500000
72 116 0.500000
72 117 0.500000
72 119 0.500000
73 74 0.500000
73 75 0.500000
73 76 0.500000
73 78 0.500000
73 80 0.500000
73 81 0.500000
73 82 0.500000
73 83 0.500000
73 85 0.500000
73 87 0.500000
73 88 0.500000
73 89 0.500000
73 90 0.500000
73 93 0.500000
73 95 0.500000
73 97 0.500000
73 98 0.500000
73 99 0.500000
73 102 0.500000
73 104 0.500000
73 108 0.500000
73 110 0.500000
73 111 0.500000
73 112 0.500000
73 113 0.500000
73 119 0.500000
74 77 0.500000
74 79 0.500000
74 80 0.500000
74 83 0.500000
74 84 0.500000
74 86 0.500000
74 87 0.500000
74 88 0.500000
74 89 0.500000
74 90 0.500000
74 91 0.500000
74 92 0.500000
74 93 0.500000
74 95 0.500000
74 96 0.500000
74 99 0.500000
74 101 0.500000
74 104 0.500000
74 113 0.500000
74 114 0.500000
74 115 0.500000
74 116 0.500000
74 117 0.500000
74 118 0.500000
74 119 0.500000
75 76 0.500000
75 79 0.500000
75 81 0.500000
75 82 0.500000
75 83 0.500000
75 85 0.500000
75 86 0.500000
75 87 0.500000
75 90 0.500000
75 91 0.500000
75 94 0.500000
75 97 0.500000
75 99 0.500000
75 100 0.500000
75 105 0.500000
75 112 0.500000
75 113 0.500000
75 116 0.500000
75 118 0.500000
75 119 0.500000
75 120 0.500000
76 78 0.500000
76 83 0.500000
76 84 0.500000
76 87 0.500000
76 100 0.500000
76 102 0.500000
76 103 0.500000
76 104 0.500000
76 106 0.500000
76 109 0.500000
76 110 0.500000
76 112 0.500000
76 114 0.500000
76 115 0.500000
76 116 0.500000
76 118 0.500000
76 119 0.500000
77 78 0.500000
77 80 0.500000
77 84 0.500000
77 85 0.500000
77 87 0.500000
77 90 0.500000
77 91 0.500000
77 94 0.500000
77 98 0.500000
77 99 0.500000
77 100 0.500000
77 101 0.500000
77 103 0.500000
77 104 0.500000
77 106 0.500000
77 108 0.500000
77 109 0.500000
77 110 0.500000
77 112 0.500000
77 115 0.500000
77 117 0.500000
77 119 0.500000
77 120 0.500000
78 79 0.500000
78 80 0.500000
78 86 0.500000
78 87 0.500000
78 89 0.500000
78 91 0.500000
78 92 0.500000
78 93 0.500000
78 94 0.500000
78 95 0.500000
78 96 0.500000
78 97 0.500000
78 98 0.500000
78 99 0.500000
78 102 0.500000
78 103 0.500000
78 104 0.500000
78 105 0.500000
78 107 0.500000
78 108 0.500000
78 110 0.500000
78 111 0.500000
78 112 0.500000
78 113 0.500000
78 114 0.500000
78 115 0.500000
78 117 0.500000
78 119 0.500000
79 80 0.500000
79 83 0.500000
79 86 0.500000
79 87 0.500000
79 88 0.500000
79 92 0.500000
79 95 0.500000
79 96 0.500000
79 97 0.500000
79 98 0.500000
79 102 0.500000
79 104 0.500000
79 107 0.500000
79 110 0.500000
79 114 0.500000
79 115 0.500000
79 117 0.500000
79 118 0.500000
79 119 0.500000
79 120 0.500000
80 87 0.500000
80 90 0.500000
80 91 0.500000
80 95 0.500000
80 96 0.500000
80 104 0.500000
80 105 0.500000
80 106 0.500000
80 107 0.500000
80 108 0.500000
80 109 0.500000
80 113 0.500000
80 114 0.500000
80 119 0.500000
80 120 0.500000
81 82 0.500000
81 83 0.500000
81 85 0.500000
81 87 0.500000
81 89 0.500000
81 91 0.500000
81 93 0.500000
81 94 0.500000
81 95 0.500000
81 99 0.500000
81 102 0.500000
81 105 0.500000
81 106 0.500000
81 107 0.500000
81 109 0.500000
81 112 0.500000
81 114 0.500000
81 115 0.500000
81 116 0.500000
81 117 0.500000
82 84 0.500000
82 85 0.500000
82 86 0.500000
82 87 0.500000
82 89 0.500000
82 90 0.500000
82 92 0.500000
82 94 0.500000
82 98 0.500000
82 100 0.500000
82 101 0.500000
82 103 0.500000
82 104 0.500000
82 105 0.500000
82 107 0.500000
82 108 0.500000
82 109 0.500000
82 110 0.500000
82 112 0.500000
82 114 0.500000
82 117 0.500000
82 118 0.500000
82 120 0.500000
83 84 0.500000
83 87 0.500000
83 91 0.500000
83 93 0.500000
83 94 0.500000
83 96 0.500000
83 98 0.500000
83 100 0.500000
83 104 0.500000
83 107 0.500000
83 108 0.500000
83 111 0.500000
83 112 0.500000
83 114 0.500000
83 115 0.500000
83 117 0.500000
83 119 0.500000
84 90 0.500000
84 91 0.500000
84 92 0.500000
84 94 0.500000
84 95 0.500000
84 98 0.500000
84 99 0.500000
84 101 0.500000
84 112 0.500000
84 113 0.500000
84 114 0.500000
84 119 0.500000
85 87 0.500000
85 90 0.500000
85 95 0.500000
85 97 0.500000
85 103 0.500000
85 104 0.500000
85 106 0.500000
85 108 0.500000
85 109 0.500000
85 110 0.500000
85 112 0.500000
85 114 0.500000
85 117 0.500000
86 87 0.500000
86 90 0.500000
86 94 0.500000
86 95 0.500000
86 96 0.500000
86 97 0.500000
86 98 0.500000
86 101 0.500000
86 102 0.500000
86 103 0.500000
86 108 0.500000
86 109 0.500000
86 115 0.500000
86 118 0.500000
87 88 0.500000
87 89 0.500000
87 90 0.500000
87 91 0.500000
87 92 0.500000
87 93 0.500000
87 94 0.500000
87 96 0.500000
87 97 0.500000
87 102 0.500000
87 104 0.500000
87 107 0.500000
87 109 0.500000
87 112 0.500000
87 115 0.500000
87 116 0.500000
87 118 0.500000
87 120 0.500000
88 89 0.500000
88 94 0.500000
88 97 0.500000
88 102 0.500000
88 103 0.500000
88 106 0.500000
88 107 0.500000
88 109 0.500000
88 111 0.500000
88 117 0.500000
88 118 0.500000
88 119 0.500000
89 96 0.500000
89 99 0.500000
89 100 0.500000
89 102 0.500000
89 108 0.500000
89 111 0.500000
89 112 0.500000
89 113 0.500000
89 114 0.500000
89 117 0.500000
89 118 0.500000
89 119 0.500000
90 92 0.500000
90 94 0.500000
90 95 0.500000
90 96 0.500000
90 98 0.500000
90 99 0.500000
90 100 0.500000
90 102 0.500000
90 104 0.500000
90 105 0.500000
90 107 0.500000
90 109 0.500000
90 111 0.500000
90 114 0.500000
90 115 0.500000
90 117 0.500000
90 118 0.500000
91 95 0.500000
91 96 0.500000
91 100 0.500000
91 103 0.500000
91 106 0.500000
91 107 0.500000
91 108 0.500000
91 113 0.500000
91 115 0.500000
91 117 0.500000
91 119 0.500000
92 94 0.500000
92 95 0.500000
92 96 0.500000
92 97 0.500000
92 98 0.500000
92 99 0.500000
92 103 0.500000
92 104 0.500000
92 107 0.500000
92 110 0.500000
92 111 0.500000
92 112 0.500000
92 114 0.500000
92 115 0.500000
92 116 0.500000
92 117 0.500000
92 120 0.500000
93 94 0.500000
93 95 0.500000
93 96 0.500000
93 97 0.500000
93 98 0.500000
93 99 0.500000
93 102 0.500000
93 103 0.500000
93 104 0.500000
93 105 0.500000
93 106 0.500000
93 109 0.500000
93 110 0.500000
93 111 0.500000
93 112 0.500000
93 113 0.500000
93 114 0.500000
93 117 0.500000
93 119 0.500000
94 95 0.500000
94 96 0.500000
94 97 0.500000
94 98 0.500000
94 99 0.500000
94 103 0.500000
94 105 0.500000
94 107 0.500000
94 113 0.500000
94 114 0.500000
94 116 0.500000
94 117 0.500000
94 118 0.500000
94 120 0.500000
95 96 0.500000
95 98 0.500000
95 100 0.500000
95 101 0.500000
95 104 0.500000
95 105 0.500000
95 106 0.500000
95 108 0.500000
95 110 0.500000
95 111 0.500000
95 113 0.500000
95 115 0.500000
95 116 0.500000
95 117 0.500000
95 118 0.500000
95 119 0.500000
95 120 0.500000
96 97 0.500000
96 99 0.500000
96 103 0.500000
96 104 0.500000
96 107 0.500000
96 113 0.500000
96 116 0.500000
96 117 0.500000
96 118 0.500000
96 119 0.500000
96 120 0.500000
97 98 0.500000
97 100 0.500000
97 101 0.500000
97 102 0.500000
97 104 0.500000
97 105 0.500000
97 106 0.500000
97 110 0.500000
97 112 0.500000
97 114 0.500000
97 115 0.500000
97 116 0.500000
97 117 0.500000
98 103 0.500000
98 105 0.500000
98 106 0.500000
98 109 0.500000
98 110 0.500000
98 112 0.500000
98 113 0.500000
98 116 0.500000
98 119 0.500000
98 120 0.500000
99 103 0.500000
99 104 0.500000
99 105 0.500000
99 108 0.500000
99 116 0.500000
99 117 0.500000
99 118 0.500000
99 119 0.500000
100 104 0.500000
100 105 0.500000
100 109 0.500000
100 110 0.500000
100 112 0.500000
100 113 0.500000
100 114 0.500000
100 115 0.500000
100 116 0.500000
100 118 0.500000
100 119 0.500000
100 120 0.500000
101 104 0.500000
101 108 0.500000
101 109 0.500000
101 112 0.500000
101 113 0.500000
101 118 0.500000
102 104 0.500000
102 105 0.500000
102 108 0.500000
102 111 0.500000
102 112 0.500000
102 113 0.500000
102 115 0.500000
102 116 0.500000
102 117 0.500000
102 118 0.500000
103 104 0.500000
103 105 0.500000
103 106 0.500000
103 107 0.500000
103 110 0.500000
103 111 0.500000
103 116 0.500000
103 117 0.500000
104 105 0.500000
104 107 0.500000
104 108 0.500000
104 109 0.500000
104 110 0.500000
104 111 0.500000
104 112 0.500000
104 115 0.500000
104 117 0.500000
105 107 0.500000
105 111 0.500000
105 112 0.500000
105 115 0.500000
106 107 0.500000
106 108 0.500000
106 109 0.500000
106 110 0.500000
106 112 0.500000
106 115 0.500000
106 116 0.500000
106 117 0.500000
106 118 0.500000
106 119 0.500000
107 109 0.500000
107 113 0.500000
107 114 0.500000
107 115 0.500000
107 118 0.500000
107 119 0.500000
108 110 0.500000
108 111 0.500000
108 112 0.500000
108 115 0.500000
108 117 0.500000
109 112 0.500000
109 116 0.500000
109 117 0.500000
109 119 0.500000
109 120 0.500000
110 112 0.500000
110 114 0.500000
110 115 0.500000
110 117 0.500000
110 118 0.500000
111 113 0.500000
111 114 0.500000
111 116 0.500000
111 118 0.500000
111 119 0.500000
112 114 0.500000
112 115 0.500000
112 116 0.500000
112 118 0.500000
112 119 0.500000
112 120 0.500000
113 114 0.500000
113 115 0.500000
113 117 0.500000
113 118 0.500000
113 120 0.500000
114 118 0.500000
114 120 0.500000
115 120 0.500000
116 117 0.500000
116 118 0.500000
116 119 0.500000
116 120 0.500000
117 118 0.500000
117 119 0.500000
117 120 0.500000
118 120 0.500000
119 120 0.500000
