120 90 1785
1 3 0.500000
1 4 0.500000
1 7 0.500000
1 11 0.500000
1 23 0.500000
1 26 0.500000
1 29 0.500000
1 30 0.500000
1 39 0.500000
1 50 0.500000
1 51 0.500000
1 57 0.500000
1 60 0.500000
1 61 0.500000
1 62 0.500000
1 64 0.500000
1 68 0.500000
1 69 0.500000
1 70 0.500000
1 79 0.500000
1 82 0.500000
1 89 0.500000
1 101 0.500000
1 103 0.500000
1 104 0.500000
1 106 0.500000
1 108 0.500000
1 110 0.500000
1 114 0.500000
1 117 0.500000
1 118 0.500000
2 10 0.500000
2 13 0.500000
2 15 0.500000
2 21 0.500000
2 24 0.500000
2 35 0.500000
2 36 0.500000
2 46 0.500000
2 48 0.500000
2 56 0.500000
2 59 0.500000
2 60 0.500000
2 64 0.500000
2 66 0.500000
2 68 0.500000
2 84 0.500000
2 88 0.500000
2 91 0.500000
2 103 0.500000
2 104 0.500000
2 106 0.500000
2 107 0.500000
2 108 0.500000
2 113 0.500000
2 115 0.500000
2 116 0.500000
2 117 0.500000
2 119 0.500000
3 7 0.500000
3 8 0.500000
3 9 0.500000
3 11 0.500000
3 23 0.500000
3 25 0.500000
3 33 0.500000
3 41 0.500000
3 42 0.500000
3 43 0.500000
3 46 0.500000
3 47 0.500000
3 48 0.500000
3 60 0.500000
3 63 0.500000
3 65 0.500000
3 69 0.500000
3 70 0.500000
3 72 0.500000
3 73 0.500000
3 75 0.500000
3 79 0.500000
3 82 0.500000
3 89 0.500000
3 92 0.500000
3 96 0.500000
3 98 0.500000
3 100 0.500000
3 101 0.500000
3 102 0.500000
3 110 0.500000
3 112 0.500000
4 8 0.500000
4 14 0.500000
4 17 0.500000
4 20 0.500000
4 24 0.500000
4 26 0.500000
4 30 0.500000
4 33 0.500000
4 39 0.500000
4 41 0.500000
4 44 0.500000
4 48 0.500000
4 50 0.500000
4 59 0.500000
4 61 0.500000
4 64 0.500000
4 71 0.500000
4 72 0.500000
4 76 0.500000
4 87 0.500000
4 90 0.500000
4 98 0.500000
4 104 0.500000
4 107 0.500000
4 117 0.500000
4 120 0.500000
5 8 0.500000
5 10 0.500000
5 14 0.500000
5 24 0.500000
5 26 0.500000
5 28 0.500000
5 38 0.500000
5 41 0.500000
5 42 0.500000
5 44 0.500000
5 45 0.500000
5 48 0.500000
5 49 0.500000
5 52 0.500000
5 54 0.500000
5 55 0.500000
5 56 0.500000
5 57 0.500000
5 59 0.500000
5 64 0.500000
5 72 0.500000
5 74 0.500000
5 80 0.500000
5 86 0.500000
5 94 0.500000
5 98 0.500000
5 100 0.500000
5 102 0.500000
5 110 0.500000
5 118 0.500000
6 10 0.500000
6 12 0.500000
6 15 0.500000
6 18 0.500000
6 21 0.500000
6 22 0.500000
6 25 0.500000
6 28 0.500000
6 31 0.500000
6 36 0.500000
6 46 0.500000
6 49 0.500000
6 54 0.500000
6 56 0.500000
6 57 0.500000
6 62 0.500000
6 71 0.500000
6 81 0.500000
6 86 0.500000
6 93 0.500000
6 94 0.500000
6 95 0.500000
6 101 0.500000
6 102 0.500000
6 103 0.500000
6 111 0.500000
6 117 0.500000
7 8 0.500000
7 9 0.500000
7 12 0.500000
7 14 0.500000
7 16 0.500000
7 19 0.500000
7 20 0.500000
7 27 0.500000
7 35 0.500000
7 37 0.500000
7 39 0.500000
7 50 0.500000
7 58 0.500000
7 62 0.500000
7 66 0.500000
7 67 0.500000
7 79 0.500000
7 84 0.500000
7 85 0.500000
7 87 0.500000
7 88 0.500000
7 92 0.500000
7 99 0.500000
7 100 0.500000
7 107 0.500000
7 108 0.500000
7 112 0.500000
7 114 0.500000
7 117 0.500000
8 9 0.500000
8 19 0.500000
8 22 0.500000
8 40 0.500000
8 48 0.500000
8 60 0.500000
8 61 0.500000
8 66 0.500000
8 67 0.500000
8 70 0.500000
8 72 0.500000
8 73 0.500000
8 78 0.500000
8 79 0.500000
8 80 0.500000
8 83 0.500000
8 84 0.500000
8 87 0.500000
8 89 0.500000
8 93 0.500000
8 101 0.500000
8 104 0.500000
8 107 0.500000
8 109 0.500000
8 110 0.500000
8 117 0.500000
9 13 0.500000
9 15 0.500000
9 16 0.500000
9 21 0.500000
9 23 0.500000
9 24 0.500000
9 25 0.500000
9 28 0.500000
9 31 0.500000
9 36 0.500000
9 37 0.500000
9 38 0.500000
9 42 0.500000
9 46 0.500000
9 47 0.500000
9 49 0.500000
9 55 0.500000
9 58 0.500000
9 59 0.500000
9 64 0.500000
9 65 0.500000
9 76 0.500000
9 77 0.500000
9 80 0.500000
9 83 0.500000
9 87 0.500000
9 88 0.500000
9 89 0.500000
9 90 0.500000
9 92 0.500000
9 93 0.500000
9 99 0.500000
9 104 0.500000
9 108 0.500000
9 112 0.500000
9 118 0.500000
10 15 0.500000
10 16 0.500000
10 24 0.500000
10 28 0.500000
10 29 0.500000
10 30 0.500000
10 33 0.500000
10 37 0.500000
10 38 0.500000
10 42 0.500000
10 56 0.500000
10 58 0.500000
10 59 0.500000
10 60 0.500000
10 62 0.500000
10 63 0.500000
10 69 0.500000
10 72 0.500000
10 73 0.500000
10 77 0.500000
10 78 0.500000
10 84 0.500000
10 85 0.500000
10 86 0.500000
10 91 0.500000
10 94 0.500000
10 95 0.500000
10 96 0.500000
10 97 0.500000
10 98 0.500000
10 103 0.500000
10 104 0.500000
10 106 0.500000
10 116 0.500000
10 120 0.500000
11 15 0.500000
11 16 0.500000
11 20 0.500000
11 29 0.500000
11 34 0.500000
11 43 0.500000
11 55 0.500000
11 59 0.500000
11 61 0.500000
11 67 0.500000
11 68 0.500000
11 69 0.500000
11 72 0.500000
11 75 0.500000
11 76 0.500000
11 77 0.500000
11 81 0.500000
11 82 0.500000
11 89 0.500000
11 91 0.500000
11 95 0.500000
11 98 0.500000
11 100 0.500000
11 103 0.500000
11 109 0.500000
11 110 0.500000
11 113 0.500000
11 115 0.500000
11 116 0.500000
12 17 0.500000
12 18 0.500000
12 20 0.500000
12 21 0.500000
12 26 0.500000
12 28 0.500000
12 30 0.500000
12 31 0.500000
12 32 0.500000
12 44 0.500000
12 45 0.500000
12 46 0.500000
12 51 0.500000
12 58 0.500000
12 63 0.500000
12 70 0.500000
12 76 0.500000
12 80 0.500000
12 88 0.500000
12 94 0.500000
12 96 0.500000
12 100 0.500000
12 101 0.500000
12 102 0.500000
12 114 0.500000
12 115 0.500000
12 117 0.500000
12 118 0.500000
13 22 0.500000
13 23 0.500000
13 29 0.500000
13 30 0.500000
13 38 0.500000
13 42 0.500000
13 50 0.500000
13 53 0.500000
13 55 0.500000
13 60 0.500000
13 64 0.500000
13 65 0.500000
13 66 0.500000
13 67 0.500000
13 69 0.500000
13 70 0.500000
13 71 0.500000
13 72 0.500000
13 87 0.500000
13 88 0.500000
13 90 0.500000
13 101 0.500000
13 102 0.500000
13 108 0.500000
13 111 0.500000
13 115 0.500000
14 18 0.500000
14 25 0.500000
14 28 0.500000
14 35 0.500000
14 39 0.500000
14 40 0.500000
14 41 0.500000
14 42 0.500000
14 55 0.500000
14 62 0.500000
14 76 0.500000
14 77 0.500000
14 78 0.500000
14 80 0.500000
14 81 0.500000
14 84 0.500000
14 94 0.500000
14 99 0.500000
14 105 0.500000
14 107 0.500000
14 109 0.500000
14 112 0.500000
14 114 0.500000
14 115 0.500000
15 17 0.500000
15 18 0.500000
15 20 0.500000
15 25 0.500000
15 29 0.500000
15 32 0.500000
15 33 0.500000
15 34 0.500000
15 35 0.500000
15 38 0.500000
15 44 0.500000
15 46 0.500000
15 51 0.500000
15 59 0.500000
15 62 0.500000
15 64 0.500000
15 68 0.500000
15 81 0.500000
15 82 0.500000
15 84 0.500000
15 86 0.500000
15 90 0.500000
15 101 0.500000
15 106 0.500000
15 108 0.500000
15 118 0.500000
15 120 0.500000
16 19 0.500000
16 21 0.500000
16 27 0.500000
16 31 0.500000
16 33 0.500000
16 35 0.500000
16 36 0.500000
16 69 0.500000
16 88 0.500000
16 90 0.500000
16 95 0.500000
16 96 0.500000
16 99 0.500000
16 100 0.500000
16 101 0.500000
16 108 0.500000
16 110 0.500000
16 114 0.500000
17 32 0.500000
17 37 0.500000
17 41 0.500000
17 51 0.500000
17 53 0.500000
17 55 0.500000
17 58 0.500000
17 60 0.500000
17 63 0.500000
17 64 0.500000
17 65 0.500000
17 66 0.500000
17 78 0.500000
17 79 0.500000
17 93 0.500000
17 97 0.500000
17 101 0.500000
17 108 0.500000
17 110 0.500000
17 115 0.500000
18 20 0.500000
18 21 0.500000
18 22 0.500000
18 28 0.500000
18 30 0.500000
18 36 0.500000
18 46 0.500000
18 54 0.500000
18 55 0.500000
18 58 0.500000
18 65 0.500000
18 75 0.500000
18 76 0.500000
18 77 0.500000
18 81 0.500000
18 83 0.500000
18 84 0.500000
18 86 0.500000
18 88 0.500000
18 90 0.500000
18 91 0.500000
18 94 0.500000
18 99 0.500000
18 107 0.500000
18 108 0.500000
18 109 0.500000
18 114 0.500000
18 115 0.500000
18 116 0.500000
18 117 0.500000
19 20 0.500000
19 23 0.500000
19 26 0.500000
19 36 0.500000
19 39 0.500000
19 42 0.500000
19 46 0.500000
19 51 0.500000
19 54 0.500000
19 60 0.500000
19 62 0.500000
19 64 0.500000
19 68 0.500000
19 70 0.500000
19 75 0.500000
19 80 0.500000
19 86 0.500000
19 93 0.500000
19 94 0.500000
19 99 0.500000
19 101 0.500000
19 103 0.500000
19 118 0.500000
20 27 0.500000
20 37 0.500000
20 38 0.500000
20 40 0.500000
20 42 0.500000
20 45 0.500000
20 51 0.500000
20 55 0.500000
20 56 0.500000
20 58 0.500000
20 67 0.500000
20 68 0.500000
20 70 0.500000
20 78 0.500000
20 80 0.500000
20 81 0.500000
20 89 0.500000
20 99 0.500000
20 101 0.500000
20 104 0.500000
20 105 0.500000
20 116 0.500000
21 26 0.500000
21 30 0.500000
21 34 0.500000
21 35 0.500000
21 46 0.500000
21 47 0.500000
21 55 0.500000
21 57 0.500000
21 58 0.500000
21 62 0.500000
21 66 0.500000
21 67 0.500000
21 70 0.500000
21 71 0.500000
21 74 0.500000
21 81 0.500000
21 85 0.500000
21 91 0.500000
21 96 0.500000
21 97 0.500000
21 102 0.500000
21 104 0.500000
21 106 0.500000
21 110 0.500000
22 24 0.500000
22 29 0.500000
22 33 0.500000
22 37 0.500000
22 43 0.500000
22 44 0.500000
22 47 0.500000
22 49 0.500000
22 52 0.500000
22 54 0.500000
22 62 0.500000
22 63 0.500000
22 67 0.500000
22 73 0.500000
22 74 0.500000
22 75 0.500000
22 80 0.500000
22 82 0.500000
22 83 0.500000
22 85 0.500000
22 86 0.500000
22 90 0.500000
22 91 0.500000
22 92 0.500000
22 97 0.500000
22 99 0.500000
22 103 0.500000
22 104 0.500000
22 106 0.500000
22 113 0.500000
22 116 0.500000
22 118 0.500000
23 29 0.500000
23 30 0.500000
23 31 0.500000
23 32 0.500000
23 52 0.500000
23 53 0.500000
23 54 0.500000
23 56 0.500000
23 65 0.500000
23 66 0.500000
23 67 0.500000
23 75 0.500000
23 88 0.500000
23 89 0.500000
23 93 0.500000
23 103 0.500000
23 107 0.500000
24 28 0.500000
24 34 0.500000
24 36 0.500000
24 46 0.500000
24 51 0.500000
24 53 0.500000
24 57 0.500000
24 58 0.500000
24 78 0.500000
24 86 0.500000
24 92 0.500000
24 95 0.500000
24 97 0.500000
24 102 0.500000
24 109 0.500000
24 110 0.500000
24 117 0.500000
25 28 0.500000
25 37 0.500000
25 52 0.500000
25 54 0.500000
25 62 0.500000
25 64 0.500000
25 65 0.500000
25 67 0.500000
25 68 0.500000
25 76 0.500000
25 87 0.500000
25 96 0.500000
25 97 0.500000
25 101 0.500000
25 105 0.500000
25 113 0.500000
26 29 0.500000
26 37 0.500000
26 44 0.500000
26 48 0.500000
26 57 0.500000
26 58 0.500000
26 62 0.500000
26 69 0.500000
26 76 0.500000
26 83 0.500000
26 88 0.500000
26 89 0.500000
26 101 0.500000
26 103 0.500000
26 112 0.500000
26 117 0.500000
26 118 0.500000
27 28 0.500000
27 32 0.500000
27 33 0.500000
27 39 0.500000
27 47 0.500000
27 49 0.500000
27 50 0.500000
27 52 0.500000
27 58 0.500000
27 60 0.500000
27 62 0.500000
27 63 0.500000
27 65 0.500000
27 72 0.500000
27 73 0.500000
27 76 0.500000
27 83 0.500000
27 92 0.500000
27 102 0.500000
27 105 0.500000
27 110 0.500000
27 114 0.500000
27 120 0.500000
28 29 0.500000
28 36 0.500000
28 37 0.500000
28 43 0.500000
28 44 0.500000
28 46 0.500000
28 49 0.500000
28 53 0.500000
28 55 0.500000
28 59 0.500000
28 74 0.500000
28 80 0.500000
28 83 0.500000
28 84 0.500000
28 86 0.500000
28 88 0.500000
28 90 0.500000
28 94 0.500000
28 96 0.500000
28 99 0.500000
28 101 0.500000
28 102 0.500000
28 107 0.500000
28 110 0.500000
28 111 0.500000
28 112 0.500000
28 114 0.500000
28 115 0.500000
28 120 0.500000
29 35 0.500000
29 36 0.500000
29 37 0.500000
29 44 0.500000
29 48 0.500000
29 51 0.500000
29 52 0.500000
29 58 0.500000
29 68 0.500000
29 69 0.500000
29 71 0.500000
29 73 0.500000
29 78 0.500000
29 81 0.500000
29 83 0.500000
29 84 0.500000
29 97 0.500000
29 98 0.500000
29 99 0.500000
29 108 0.500000
29 111 0.500000
29 115 0.500000
29 117 0.500000
30 35 0.500000
30 36 0.500000
30 37 0.500000
30 44 0.500000
30 49 0.500000
30 52 0.500000
30 54 0.500000
30 58 0.500000
30 59 0.500000
30 61 0.500000
30 63 0.500000
30 66 0.500000
30 77 0.500000
30 78 0.500000
30 79 0.500000
30 87 0.500000
30 91 0.500000
30 92 0.500000
30 96 0.500000
30 101 0.500000
30 102 0.500000
30 104 0.500000
30 107 0.500000
30 108 0.500000
30 109 0.500000
30 114 0.500000
31 32 0.500000
31 34 0.500000
31 47 0.500000
31 51 0.500000
31 54 0.500000
31 60 0.500000
31 62 0.500000
31 63 0.500000
31 73 0.500000
31 76 0.500000
31 77 0.500000
31 82 0.500000
31 85 0.500000
31 89 0.500000
31 91 0.500000
31 95 0.500000
31 98 0.500000
31 105 0.500000
31 107 0.500000
31 109 0.500000
31 114 0.500000
31 119 0.500000
32 33 0.500000
32 35 0.500000
32 36 0.500000
32 47 0.500000
32 51 0.500000
32 53 0.500000
32 58 0.500000
32 66 0.500000
32 67 0.500000
32 80 0.500000
32 82 0.500000
32 85 0.500000
32 88 0.500000
32 90 0.500000
32 95 0.500000
32 99 0.500000
32 105 0.500000
32 112 0.500000
32 117 0.500000
32 118 0.500000
32 120 0.500000
33 36 0.500000
33 37 0.500000
33 38 0.500000
33 40 0.500000
33 41 0.500000
33 43 0.500000
33 46 0.500000
33 47 0.500000
33 49 0.500000
33 55 0.500000
33 58 0.500000
33 63 0.500000
33 65 0.500000
33 68 0.500000
33 69 0.500000
33 70 0.500000
33 71 0.500000
33 72 0.500000
33 75 0.500000
33 79 0.500000
33 80 0.500000
33 83 0.500000
33 84 0.500000
33 85 0.500000
33 86 0.500000
33 88 0.500000
33 89 0.500000
33 93 0.500000
33 98 0.500000
33 99 0.500000
33 104 0.500000
33 105 0.500000
33 107 0.500000
33 115 0.500000
34 37 0.500000
34 43 0.500000
34 51 0.500000
34 53 0.500000
34 54 0.500000
34 55 0.500000
34 57 0.500000
34 60 0.500000
34 61 0.500000
34 62 0.500000
34 66 0.500000
34 67 0.500000
34 74 0.500000
34 79 0.500000
34 80 0.500000
34 87 0.500000
34 88 0.500000
34 91 0.500000
34 96 0.500000
34 97 0.500000
34 111 0.500000
34 112 0.500000
34 114 0.500000
34 120 0.500000
35 45 0.500000
35 54 0.500000
35 57 0.500000
35 61 0.500000
35 63 0.500000
35 70 0.500000
35 71 0.500000
35 72 0.500000
35 75 0.500000
35 78 0.500000
35 79 0.500000
35 81 0.500000
35 85 0.500000
35 86 0.500000
35 90 0.500000
35 93 0.500000
35 97 0.500000
35 106 0.500000
35 107 0.500000
35 110 0.500000
35 111 0.500000
35 113 0.500000
35 115 0.500000
35 116 0.500000
35 117 0.500000
36 39 0.500000
36 40 0.500000
36 46 0.500000
36 52 0.500000
36 54 0.500000
36 57 0.500000
36 67 0.500000
36 71 0.500000
36 75 0.500000
36 77 0.500000
36 78 0.500000
36 82 0.500000
36 84 0.500000
36 86 0.500000
36 90 0.500000
36 91 0.500000
36 92 0.500000
36 93 0.500000
36 101 0.500000
36 110 0.500000
36 111 0.500000
36 112 0.500000
36 113 0.500000
36 114 0.500000
36 115 0.500000
37 40 0.500000
37 41 0.500000
37 42 0.500000
37 45 0.500000
37 47 0.500000
37 48 0.500000
37 62 0.500000
37 65 0.500000
37 70 0.500000
37 81 0.500000
37 82 0.500000
37 86 0.500000
37 87 0.500000
37 89 0.500000
37 96 0.500000
37 101 0.500000
37 102 0.500000
37 106 0.500000
37 109 0.500000
37 116 0.500000
37 118 0.500000
38 48 0.500000
38 49 0.500000
38 51 0.500000
38 56 0.500000
38 57 0.500000
38 58 0.500000
38 66 0.500000
38 68 0.500000
38 73 0.500000
38 80 0.500000
38 82 0.500000
38 84 0.500000
38 85 0.500000
38 89 0.500000
38 100 0.500000
38 101 0.500000
38 104 0.500000
38 111 0.500000
38 114 0.500000
38 118 0.500000
39 44 0.500000
39 48 0.500000
39 49 0.500000
39 60 0.500000
39 63 0.500000
39 65 0.500000
39 68 0.500000
39 72 0.500000
39 74 0.500000
39 75 0.500000
39 77 0.500000
39 81 0.500000
39 84 0.500000
39 86 0.500000
39 101 0.500000
39 102 0.500000
39 104 0.500000
39 105 0.500000
39 110 0.500000
39 113 0.500000
39 118 0.500000
40 42 0.500000
40 51 0.500000
40 57 0.500000
40 58 0.500000
40 63 0.500000
40 69 0.500000
40 72 0.500000
40 73 0.500000
40 92 0.500000
40 107 0.500000
40 111 0.500000
40 114 0.500000
40 116 0.500000
40 118 0.500000
40 120 0.500000
41 43 0.500000
41 53 0.500000
41 57 0.500000
41 68 0.500000
41 71 0.500000
41 75 0.500000
41 81 0.500000
41 94 0.500000
41 97 0.500000
41 98 0.500000
41 110 0.500000
41 113 0.500000
41 118 0.500000
42 56 0.500000
42 59 0.500000
42 65 0.500000
42 66 0.500000
42 67 0.500000
42 70 0.500000
42 73 0.500000
42 81 0.500000
42 84 0.500000
42 86 0.500000
42 89 0.500000
42 92 0.500000
42 99 0.500000
42 101 0.500000
42 102 0.500000
42 112 0.500000
42 113 0.500000
42 116 0.500000
43 44 0.500000
43 48 0.500000
43 52 0.500000
43 57 0.500000
43 62 0.500000
43 66 0.500000
43 73 0.500000
43 74 0.500000
43 79 0.500000
43 83 0.500000
43 88 0.500000
43 96 0.500000
43 97 0.500000
43 101 0.500000
43 109 0.500000
43 110 0.500000
43 113 0.500000
43 114 0.500000
43 117 0.500000
44 45 0.500000
44 46 0.500000
44 50 0.500000
44 51 0.500000
44 57 0.500000
44 59 0.500000
44 60 0.500000
44 64 0.500000
44 68 0.500000
44 78 0.500000
44 86 0.500000
44 87 0.500000
44 88 0.500000
44 90 0.500000
44 92 0.500000
44 96 0.500000
44 97 0.500000
44 104 0.500000
44 106 0.500000
44 109 0.500000
44 112 0.500000
44 116 0.500000
44 119 0.500000
45 48 0.500000
45 49 0.500000
45 51 0.500000
45 52 0.500000
45 55 0.500000
45 59 0.500000
45 66 0.500000
45 77 0.500000
45 78 0.500000
45 85 0.500000
45 86 0.500000
45 92 0.500000
45 95 0.500000
45 99 0.500000
45 103 0.500000
45 104 0.500000
45 110 0.500000
45 111 0.500000
45 112 0.500000
45 113 0.500000
45 119 0.500000
46 47 0.500000
46 49 0.500000
46 68 0.500000
46 75 0.500000
46 78 0.500000
46 83 0.500000
46 84 0.500000
46 90 0.500000
46 93 0.500000
46 101 0.500000
46 110 0.500000
46 113 0.500000
46 115 0.500000
46 117 0.500000
47 54 0.500000
47 57 0.500000
47 60 0.500000
47 64 0.500000
47 66 0.500000
47 73 0.500000
47 74 0.500000
47 77 0.500000
47 78 0.500000
47 85 0.500000
47 92 0.500000
47 94 0.500000
47 95 0.500000
47 98 0.500000
47 99 0.500000
47 107 0.500000
47 108 0.500000
47 110 0.500000
47 114 0.500000
47 115 0.500000
47 119 0.500000
48 51 0.500000
48 56 0.500000
48 57 0.500000
48 66 0.500000
48 69 0.500000
48 72 0.500000
48 73 0.500000
48 78 0.500000
48 80 0.500000
48 83 0.500000
48 88 0.500000
48 92 0.500000
48 94 0.500000
48 99 0.500000
48 106 0.500000
48 107 0.500000
48 108 0.500000
48 109 0.500000
48 110 0.500000
48 112 0.500000
48 114 0.500000
48 116 0.500000
48 119 0.500000
49 51 0.500000
49 53 0.500000
49 57 0.500000
49 59 0.500000
49 66 0.500000
49 67 0.500000
49 68 0.500000
49 72 0.500000
49 79 0.500000
49 81 0.500000
49 83 0.500000
49 88 0.500000
49 90 0.500000
49 92 0.500000
49 93 0.500000
49 96 0.500000
49 98 0.500000
49 102 0.500000
49 103 0.500000
49 104 0.500000
49 107 0.500000
49 108 0.500000
49 117 0.500000
49 119 0.500000
49 120 0.500000
50 51 0.500000
50 55 0.500000
50 59 0.500000
50 66 0.500000
50 69 0.500000
50 71 0.500000
50 74 0.500000
50 83 0.500000
50 89 0.500000
50 101 0.500000
50 104 0.500000
50 114 0.500000
50 116 0.500000
50 118 0.500000
51 54 0.500000
51 61 0.500000
51 66 0.500000
51 71 0.500000
51 76 0.500000
51 77 0.500000
51 79 0.500000
51 80 0.500000
51 83 0.500000
51 84 0.500000
51 88 0.500000
51 89 0.500000
51 90 0.500000
51 93 0.500000
51 94 0.500000
51 102 0.500000
51 105 0.500000
51 112 0.500000
51 115 0.500000
52 57 0.500000
52 61 0.500000
52 63 0.500000
52 70 0.500000
52 79 0.500000
52 89 0.500000
52 99 0.500000
52 104 0.500000
52 109 0.500000
53 54 0.500000
53 59 0.500000
53 60 0.500000
53 62 0.500000
53 66 0.500000
53 67 0.500000
53 68 0.500000
53 71 0.500000
53 75 0.500000
53 91 0.500000
53 98 0.500000
53 99 0.500000
53 100 0.500000
53 103 0.500000
53 110 0.500000
53 118 0.500000
54 62 0.500000
54 63 0.500000
54 67 0.500000
54 71 0.500000
54 74 0.500000
54 75 0.500000
54 80 0.500000
54 81 0.500000
54 86 0.500000
54 88 0.500000
54 90 0.500000
54 93 0.500000
54 94 0.500000
54 95 0.500000
54 99 0.500000
54 103 0.500000
54 113 0.500000
54 115 0.500000
54 116 0.500000
54 117 0.500000
54 118 0.500000
54 120 0.500000
55 56 0.500000
55 58 0.500000
55 59 0.500000
55 65 0.500000
55 75 0.500000
55 76 0.500000
55 77 0.500000
55 78 0.500000
55 79 0.500000
55 82 0.500000
55 85 0.500000
55 86 0.500000
55 89 0.500000
55 90 0.500000
55 99 0.500000
55 100 0.500000
55 102 0.500000
55 112 0.500000
55 118 0.500000
56 57 0.500000
56 61 0.500000
56 68 0.500000
56 72 0.500000
56 73 0.500000
56 77 0.500000
56 78 0.500000
56 86 0.500000
56 94 0.500000
56 100 0.500000
56 106 0.500000
56 109 0.500000
56 111 0.500000
56 118 0.500000
57 62 0.500000
57 64 0.500000
57 66 0.500000
57 68 0.500000
57 70 0.500000
57 75 0.500000
57 85 0.500000
57 86 0.500000
57 88 0.500000
57 96 0.500000
57 98 0.500000
57 105 0.500000
57 115 0.500000
57 116 0.500000
58 61 0.500000
58 63 0.500000
58 65 0.500000
58 66 0.500000
58 69 0.500000
58 72 0.500000
58 81 0.500000
58 85 0.500000
58 88 0.500000
58 89 0.500000
58 92 0.500000
58 97 0.500000
58 103 0.500000
58 105 0.500000
58 108 0.500000
58 114 0.500000
58 117 0.500000
58 119 0.500000
59 60 0.500000
59 66 0.500000
59 73 0.500000
59 77 0.500000
59 84 0.500000
59 85 0.500000
59 97 0.500000
59 102 0.500000
59 106 0.500000
59 111 0.500000
59 115 0.500000
59 119 0.500000
60 63 0.500000
60 65 0.500000
60 67 0.500000
60 68 0.500000
60 72 0.500000
60 76 0.500000
60 79 0.500000
60 84 0.500000
60 86 0.500000
60 89 0.500000
60 90 0.500000
60 91 0.500000
60 95 0.500000
60 100 0.500000
60 101 0.500000
60 107 0.500000
60 118 0.500000
60 120 0.500000
61 68 0.500000
61 72 0.500000
61 78 0.500000
61 86 0.500000
61 92 0.500000
61 93 0.500000
61 98 0.500000
61 100 0.500000
61 101 0.500000
61 103 0.500000
61 104 0.500000
61 107 0.500000
61 110 0.500000
61 111 0.500000
61 114 0.500000
61 119 0.500000
62 74 0.500000
62 77 0.500000
62 85 0.500000
62 86 0.500000
62 88 0.500000
62 92 0.500000
62 94 0.500000
62 105 0.500000
62 112 0.500000
62 114 0.500000
62 116 0.500000
63 70 0.500000
63 72 0.500000
63 73 0.500000
63 78 0.500000
63 80 0.500000
63 83 0.500000
63 87 0.500000
63 88 0.500000
63 99 0.500000
63 100 0.500000
63 102 0.500000
63 103 0.500000
63 110 0.500000
63 112 0.500000
64 65 0.500000
64 66 0.500000
64 72 0.500000
64 78 0.500000
64 90 0.500000
64 93 0.500000
64 113 0.500000
64 115 0.500000
64 119 0.500000
65 66 0.500000
65 71 0.500000
65 75 0.500000
65 76 0.500000
65 85 0.500000
65 88 0.500000
65 91 0.500000
65 99 0.500000
65 110 0.500000
65 112 0.500000
65 116 0.500000
66 67 0.500000
66 69 0.500000
66 70 0.500000
66 78 0.500000
66 79 0.500000
66 89 0.500000
66 96 0.500000
66 112 0.500000
66 113 0.500000
66 115 0.500000
67 72 0.500000
67 73 0.500000
67 75 0.500000
67 79 0.500000
67 88 0.500000
67 93 0.500000
67 94 0.500000
67 95 0.500000
67 96 0.500000
67 99 0.500000
67 102 0.500000
67 104 0.500000
67 112 0.500000
67 113 0.500000
67 114 0.500000
67 117 0.500000
68 69 0.500000
68 70 0.500000
68 75 0.500000
68 76 0.500000
68 79 0.500000
68 81 0.500000
68 84 0.500000
68 86 0.500000
68 93 0.500000
68 98 0.500000
68 104 0.500000
68 106 0.500000
68 107 0.500000
68 108 0.500000
68 109 0.500000
68 113 0.500000
68 114 0.500000
68 118 0.500000
69 70 0.500000
69 77 0.500000
69 81 0.500000
69 91 0.500000
69 94 0.500000
69 96 0.500000
69 103 0.500000
69 105 0.500000
69 107 0.500000
69 108 0.500000
69 109 0.500000
70 76 0.500000
70 77 0.500000
70 79 0.500000
70 86 0.500000
70 87 0.500000
70 89 0.500000
70 95 0.500000
70 96 0.500000
70 99 0.500000
70 112 0.500000
71 73 0.500000
71 76 0.500000
71 80 0.500000
71 87 0.500000
71 91 0.500000
71 93 0.500000
71 105 0.500000
71 106 0.500000
71 110 0.500000
71 112 0.500000
71 114 0.500000
71 116 0.500000
72 75 0.500000
72 76 0.500000
72 78 0.500000
72 79 0.500000
72 80 0.500000
72 82 0.500000
72 91 0.500000
72 92 0.500000
72 94 0.500000
72 96 0.500000
72 97 0.500000
72 98 0.500000
72 101 0.500000
72 103 0.500000
72 105 0.500000
72 107 0.500000
72 109 0.500000
72 110 0.500000
72 112 0.500000
72 114 0.500000
72 115 0.500000
72 116 0.500000
72 117 0.500000
73 76 0.500000
73 88 0.500000
73 89 0.500000
73 92 0.500000
73 101 0.500000
73 103 0.500000
73 107 0.500000
73 110 0.500000
73 114 0.500000
73 115 0.500000
73 116 0.500000
74 75 0.500000
74 80 0.500000
74 82 0.500000
74 86 0.500000
74 87 0.500000
74 88 0.500000
74 89 0.500000
74 95 0.500000
74 97 0.500000
74 101 0.500000
74 103 0.500000
74 116 0.500000
74 118 0.500000
74 119 0.500000
74 120 0.500000
75 77 0.500000
75 87 0.500000
75 88 0.500000
75 89 0.500000
75 90 0.500000
75 102 0.500000
75 108 0.500000
75 113 0.500000
75 116 0.500000
76 78 0.500000
76 80 0.500000
76 81 0.500000
76 83 0.500000
76 84 0.500000
76 86 0.500000
76 87 0.500000
76 88 0.500000
76 89 0.500000
76 96 0.500000
76 103 0.500000
76 104 0.500000
77 84 0.500000
77 86 0.500000
77 95 0.500000
77 99 0.500000
77 100 0.500000
77 102 0.500000
77 105 0.500000
77 110 0.500000
77 111 0.500000
77 113 0.500000
77 114 0.500000
77 115 0.500000
77 118 0.500000
77 119 0.500000
78 83 0.500000
78 84 0.500000
78 86 0.500000
78 89 0.500000
78 91 0.500000
78 94 0.500000
78 104 0.500000
78 112 0.500000
78 119 0.500000
79 84 0.500000
79 91 0.500000
79 94 0.500000
79 96 0.500000
79 99 0.500000
79 104 0.500000
79 106 0.500000
79 107 0.500000
79 109 0.500000
79 118 0.500000
80 81 0.500000
80 83 0.500000
80 88 0.500000
80 96 0.500000
80 99 0.500000
80 100 0.500000
80 104 0.500000
80 106 0.500000
80 113 0.500000
80 116 0.500000
80 120 0.500000
81 82 0.500000
81 90 0.500000
81 91 0.500000
81 100 0.500000
81 107 0.500000
81 108 0.500000
81 112 0.500000
81 118 0.500000
82 86 0.500000
82 87 0.500000
82 90 0.500000
82 97 0.500000
82 105 0.500000
82 112 0.500000
83 88 0.500000
83 97 0.500000
83 98 0.500000
83 100 0.500000
83 108 0.500000
83 109 0.500000
83 110 0.500000
83 116 0.500000
83 120 0.500000
84 86 0.500000
84 88 0.500000
84 92 0.500000
84 103 0.500000
84 109 0.500000
84 119 0.500000
85 91 0.500000
85 93 0.500000
85 94 0.500000
85 99 0.500000
85 103 0.500000
85 108 0.500000
85 110 0.500000
85 114 0.500000
86 87 0.500000
86 89 0.500000
86 96 0.500000
86 106 0.500000
86 112 0.500000
86 113 0.500000
86 116 0.500000
86 118 0.500000
87 88 0.500000
87 97 0.500000
87 98 0.500000
87 99 0.500000
87 109 0.500000
87 119 0.500000
87 120 0.500000
88 94 0.500000
88 99 0.500000
88 100 0.500000
88 105 0.500000
88 117 0.500000
88 119 0.500000
89 90 0.500000
89 92 0.500000
89 95 0.500000
89 102 0.500000
89 103 0.500000
89 104 0.500000
89 106 0.500000
89 107 0.500000
89 110 0.500000
89 112 0.500000
89 115 0.500000
89 117 0.500000
89 120 0.500000
90 91 0.500000
90 92 0.500000
90 100 0.500000
90 104 0.500000
90 110 0.500000
90 118 0.500000
91 92 0.500000
91 95 0.500000
91 105 0.500000
91 108 0.500000
91 120 0.500000
92 94 0.500000
92 98 0.500000
92 101 0.500000
92 102 0.500000
92 104 0.500000
92 108 0.500000
92 115 0.500000
93 102 0.500000
93 105 0.500000
93 110 0.500000
93 114 0.500000
93 117 0.500000
93 118 0.500000
94 97 0.500000
94 103 0.500000
94 105 0.500000
94 109 0.500000
94 114 0.500000
94 115 0.500000
94 116 0.500000
95 96 0.500000
95 97 0.500000
95 100 0.500000
96 97 0.500000
96 101 0.500000
96 103 0.500000
96 105 0.500000
96 107 0.500000
96 110 0.500000
96 112 0.500000
96 113 0.500000
96 118 0.500000
97 98 0.500000
97 99 0.500000
97 100 0.500000
97 101 0.500000
97 102 0.500000
97 103 0.500000
97 113 0.500000
98 100 0.500000
98 103 0.500000
98 105 0.500000
98 107 0.500000
98 108 0.500000
98 118 0.500000
99 103 0.500000
99 109 0.500000
100 101 0.500000
100 103 0.500000
100 104 0.500000
100 105 0.500000
100 109 0.500000
100 110 0.500000
101 102 0.500000
101 109 0.500000
101 119 0.500000
102 104 0.500000
102 106 0.500000
102 109 0.500000
102 110 0.500000
102 117 0.500000
102 118 0.500000
102 119 0.500000
103 110 0.500000
103 116 0.500000
103 118 0.500000
104 106 0.500000
104 108 0.500000
104 111 0.500000
104 115 0.500000
104 116 0.500000
104 120 0.500000
105 107 0.500000
105 108 0.500000
105 110 0.500000
105 111 0.500000
105 112 0.500000
105 115 0.500000
105 116 0.500000
105 117 0.500000
105 119 0.500000
106 110 0.500000
106 114 0.500000
107 115 0.500000
108 111 0.500000
108 115 0.500000
108 119 0.500000
108 120 0.500000
110 115 0.500000
110 120 0.500000
111 117 0.500000
112 116 0.500000
112 119 0.500000
113 116 0.500000
114 115 0.500000
115 119 0.500000
115 120 0.500000
116 117 0.500000
116 118 0.500000
116 119 0.500000
