120 60 1785
1 4 0.500000
1 5 0.500000
1 8 0.500000
1 9 0.500000
1 21 0.500000
1 27 0.500000
1 28 0.500000
1 40 0.500000
1 52 0.500000
1 53 0.500000
1 54 0.500000
1 55 0.500000
1 60 0.500000
1 64 0.500000
1 78 0.500000
1 79 0.500000
1 88 0.500000
1 89 0.500000
1 92 0.500000
1 99 0.500000
1 105 0.500000
1 114 0.500000
2 4 0.500000
2 7 0.500000
2 10 0.500000
2 13 0.500000
2 16 0.500000
2 20 0.500000
2 24 0.500000
2 26 0.500000
2 28 0.500000
2 29 0.500000
2 41 0.500000
2 46 0.500000
2 51 0.500000
2 59 0.500000
2 68 0.500000
2 71 0.500000
2 74 0.500000
2 75 0.500000
2 80 0.500000
2 83 0.500000
2 84 0.500000
2 98 0.500000
2 99 0.500000
2 102 0.500000
2 103 0.500000
2 111 0.500000
2 114 0.500000
3 4 0.500000
3 8 0.500000
3 12 0.500000
3 14 0.500000
3 22 0.500000
3 23 0.500000
3 26 0.500000
3 31 0.500000
3 32 0.500000
3 33 0.500000
3 36 0.500000
3 42 0.500000
3 44 0.500000
3 48 0.500000
3 53 0.500000
3 54 0.500000
3 56 0.500000
3 59 0.500000
3 62 0.500000
3 63 0.500000
3 67 0.500000
3 77 0.500000
3 79 0.500000
3 80 0.500000
3 83 0.500000
3 84 0.500000
3 87 0.500000
3 89 0.500000
3 93 0.500000
3 107 0.500000
3 108 0.500000
3 117 0.500000
3 119 0.500000
4 6 0.500000
4 7 0.500000
4 10 0.500000
4 11 0.500000
4 16 0.500000
4 18 0.500000
4 24 0.500000
4 25 0.500000
4 27 0.500000
4 29 0.500000
4 32 0.500000
4 34 0.500000
4 42 0.500000
4 48 0.500000
4 50 0.500000
4 53 0.500000
4 64 0.500000
4 68 0.500000
4 74 0.500000
4 79 0.500000
4 88 0.500000
4 89 0.500000
4 92 0.500000
4 95 0.500000
4 96 0.500000
4 102 0.500000
4 107 0.500000
4 117 0.500000
4 120 0.500000
5 8 0.500000
5 21 0.500000
5 23 0.500000
5 38 0.500000
5 39 0.500000
5 40 0.500000
5 41 0.500000
5 48 0.500000
5 50 0.500000
5 53 0.500000
5 61 0.500000
5 65 0.500000
5 73 0.500000
5 81 0.500000
5 85 0.500000
5 86 0.500000
5 87 0.500000
5 93 0.500000
5 95 0.500000
5 97 0.500000
5 100 0.500000
5 102 0.500000
5 103 0.500000
5 108 0.500000
5 109 0.500000
5 113 0.500000
6 7 0.500000
6 8 0.500000
6 13 0.500000
6 17 0.500000
6 22 0.500000
6 26 0.500000
6 28 0.500000
6 29 0.500000
6 30 0.500000
6 32 0.500000
6 35 0.500000
6 37 0.500000
6 49 0.500000
6 51 0.500000
6 53 0.500000
6 56 0.500000
6 62 0.500000
6 63 0.500000
6 75 0.500000
6 77 0.500000
6 86 0.500000
6 87 0.500000
6 90 0.500000
6 91 0.500000
6 93 0.500000
6 100 0.500000
6 101 0.500000
6 112 0.500000
6 119 0.500000
7 14 0.500000
7 25 0.500000
7 26 0.500000
7 31 0.500000
7 32 0.500000
7 34 0.500000
7 39 0.500000
7 40 0.500000
7 46 0.500000
7 47 0.500000
7 49 0.500000
7 55 0.500000
7 56 0.500000
7 57 0.500000
7 59 0.500000
7 60 0.500000
7 62 0.500000
7 72 0.500000
7 75 0.500000
7 80 0.500000
7 84 0.500000
7 85 0.500000
7 89 0.500000
7 90 0.500000
7 91 0.500000
7 94 0.500000
7 102 0.500000
7 103 0.500000
7 112 0.500000
7 114 0.500000
7 115 0.500000
8 9 0.500000
8 11 0.500000
8 21 0.500000
8 23 0.500000
8 25 0.500000
8 26 0.500000
8 28 0.500000
8 31 0.500000
8 35 0.500000
8 42 0.500000
8 43 0.500000
8 44 0.500000
8 46 0.500000
8 48 0.500000
8 50 0.500000
8 53 0.500000
8 54 0.500000
8 63 0.500000
8 66 0.500000
8 69 0.500000
8 72 0.500000
8 74 0.500000
8 76 0.500000
8 79 0.500000
8 86 0.500000
8 94 0.500000
8 95 0.500000
8 103 0.500000
8 106 0.500000
8 109 0.500000
8 110 0.500000
8 111 0.500000
8 114 0.500000
8 115 0.500000
8 118 0.500000
8 119 0.500000
8 120 0.500000
9 12 0.500000
9 13 0.500000
9 15 0.500000
9 20 0.500000
9 31 0.500000
9 35 0.500000
9 40 0.500000
9 45 0.500000
9 48 0.500000
9 57 0.500000
9 63 0.500000
9 70 0.500000
9 75 0.500000
9 83 0.500000
9 84 0.500000
9 86 0.500000
9 88 0.500000
9 95 0.500000
9 97 0.500000
9 106 0.500000
9 108 0.500000
9 118 0.500000
10 12 0.500000
10 13 0.500000
10 14 0.500000
10 17 0.500000
10 20 0.500000
10 22 0.500000
10 24 0.500000
10 28 0.500000
10 37 0.500000
10 38 0.500000
10 39 0.500000
10 45 0.500000
10 50 0.500000
10 54 0.500000
10 59 0.500000
10 67 0.500000
10 69 0.500000
10 70 0.500000
10 71 0.500000
10 73 0.500000
10 75 0.500000
10 76 0.500000
10 84 0.500000
10 86 0.500000
10 87 0.500000
10 90 0.500000
10 93 0.500000
10 95 0.500000
10 96 0.500000
10 98 0.500000
10 99 0.500000
10 101 0.500000
10 102 0.500000
10 104 0.500000
10 105 0.500000
10 118 0.500000
11 12 0.500000
11 14 0.500000
11 17 0.500000
11 21 0.500000
11 22 0.500000
11 26 0.500000
11 28 0.500000
11 33 0.500000
11 47 0.500000
11 57 0.500000
11 61 0.500000
11 63 0.500000
11 64 0.500000
11 66 0.500000
11 67 0.500000
11 69 0.500000
11 70 0.500000
11 77 0.500000
11 78 0.500000
11 79 0.500000
11 96 0.500000
11 97 0.500000
11 100 0.500000
11 110 0.500000
11 111 0.500000
11 115 0.500000
11 116 0.500000
11 118 0.500000
12 15 0.500000
12 22 0.500000
12 26 0.500000
12 30 0.500000
12 31 0.500000
12 32 0.500000
12 34 0.500000
12 37 0.500000
12 49 0.500000
12 51 0.500000
12 56 0.500000
12 65 0.500000
12 66 0.500000
12 71 0.500000
12 73 0.500000
12 74 0.500000
12 78 0.500000
12 88 0.500000
12 93 0.500000
12 94 0.500000
12 99 0.500000
12 106 0.500000
12 110 0.500000
12 117 0.500000
12 120 0.500000
13 17 0.500000
13 20 0.500000
13 26 0.500000
13 29 0.500000
13 34 0.500000
13 36 0.500000
13 38 0.500000
13 47 0.500000
13 52 0.500000
13 56 0.500000
13 59 0.500000
13 65 0.500000
13 69 0.500000
13 70 0.500000
13 79 0.500000
13 82 0.500000
13 85 0.500000
13 93 0.500000
13 96 0.500000
13 98 0.500000
13 101 0.500000
13 107 0.500000
13 116 0.500000
13 117 0.500000
14 15 0.500000
14 21 0.500000
14 29 0.500000
14 30 0.500000
14 35 0.500000
14 39 0.500000
14 42 0.500000
14 45 0.500000
14 47 0.500000
14 57 0.500000
14 60 0.500000
14 69 0.500000
14 70 0.500000
14 71 0.500000
14 74 0.500000
14 75 0.500000
14 79 0.500000
14 86 0.500000
14 87 0.500000
14 89 0.500000
14 91 0.500000
14 99 0.500000
14 102 0.500000
14 106 0.500000
14 107 0.500000
14 109 0.500000
14 115 0.500000
14 116 0.500000
14 117 0.500000
14 118 0.500000
15 29 0.500000
15 39 0.500000
15 40 0.500000
15 44 0.500000
15 45 0.500000
15 48 0.500000
15 50 0.500000
15 51 0.500000
15 59 0.500000
15 61 0.500000
15 68 0.500000
15 71 0.500000
15 72 0.500000
15 78 0.500000
15 80 0.500000
15 83 0.500000
15 97 0.500000
15 99 0.500000
15 102 0.500000
15 104 0.500000
15 110 0.500000
15 112 0.500000
15 115 0.500000
16 18 0.500000
16 23 0.500000
16 25 0.500000
16 31 0.500000
16 35 0.500000
16 41 0.500000
16 44 0.500000
16 55 0.500000
16 61 0.500000
16 77 0.500000
16 78 0.500000
16 79 0.500000
16 84 0.500000
16 86 0.500000
16 89 0.500000
16 93 0.500000
16 95 0.500000
16 99 0.500000
16 101 0.500000
16 107 0.500000
16 109 0.500000
16 116 0.500000
16 119 0.500000
17 22 0.500000
17 23 0.500000
17 24 0.500000
17 27 0.500000
17 28 0.500000
17 41 0.500000
17 45 0.500000
17 47 0.500000
17 51 0.500000
17 53 0.500000
17 54 0.500000
17 60 0.500000
17 65 0.500000
17 68 0.500000
17 69 0.500000
17 76 0.500000
17 77 0.500000
17 82 0.500000
17 96 0.500000
17 98 0.500000
17 103 0.500000
17 105 0.500000
17 107 0.500000
17 108 0.500000
17 114 0.500000
17 118 0.500000
17 119 0.500000
18 19 0.500000
18 20 0.500000
18 26 0.500000
18 31 0.500000
18 35 0.500000
18 38 0.500000
18 39 0.500000
18 45 0.500000
18 46 0.500000
18 50 0.500000
18 52 0.500000
18 60 0.500000
18 67 0.500000
18 71 0.500000
18 78 0.500000
18 81 0.500000
18 84 0.500000
18 85 0.500000
18 86 0.500000
18 88 0.500000
18 93 0.500000
18 97 0.500000
18 98 0.500000
18 100 0.500000
18 101 0.500000
18 103 0.500000
18 107 0.500000
18 108 0.500000
18 110 0.500000
19 21 0.500000
19 22 0.500000
19 34 0.500000
19 40 0.500000
19 42 0.500000
19 51 0.500000
19 52 0.500000
19 57 0.500000
19 60 0.500000
19 62 0.500000
19 63 0.500000
19 66 0.500000
19 68 0.500000
19 72 0.500000
19 73 0.500000
19 74 0.500000
19 80 0.500000
19 83 0.500000
19 85 0.500000
19 92 0.500000
19 93 0.500000
19 96 0.500000
19 100 0.500000
19 103 0.500000
19 107 0.500000
19 109 0.500000
19 113 0.500000
19 115 0.500000
20 23 0.500000
20 30 0.500000
20 31 0.500000
20 44 0.500000
20 49 0.500000
20 51 0.500000
20 56 0.500000
20 57 0.500000
20 61 0.500000
20 63 0.500000
20 80 0.500000
20 83 0.500000
20 86 0.500000
20 87 0.500000
20 95 0.500000
20 96 0.500000
20 100 0.500000
20 107 0.500000
20 116 0.500000
21 24 0.500000
21 28 0.500000
21 30 0.500000
21 32 0.500000
21 36 0.500000
21 38 0.500000
21 39 0.500000
21 40 0.500000
21 43 0.500000
21 44 0.500000
21 45 0.500000
21 51 0.500000
21 56 0.500000
21 58 0.500000
21 60 0.500000
21 65 0.500000
21 74 0.500000
21 80 0.500000
21 81 0.500000
21 89 0.500000
21 91 0.500000
21 92 0.500000
21 98 0.500000
21 99 0.500000
21 101 0.500000
21 102 0.500000
21 105 0.500000
21 108 0.500000
21 115 0.500000
22 26 0.500000
22 27 0.500000
22 35 0.500000
22 40 0.500000
22 52 0.500000
22 54 0.500000
22 67 0.500000
22 71 0.500000
22 73 0.500000
22 78 0.500000
22 81 0.500000
22 86 0.500000
22 87 0.500000
22 91 0.500000
22 101 0.500000
22 102 0.500000
22 107 0.500000
22 110 0.500000
22 112 0.500000
22 113 0.500000
22 116 0.500000
22 117 0.500000
23 39 0.500000
23 40 0.500000
23 53 0.500000
23 54 0.500000
23 56 0.500000
23 59 0.500000
23 63 0.500000
23 71 0.500000
23 75 0.500000
23 77 0.500000
23 85 0.500000
23 86 0.500000
23 91 0.500000
23 97 0.500000
23 106 0.500000
23 107 0.500000
23 111 0.500000
23 118 0.500000
24 25 0.500000
24 26 0.500000
24 30 0.500000
24 32 0.500000
24 36 0.500000
24 41 0.500000
24 43 0.500000
24 44 0.500000
24 45 0.500000
24 50 0.500000
24 53 0.500000
24 54 0.500000
24 59 0.500000
24 60 0.500000
24 61 0.500000
24 66 0.500000
24 68 0.500000
24 71 0.500000
24 73 0.500000
24 76 0.500000
24 78 0.500000
24 79 0.500000
24 81 0.500000
24 93 0.500000
24 94 0.500000
24 96 0.500000
24 99 0.500000
24 109 0.500000
24 111 0.500000
24 112 0.500000
24 117 0.500000
24 119 0.500000
25 27 0.500000
25 38 0.500000
25 43 0.500000
25 48 0.500000
25 49 0.500000
25 64 0.500000
25 66 0.500000
25 73 0.500000
25 74 0.500000
25 75 0.500000
25 76 0.500000
25 79 0.500000
25 90 0.500000
25 91 0.500000
25 92 0.500000
25 98 0.500000
25 105 0.500000
25 106 0.500000
25 114 0.500000
25 118 0.500000
26 33 0.500000
26 40 0.500000
26 41 0.500000
26 48 0.500000
26 49 0.500000
26 50 0.500000
26 55 0.500000
26 58 0.500000
26 60 0.500000
26 61 0.500000
26 67 0.500000
26 75 0.500000
26 76 0.500000
26 83 0.500000
26 86 0.500000
26 90 0.500000
26 94 0.500000
27 28 0.500000
27 30 0.500000
27 33 0.500000
27 37 0.500000
27 38 0.500000
27 46 0.500000
27 49 0.500000
27 54 0.500000
27 55 0.500000
27 56 0.500000
27 60 0.500000
27 62 0.500000
27 80 0.500000
27 82 0.500000
27 83 0.500000
27 87 0.500000
27 95 0.500000
27 97 0.500000
27 98 0.500000
27 100 0.500000
27 101 0.500000
27 106 0.500000
27 115 0.500000
28 34 0.500000
28 35 0.500000
28 36 0.500000
28 37 0.500000
28 43 0.500000
28 49 0.500000
28 53 0.500000
28 56 0.500000
28 58 0.500000
28 61 0.500000
28 64 0.500000
28 67 0.500000
28 76 0.500000
28 77 0.500000
28 78 0.500000
28 80 0.500000
28 82 0.500000
28 95 0.500000
28 98 0.500000
28 99 0.500000
28 102 0.500000
28 103 0.500000
28 120 0.500000
29 30 0.500000
29 38 0.500000
29 42 0.500000
29 43 0.500000
29 44 0.500000
29 49 0.500000
29 51 0.500000
29 55 0.500000
29 57 0.500000
29 58 0.500000
29 66 0.500000
29 68 0.500000
29 71 0.500000
29 75 0.500000
29 81 0.500000
29 87 0.500000
29 90 0.500000
29 91 0.500000
29 101 0.500000
29 105 0.500000
29 106 0.500000
29 112 0.500000
30 31 0.500000
30 41 0.500000
30 42 0.500000
30 44 0.500000
30 48 0.500000
30 57 0.500000
30 61 0.500000
30 66 0.500000
30 69 0.500000
30 75 0.500000
30 76 0.500000
30 87 0.500000
30 88 0.500000
30 89 0.500000
30 93 0.500000
30 95 0.500000
30 98 0.500000
30 104 0.500000
30 109 0.500000
30 112 0.500000
30 115 0.500000
30 118 0.500000
30 119 0.500000
31 32 0.500000
31 36 0.500000
31 37 0.500000
31 38 0.500000
31 43 0.500000
31 53 0.500000
31 54 0.500000
31 56 0.500000
31 58 0.500000
31 59 0.500000
31 63 0.500000
31 66 0.500000
31 71 0.500000
31 74 0.500000
31 75 0.500000
31 77 0.500000
31 78 0.500000
31 82 0.500000
31 84 0.500000
31 95 0.500000
31 99 0.500000
31 102 0.500000
31 103 0.500000
31 107 0.500000
31 111 0.500000
31 114 0.500000
31 117 0.500000
31 118 0.500000
32 33 0.500000
32 37 0.500000
32 49 0.500000
32 60 0.500000
32 63 0.500000
32 64 0.500000
32 65 0.500000
32 68 0.500000
32 73 0.500000
32 74 0.500000
32 75 0.500000
32 80 0.500000
32 82 0.500000
32 83 0.500000
32 84 0.500000
32 89 0.500000
32 91 0.500000
32 114 0.500000
32 116 0.500000
32 117 0.500000
33 34 0.500000
33 53 0.500000
33 64 0.500000
33 66 0.500000
33 72 0.500000
33 78 0.500000
33 85 0.500000
33 86 0.500000
33 88 0.500000
33 89 0.500000
33 106 0.500000
33 109 0.500000
33 111 0.500000
33 112 0.500000
34 39 0.500000
34 58 0.500000
34 70 0.500000
34 71 0.500000
34 72 0.500000
34 85 0.500000
34 90 0.500000
34 92 0.500000
34 94 0.500000
34 95 0.500000
34 105 0.500000
34 106 0.500000
34 116 0.500000
34 119 0.500000
35 36 0.500000
35 37 0.500000
35 43 0.500000
35 44 0.500000
35 46 0.500000
35 48 0.500000
35 51 0.500000
35 52 0.500000
35 53 0.500000
35 59 0.500000
35 61 0.500000
35 64 0.500000
35 75 0.500000
35 77 0.500000
35 81 0.500000
35 82 0.500000
35 91 0.500000
35 93 0.500000
35 98 0.500000
35 99 0.500000
35 103 0.500000
35 104 0.500000
35 105 0.500000
35 109 0.500000
35 111 0.500000
35 116 0.500000
35 118 0.500000
36 37 0.500000
36 41 0.500000
36 43 0.500000
36 52 0.500000
36 55 0.500000
36 64 0.500000
36 65 0.500000
36 67 0.500000
36 70 0.500000
36 73 0.500000
36 79 0.500000
36 80 0.500000
36 81 0.500000
36 84 0.500000
36 90 0.500000
36 99 0.500000
36 108 0.500000
36 110 0.500000
36 111 0.500000
36 112 0.500000
36 116 0.500000
36 118 0.500000
37 40 0.500000
37 41 0.500000
37 44 0.500000
37 53 0.500000
37 58 0.500000
37 64 0.500000
37 65 0.500000
37 66 0.500000
37 68 0.500000
37 69 0.500000
37 78 0.500000
37 83 0.500000
37 85 0.500000
37 89 0.500000
37 102 0.500000
37 103 0.500000
37 104 0.500000
37 108 0.500000
37 111 0.500000
37 117 0.500000
37 120 0.500000
38 39 0.500000
38 40 0.500000
38 46 0.500000
38 50 0.500000
38 54 0.500000
38 59 0.500000
38 63 0.500000
38 65 0.500000
38 71 0.500000
38 76 0.500000
38 77 0.500000
38 81 0.500000
38 82 0.500000
38 88 0.500000
38 89 0.500000
38 90 0.500000
38 94 0.500000
38 98 0.500000
38 102 0.500000
38 104 0.500000
38 109 0.500000
38 118 0.500000
39 45 0.500000
39 47 0.500000
39 67 0.500000
39 70 0.500000
39 75 0.500000
39 76 0.500000
39 80 0.500000
39 87 0.500000
39 88 0.500000
39 91 0.500000
39 93 0.500000
39 96 0.500000
39 103 0.500000
39 110 0.500000
39 116 0.500000
39 117 0.500000
40 45 0.500000
40 50 0.500000
40 55 0.500000
40 56 0.500000
40 57 0.500000
40 60 0.500000
40 71 0.500000
40 76 0.500000
40 79 0.500000
40 82 0.500000
40 85 0.500000
40 91 0.500000
40 93 0.500000
40 94 0.500000
40 95 0.500000
40 108 0.500000
40 111 0.500000
40 114 0.500000
40 116 0.500000
40 120 0.500000
41 48 0.500000
41 49 0.500000
41 57 0.500000
41 61 0.500000
41 63 0.500000
41 64 0.500000
41 74 0.500000
41 79 0.500000
41 82 0.500000
41 83 0.500000
41 84 0.500000
41 89 0.500000
41 91 0.500000
41 98 0.500000
41 101 0.500000
41 116 0.500000
41 118 0.500000
42 43 0.500000
42 46 0.500000
42 55 0.500000
42 59 0.500000
42 67 0.500000
42 72 0.500000
42 81 0.500000
42 84 0.500000
42 87 0.500000
42 88 0.500000
42 89 0.500000
42 94 0.500000
42 109 0.500000
42 111 0.500000
42 112 0.500000
42 115 0.500000
42 117 0.500000
42 118 0.500000
42 119 0.500000
43 48 0.500000
43 50 0.500000
43 59 0.500000
43 60 0.500000
43 65 0.500000
43 66 0.500000
43 69 0.500000
43 72 0.500000
43 74 0.500000
43 90 0.500000
43 95 0.500000
43 96 0.500000
43 97 0.500000
43 98 0.500000
43 102 0.500000
43 108 0.500000
43 110 0.500000
43 112 0.500000
43 117 0.500000
43 118 0.500000
44 48 0.500000
44 49 0.500000
44 52 0.500000
44 53 0.500000
44 58 0.500000
44 60 0.500000
44 65 0.500000
44 67 0.500000
44 71 0.500000
44 83 0.500000
44 86 0.500000
44 90 0.500000
44 93 0.500000
44 96 0.500000
44 97 0.500000
44 98 0.500000
44 99 0.500000
44 101 0.500000
44 107 0.500000
44 108 0.500000
44 113 0.500000
44 116 0.500000
44 117 0.500000
45 47 0.500000
45 57 0.500000
45 63 0.500000
45 70 0.500000
45 71 0.500000
45 74 0.500000
45 75 0.500000
45 78 0.500000
45 80 0.500000
45 81 0.500000
45 82 0.500000
45 85 0.500000
45 86 0.500000
45 91 0.500000
45 93 0.500000
45 94 0.500000
45 95 0.500000
45 97 0.500000
45 98 0.500000
45 99 0.500000
45 101 0.500000
45 103 0.500000
45 106 0.500000
45 108 0.500000
45 110 0.500000
45 111 0.500000
45 113 0.500000
45 120 0.500000
46 48 0.500000
46 49 0.500000
46 52 0.500000
46 53 0.500000
46 58 0.500000
46 66 0.500000
46 74 0.500000
46 77 0.500000
46 79 0.500000
46 83 0.500000
46 88 0.500000
46 91 0.500000
46 92 0.500000
46 95 0.500000
46 103 0.500000
46 111 0.500000
46 113 0.500000
46 116 0.500000
47 48 0.500000
47 49 0.500000
47 56 0.500000
47 60 0.500000
47 63 0.500000
47 69 0.500000
47 75 0.500000
47 79 0.500000
47 82 0.500000
47 87 0.500000
47 91 0.500000
47 92 0.500000
47 93 0.500000
47 94 0.500000
47 97 0.500000
47 104 0.500000
47 106 0.500000
47 114 0.500000
47 115 0.500000
47 117 0.500000
47 119 0.500000
47 120 0.500000
48 51 0.500000
48 55 0.500000
48 57 0.500000
48 58 0.500000
48 72 0.500000
48 74 0.500000
48 79 0.500000
48 97 0.500000
48 102 0.500000
48 104 0.500000
48 107 0.500000
48 109 0.500000
48 111 0.500000
48 115 0.500000
49 51 0.500000
49 56 0.500000
49 62 0.500000
49 72 0.500000
49 77 0.500000
49 80 0.500000
49 81 0.500000
49 82 0.500000
49 83 0.500000
49 84 0.500000
49 86 0.500000
49 93 0.500000
49 100 0.500000
49 104 0.500000
49 105 0.500000
49 106 0.500000
49 117 0.500000
50 52 0.500000
50 53 0.500000
50 54 0.500000
50 61 0.500000
50 77 0.500000
50 83 0.500000
50 88 0.500000
50 90 0.500000
50 92 0.500000
50 93 0.500000
50 103 0.500000
50 106 0.500000
50 109 0.500000
50 112 0.500000
50 114 0.500000
50 118 0.500000
50 119 0.500000
51 55 0.500000
51 59 0.500000
51 64 0.500000
51 65 0.500000
51 66 0.500000
51 68 0.500000
51 70 0.500000
51 71 0.500000
51 75 0.500000
51 79 0.500000
51 83 0.500000
51 92 0.500000
51 97 0.500000
51 100 0.500000
51 101 0.500000
51 103 0.500000
51 104 0.500000
51 105 0.500000
51 107 0.500000
51 114 0.500000
51 116 0.500000
51 117 0.500000
51 120 0.500000
52 65 0.500000
52 67 0.500000
52 68 0.500000
52 69 0.500000
52 73 0.500000
52 77 0.500000
52 78 0.500000
52 85 0.500000
52 88 0.500000
52 89 0.500000
52 96 0.500000
52 101 0.500000
52 102 0.500000
52 115 0.500000
53 54 0.500000
53 55 0.500000
53 57 0.500000
53 58 0.500000
53 64 0.500000
53 78 0.500000
53 86 0.500000
53 89 0.500000
53 90 0.500000
53 95 0.500000
53 97 0.500000
53 104 0.500000
53 105 0.500000
53 116 0.500000
53 117 0.500000
54 55 0.500000
54 58 0.500000
54 64 0.500000
54 66 0.500000
54 71 0.500000
54 72 0.500000
54 75 0.500000
54 78 0.500000
54 85 0.500000
54 107 0.500000
54 110 0.500000
54 114 0.500000
54 119 0.500000
55 56 0.500000
55 57 0.500000
55 64 0.500000
55 65 0.500000
55 69 0.500000
55 70 0.500000
55 73 0.500000
55 76 0.500000
55 77 0.500000
55 78 0.500000
55 82 0.500000
55 87 0.500000
55 99 0.500000
55 102 0.500000
55 103 0.500000
55 106 0.500000
55 109 0.500000
55 111 0.500000
55 116 0.500000
55 118 0.500000
56 59 0.500000
56 67 0.500000
56 81 0.500000
56 83 0.500000
56 84 0.500000
56 93 0.500000
56 95 0.500000
56 98 0.500000
56 99 0.500000
56 100 0.500000
56 101 0.500000
56 103 0.500000
56 104 0.500000
56 107 0.500000
56 108 0.500000
56 111 0.500000
56 112 0.500000
56 115 0.500000
56 117 0.500000
56 118 0.500000
57 60 0.500000
57 63 0.500000
57 65 0.500000
57 67 0.500000
57 85 0.500000
57 88 0.500000
57 99 0.500000
57 100 0.500000
57 101 0.500000
57 107 0.500000
57 114 0.500000
58 62 0.500000
58 64 0.500000
58 66 0.500000
58 70 0.500000
58 81 0.500000
58 91 0.500000
58 93 0.500000
58 111 0.500000
58 112 0.500000
58 115 0.500000
58 118 0.500000
59 67 0.500000
59 74 0.500000
59 78 0.500000
59 84 0.500000
59 91 0.500000
59 93 0.500000
59 95 0.500000
59 98 0.500000
59 105 0.500000
59 106 0.500000
59 109 0.500000
59 113 0.500000
59 115 0.500000
59 120 0.500000
60 63 0.500000
60 68 0.500000
60 71 0.500000
60 73 0.500000
60 84 0.500000
60 92 0.500000
60 93 0.500000
60 111 0.500000
60 112 0.500000
60 113 0.500000
61 63 0.500000
61 80 0.500000
61 82 0.500000
61 88 0.500000
61 89 0.500000
61 93 0.500000
61 95 0.500000
61 97 0.500000
61 99 0.500000
61 101 0.500000
61 102 0.500000
61 105 0.500000
61 106 0.500000
61 107 0.500000
61 108 0.500000
61 112 0.500000
61 116 0.500000
61 119 0.500000
61 120 0.500000
62 69 0.500000
62 70 0.500000
62 73 0.500000
62 74 0.500000
62 76 0.500000
62 78 0.500000
62 82 0.500000
62 83 0.500000
62 89 0.500000
62 91 0.500000
62 105 0.500000
62 106 0.500000
62 107 0.500000
62 110 0.500000
62 111 0.500000
62 119 0.500000
63 66 0.500000
63 68 0.500000
63 76 0.500000
63 82 0.500000
63 83 0.500000
63 84 0.500000
63 89 0.500000
63 93 0.500000
63 96 0.500000
63 98 0.500000
63 102 0.500000
63 104 0.500000
63 106 0.500000
63 110 0.500000
63 111 0.500000
63 112 0.500000
63 120 0.500000
64 65 0.500000
64 66 0.500000
64 70 0.500000
64 83 0.500000
64 84 0.500000
64 85 0.500000
64 88 0.500000
64 91 0.500000
64 92 0.500000
64 103 0.500000
64 104 0.500000
65 68 0.500000
65 78 0.500000
65 79 0.500000
65 81 0.500000
65 85 0.500000
65 86 0.500000
65 90 0.500000
65 94 0.500000
65 95 0.500000
65 100 0.500000
65 101 0.500000
65 102 0.500000
65 104 0.500000
65 106 0.500000
65 108 0.500000
65 109 0.500000
65 112 0.500000
65 113 0.500000
66 72 0.500000
66 74 0.500000
66 75 0.500000
66 82 0.500000
66 83 0.500000
66 84 0.500000
66 85 0.500000
66 88 0.500000
66 90 0.500000
66 96 0.500000
66 97 0.500000
66 102 0.500000
67 68 0.500000
67 74 0.500000
67 76 0.500000
67 83 0.500000
67 86 0.500000
67 87 0.500000
67 96 0.500000
67 98 0.500000
67 100 0.500000
67 101 0.500000
67 102 0.500000
67 103 0.500000
67 104 0.500000
67 108 0.500000
67 113 0.500000
67 116 0.500000
68 71 0.500000
68 73 0.500000
68 78 0.500000
68 84 0.500000
68 85 0.500000
68 86 0.500000
68 87 0.500000
68 91 0.500000
68 97 0.500000
68 99 0.500000
68 107 0.500000
68 108 0.500000
68 114 0.500000
68 115 0.500000
68 118 0.500000
69 74 0.500000
69 77 0.500000
69 80 0.500000
69 82 0.500000
69 86 0.500000
69 87 0.500000
69 88 0.500000
69 89 0.500000
69 90 0.500000
69 91 0.500000
69 94 0.500000
69 95 0.500000
69 97 0.500000
69 100 0.500000
69 101 0.500000
69 108 0.500000
70 72 0.500000
70 74 0.500000
70 94 0.500000
70 96 0.500000
70 100 0.500000
70 101 0.500000
70 102 0.500000
70 108 0.500000
71 73 0.500000
71 74 0.500000
71 77 0.500000
71 82 0.500000
71 84 0.500000
71 85 0.500000
71 86 0.500000
71 87 0.500000
71 88 0.500000
71 89 0.500000
71 90 0.500000
71 97 0.500000
71 108 0.500000
71 109 0.500000
71 114 0.500000
71 116 0.500000
71 118 0.500000
72 74 0.500000
72 76 0.500000
72 77 0.500000
72 78 0.500000
72 88 0.500000
72 89 0.500000
72 90 0.500000
72 91 0.500000
72 99 0.500000
72 100 0.500000
72 101 0.500000
72 104 0.500000
72 111 0.500000
72 118 0.500000
72 120 0.500000
73 75 0.500000
73 76 0.500000
73 77 0.500000
73 83 0.500000
73 88 0.500000
73 90 0.500000
73 94 0.500000
73 96 0.500000
73 98 0.500000
73 101 0.500000
73 103 0.500000
73 106 0.500000
73 108 0.500000
73 110 0.500000
73 114 0.500000
73 117 0.500000
74 76 0.500000
74 92 0.500000
74 95 0.500000
74 101 0.500000
74 102 0.500000
74 108 0.500000
74 112 0.500000
74 113 0.500000
74 116 0.500000
75 79 0.500000
75 81 0.500000
75 83 0.500000
75 85 0.500000
75 90 0.500000
75 99 0.500000
75 103 0.500000
75 116 0.500000
75 117 0.500000
76 80 0.500000
76 83 0.500000
76 86 0.500000
76 95 0.500000
76 97 0.500000
76 99 0.500000
76 103 0.500000
76 104 0.500000
76 105 0.500000
76 106 0.500000
76 113 0.500000
76 115 0.500000
76 117 0.500000
76 119 0.500000
76 120 0.500000
77 78 0.500000
77 81 0.500000
77 85 0.500000
77 87 0.500000
77 97 0.500000
77 98 0.500000
77 102 0.500000
77 103 0.500000
77 104 0.500000
77 105 0.500000
77 113 0.500000
77 114 0.500000
77 116 0.500000
77 120 0.500000
78 85 0.500000
78 87 0.500000
78 91 0.500000
78 93 0.500000
78 107 0.500000
78 113 0.500000
78 118 0.500000
79 81 0.500000
79 82 0.500000
79 84 0.500000
79 86 0.500000
79 87 0.500000
79 93 0.500000
79 94 0.500000
79 95 0.500000
79 106 0.500000
79 113 0.500000
79 116 0.500000
79 117 0.500000
80 95 0.500000
80 97 0.500000
80 99 0.500000
80 100 0.500000
80 101 0.500000
80 113 0.500000
80 115 0.500000
80 118 0.500000
80 120 0.500000
81 99 0.500000
81 109 0.500000
81 110 0.500000
81 120 0.500000
82 84 0.500000
82 102 0.500000
82 106 0.500000
82 113 0.500000
82 117 0.500000
82 118 0.500000
83 84 0.500000
83 91 0.500000
83 92 0.500000
83 101 0.500000
83 103 0.500000
83 108 0.500000
83 110 0.500000
83 113 0.500000
83 119 0.500000
84 86 0.500000
84 105 0.500000
84 109 0.500000
84 110 0.500000
84 111 0.500000
84 117 0.500000
84 119 0.500000
84 120 0.500000
85 88 0.500000
85 89 0.500000
85 96 0.500000
85 97 0.500000
85 99 0.500000
85 101 0.500000
85 113 0.500000
85 118 0.500000
86 93 0.500000
86 94 0.500000
86 102 0.500000
86 108 0.500000
86 112 0.500000
86 115 0.500000
87 93 0.500000
87 94 0.500000
87 95 0.500000
87 96 0.500000
87 98 0.500000
87 99 0.500000
87 102 0.500000
87 109 0.500000
87 110 0.500000
87 114 0.500000
87 115 0.500000
88 95 0.500000
88 97 0.500000
88 99 0.500000
88 100 0.500000
88 102 0.500000
88 107 0.500000
88 111 0.500000
88 112 0.500000
88 119 0.500000
89 93 0.500000
89 96 0.500000
89 97 0.500000
89 101 0.500000
89 102 0.500000
89 109 0.500000
89 113 0.500000
89 118 0.500000
90 98 0.500000
90 103 0.500000
90 104 0.500000
90 106 0.500000
90 109 0.500000
90 111 0.500000
90 113 0.500000
90 117 0.500000
90 119 0.500000
91 99 0.500000
91 102 0.500000
91 109 0.500000
91 110 0.500000
91 114 0.500000
91 115 0.500000
91 120 0.500000
92 94 0.500000
92 102 0.500000
92 103 0.500000
92 113 0.500000
93 97 0.500000
93 103 0.500000
93 108 0.500000
93 112 0.500000
93 114 0.500000
93 118 0.500000
94 96 0.500000
94 97 0.500000
94 99 0.500000
94 111 0.500000
94 112 0.500000
94 117 0.500000
95 99 0.500000
95 109 0.500000
95 115 0.500000
95 116 0.500000
95 117 0.500000
95 118 0.500000
96 103 0.500000
96 105 0.500000
96 106 0.500000
96 108 0.500000
96 111 0.500000
97 100 0.500000
97 102 0.500000
97 106 0.500000
97 109 0.500000
97 110 0.500000
97 111 0.500000
97 112 0.500000
97 119 0.500000
98 99 0.500000
98 102 0.500000
98 103 0.500000
98 109 0.500000
98 120 0.500000
99 102 0.500000
99 105 0.500000
99 109 0.500000
99 113 0.500000
99 116 0.500000
100 107 0.500000
100 114 0.500000
100 116 0.500000
100 117 0.500000
101 104 0.500000
101 106 0.500000
101 109 0.500000
101 113 0.500000
101 119 0.500000
102 109 0.500000
102 111 0.500000
102 112 0.500000
102 114 0.500000
102 116 0.500000
102 117 0.500000
103 104 0.500000
103 107 0.500000
103 109 0.500000
103 110 0.500000
103 112 0.500000
103 118 0.500000
103 119 0.500000
104 107 0.500000
104 111 0.500000
105 112 0.500000
105 114 0.500000
105 115 0.500000
105 117 0.500000
105 118 0.500000
105 119 0.500000
106 107 0.500000
106 111 0.500000
106 112 0.500000
106 119 0.500000
107 113 0.500000
107 115 0.500000
107 120 0.500000
108 110 0.500000
108 112 0.500000
108 118 0.500000
108 119 0.500000
109 111 0.500000
109 113 0.500000
109 116 0.500000
109 118 0.500000
110 114 0.500000
110 117 0.500000
110 119 0.500000
110 120 0.500000
111 114 0.500000
111 116 0.500000
111 120 0.500000
112 114 0.500000
112 118 0.500000
115 117 0.500000
115 119 0.500000
118 119 0.500000
