140 105 2433
1 4 0.500000
1 7 0.500000
1 10 0.500000
1 13 0.500000
1 21 0.500000
1 24 0.500000
1 25 0.500000
1 27 0.500000
1 29 0.500000
1 34 0.500000
1 35 0.500000
1 36 0.500000
1 45 0.500000
1 46 0.500000
1 48 0.500000
1 50 0.500000
1 51 0.500000
1 62 0.500000
1 64 0.500000
1 65 0.500000
1 69 0.500000
1 73 0.500000
1 75 0.500000
1 78 0.500000
1 92 0.500000
1 93 0.500000
1 98 0.500000
1 102 0.500000
1 105 0.500000
1 106 0.500000
1 107 0.500000
1 110 0.500000
1 112 0.500000
1 113 0.500000
1 114 0.500000
1 115 0.500000
1 122 0.500000
1 129 0.500000
1 130 0.500000
1 133 0.500000
1 134 0.500000
2 6 0.500000
2 8 0.500000
2 9 0.500000
2 12 0.500000
2 16 0.500000
2 19 0.500000
2 24 0.500000
2 29 0.500000
2 31 0.500000
2 34 0.500000
2 35 0.500000
2 38 0.500000
2 43 0.500000
2 45 0.500000
2 47 0.500000
2 53 0.500000
2 63 0.500000
2 74 0.500000
2 85 0.500000
2 90 0.500000
2 109 0.500000
2 112 0.500000
2 115 0.500000
2 121 0.500000
2 124 0.500000
2 130 0.500000
2 139 0.500000
3 4 0.500000
3 5 0.500000
3 16 0.500000
3 24 0.500000
3 25 0.500000
3 26 0.500000
3 29 0.500000
3 37 0.500000
3 39 0.500000
3 42 0.500000
3 43 0.500000
3 49 0.500000
3 51 0.500000
3 60 0.500000
3 61 0.500000
3 65 0.500000
3 67 0.500000
3 72 0.500000
3 74 0.500000
3 77 0.500000
3 80 0.500000
3 81 0.500000
3 84 0.500000
3 86 0.500000
3 91 0.500000
3 94 0.500000
3 95 0.500000
3 105 0.500000
3 111 0.500000
3 116 0.500000
3 121 0.500000
3 128 0.500000
3 138 0.500000
3 139 0.500000
4 9 0.500000
4 10 0.500000
4 18 0.500000
4 22 0.500000
4 23 0.500000
4 24 0.500000
4 28 0.500000
4 33 0.500000
4 35 0.500000
4 40 0.500000
4 41 0.500000
4 42 0.500000
4 44 0.500000
4 47 0.500000
4 53 0.500000
4 55 0.500000
4 68 0.500000
4 69 0.500000
4 71 0.500000
4 72 0.500000
4 74 0.500000
4 77 0.500000
4 78 0.500000
4 80 0.500000
4 83 0.500000
4 91 0.500000
4 94 0.500000
4 97 0.500000
4 98 0.500000
4 101 0.500000
4 102 0.500000
4 105 0.500000
4 108 0.500000
4 110 0.500000
4 115 0.500000
4 119 0.500000
4 120 0.500000
4 121 0.500000
4 122 0.500000
4 123 0.500000
4 126 0.500000
4 127 0.500000
4 128 0.500000
4 133 0.500000
4 139 0.500000
5 9 0.500000
5 11 0.500000
5 21 0.500000
5 25 0.500000
5 30 0.500000
5 32 0.500000
5 33 0.500000
5 39 0.500000
5 45 0.500000
5 46 0.500000
5 47 0.500000
5 48 0.500000
5 50 0.500000
5 54 0.500000
5 65 0.500000
5 66 0.500000
5 78 0.500000
5 80 0.500000
5 81 0.500000
5 88 0.500000
5 89 0.500000
5 90 0.500000
5 91 0.500000
5 100 0.500000
5 101 0.500000
5 104 0.500000
5 105 0.500000
5 110 0.500000
5 120 0.500000
5 123 0.500000
5 128 0.500000
5 132 0.500000
5 135 0.500000
5 140 0.500000
6 9 0.500000
6 10 0.500000
6 14 0.500000
6 22 0.500000
6 26 0.500000
6 27 0.500000
6 28 0.500000
6 30 0.500000
6 33 0.500000
6 36 0.500000
6 39 0.500000
6 41 0.500000
6 42 0.500000
6 43 0.500000
6 47 0.500000
6 53 0.500000
6 63 0.500000
6 66 0.500000
6 70 0.500000
6 73 0.500000
6 76 0.500000
6 78 0.500000
6 81 0.500000
6 94 0.500000
6 97 0.500000
6 117 0.500000
6 121 0.500000
6 124 0.500000
6 137 0.500000
7 11 0.500000
7 12 0.500000
7 13 0.500000
7 17 0.500000
7 18 0.500000
7 20 0.500000
7 31 0.500000
7 40 0.500000
7 41 0.500000
7 56 0.500000
7 57 0.500000
7 61 0.500000
7 71 0.500000
7 72 0.500000
7 76 0.500000
7 80 0.500000
7 81 0.500000
7 84 0.500000
7 92 0.500000
7 100 0.500000
7 106 0.500000
7 109 0.500000
7 115 0.500000
7 119 0.500000
7 123 0.500000
7 129 0.500000
7 134 0.500000
7 139 0.500000
8 9 0.500000
8 10 0.500000
8 38 0.500000
8 39 0.500000
8 43 0.500000
8 54 0.500000
8 56 0.500000
8 63 0.500000
8 67 0.500000
8 70 0.500000
8 72 0.500000
8 80 0.500000
8 83 0.500000
8 95 0.500000
8 96 0.500000
8 98 0.500000
8 99 0.500000
8 100 0.500000
8 102 0.500000
8 108 0.500000
8 109 0.500000
8 111 0.500000
8 112 0.500000
8 116 0.500000
8 118 0.500000
8 122 0.500000
8 123 0.500000
8 125 0.500000
8 129 0.500000
8 132 0.500000
8 133 0.500000
8 136 0.500000
8 137 0.500000
8 138 0.500000
9 12 0.500000
9 16 0.500000
9 22 0.500000
9 29 0.500000
9 31 0.500000
9 34 0.500000
9 39 0.500000
9 40 0.500000
9 42 0.500000
9 43 0.500000
9 51 0.500000
9 58 0.500000
9 61 0.500000
9 62 0.500000
9 64 0.500000
9 66 0.500000
9 68 0.500000
9 73 0.500000
9 82 0.500000
9 85 0.500000
9 86 0.500000
9 89 0.500000
9 91 0.500000
9 93 0.500000
9 98 0.500000
9 100 0.500000
9 107 0.500000
9 113 0.500000
9 114 0.500000
9 115 0.500000
9 116 0.500000
9 121 0.500000
9 132 0.500000
9 133 0.500000
9 139 0.500000
10 19 0.500000
10 22 0.500000
10 26 0.500000
10 30 0.500000
10 35 0.500000
10 36 0.500000
10 39 0.500000
10 43 0.500000
10 44 0.500000
10 49 0.500000
10 55 0.500000
10 58 0.500000
10 70 0.500000
10 72 0.500000
10 74 0.500000
10 78 0.500000
10 85 0.500000
10 89 0.500000
10 93 0.500000
10 94 0.500000
10 99 0.500000
10 100 0.500000
10 107 0.500000
10 108 0.500000
10 114 0.500000
10 121 0.500000
10 123 0.500000
10 128 0.500000
10 130 0.500000
10 131 0.500000
10 132 0.500000
10 137 0.500000
10 140 0.500000
11 13 0.500000
11 14 0.500000
11 19 0.500000
11 28 0.500000
11 29 0.500000
11 30 0.500000
11 35 0.500000
11 39 0.500000
11 41 0.500000
11 44 0.500000
11 46 0.500000
11 48 0.500000
11 50 0.500000
11 52 0.500000
11 53 0.500000
11 66 0.500000
11 67 0.500000
11 69 0.500000
11 75 0.500000
11 80 0.500000
11 83 0.500000
11 87 0.500000
11 89 0.500000
11 90 0.500000
11 91 0.500000
11 95 0.500000
11 98 0.500000
11 99 0.500000
11 100 0.500000
11 101 0.500000
11 104 0.500000
11 107 0.500000
11 109 0.500000
11 114 0.500000
11 119 0.500000
11 135 0.500000
12 15 0.500000
12 30 0.500000
12 31 0.500000
12 33 0.500000
12 34 0.500000
12 41 0.500000
12 51 0.500000
12 58 0.500000
12 67 0.500000
12 69 0.500000
12 72 0.500000
12 73 0.500000
12 77 0.500000
12 79 0.500000
12 82 0.500000
12 84 0.500000
12 85 0.500000
12 91 0.500000
12 98 0.500000
12 99 0.500000
12 103 0.500000
12 106 0.500000
12 109 0.500000
12 110 0.500000
12 113 0.500000
12 119 0.500000
13 19 0.500000
13 25 0.500000
13 31 0.500000
13 35 0.500000
13 36 0.500000
13 44 0.500000
13 45 0.500000
13 46 0.500000
13 56 0.500000
13 57 0.500000
13 58 0.500000
13 60 0.500000
13 61 0.500000
13 67 0.500000
13 70 0.500000
13 75 0.500000
13 79 0.500000
13 91 0.500000
13 94 0.500000
13 96 0.500000
13 97 0.500000
13 111 0.500000
13 112 0.500000
13 125 0.500000
13 129 0.500000
13 131 0.500000
14 15 0.500000
14 22 0.500000
14 23 0.500000
14 24 0.500000
14 30 0.500000
14 43 0.500000
14 45 0.500000
14 46 0.500000
14 63 0.500000
14 71 0.500000
14 73 0.500000
14 77 0.500000
14 78 0.500000
14 82 0.500000
14 92 0.500000
14 100 0.500000
14 105 0.500000
14 110 0.500000
14 111 0.500000
14 114 0.500000
14 115 0.500000
14 119 0.500000
14 122 0.500000
14 124 0.500000
14 133 0.500000
14 138 0.500000
15 23 0.500000
15 28 0.500000
15 39 0.500000
15 41 0.500000
15 42 0.500000
15 43 0.500000
15 47 0.500000
15 52 0.500000
15 75 0.500000
15 85 0.500000
15 90 0.500000
15 93 0.500000
15 99 0.500000
15 100 0.500000
15 103 0.500000
15 114 0.500000
15 116 0.500000
15 122 0.500000
15 127 0.500000
15 128 0.500000
15 130 0.500000
15 136 0.500000
15 140 0.500000
16 23 0.500000
16 24 0.500000
16 29 0.500000
16 30 0.500000
16 32 0.500000
16 34 0.500000
16 35 0.500000
16 37 0.500000
16 54 0.500000
16 56 0.500000
16 63 0.500000
16 74 0.500000
16 75 0.500000
16 81 0.500000
16 85 0.500000
16 92 0.500000
16 100 0.500000
16 101 0.500000
16 102 0.500000
16 103 0.500000
16 107 0.500000
16 115 0.500000
16 117 0.500000
16 126 0.500000
16 127 0.500000
16 132 0.500000
16 139 0.500000
17 18 0.500000
17 21 0.500000
17 27 0.500000
17 33 0.500000
17 34 0.500000
17 38 0.500000
17 40 0.500000
17 41 0.500000
17 42 0.500000
17 52 0.500000
17 60 0.500000
17 66 0.500000
17 71 0.500000
17 74 0.500000
17 81 0.500000
17 82 0.500000
17 84 0.500000
17 88 0.500000
17 90 0.500000
17 115 0.500000
17 119 0.500000
17 120 0.500000
17 122 0.500000
17 123 0.500000
17 125 0.500000
17 127 0.500000
17 136 0.500000
17 137 0.500000
18 20 0.500000
18 21 0.500000
18 24 0.500000
18 25 0.500000
18 28 0.500000
18 40 0.500000
18 48 0.500000
18 50 0.500000
18 52 0.500000
18 60 0.500000
18 65 0.500000
18 67 0.500000
18 68 0.500000
18 70 0.500000
18 78 0.500000
18 80 0.500000
18 81 0.500000
18 84 0.500000
18 87 0.500000
18 90 0.500000
18 91 0.500000
18 97 0.500000
18 98 0.500000
18 109 0.500000
18 120 0.500000
18 122 0.500000
18 124 0.500000
18 125 0.500000
18 128 0.500000
19 27 0.500000
19 29 0.500000
19 36 0.500000
19 51 0.500000
19 53 0.500000
19 56 0.500000
19 59 0.500000
19 66 0.500000
19 69 0.500000
19 70 0.500000
19 78 0.500000
19 87 0.500000
19 92 0.500000
19 93 0.500000
19 94 0.500000
19 96 0.500000
19 97 0.500000
19 102 0.500000
19 110 0.500000
19 118 0.500000
19 129 0.500000
19 130 0.500000
19 137 0.500000
20 22 0.500000
20 26 0.500000
20 39 0.500000
20 40 0.500000
20 46 0.500000
20 47 0.500000
20 48 0.500000
20 53 0.500000
20 61 0.500000
20 63 0.500000
20 65 0.500000
20 66 0.500000
20 72 0.500000
20 73 0.500000
20 81 0.500000
20 83 0.500000
20 84 0.500000
20 93 0.500000
20 96 0.500000
20 97 0.500000
20 101 0.500000
20 104 0.500000
20 106 0.500000
20 110 0.500000
20 114 0.500000
20 115 0.500000
20 116 0.500000
20 117 0.500000
20 118 0.500000
20 125 0.500000
20 131 0.500000
20 133 0.500000
20 134 0.500000
20 138 0.500000
20 140 0.500000
21 23 0.500000
21 24 0.500000
21 25 0.500000
21 27 0.500000
21 30 0.500000
21 32 0.500000
21 33 0.500000
21 41 0.500000
21 43 0.500000
21 44 0.500000
21 46 0.500000
21 47 0.500000
21 49 0.500000
21 51 0.500000
21 54 0.500000
21 61 0.500000
21 64 0.500000
21 67 0.500000
21 71 0.500000
21 78 0.500000
21 90 0.500000
21 92 0.500000
21 97 0.500000
21 98 0.500000
21 100 0.500000
21 102 0.500000
21 109 0.500000
21 110 0.500000
21 112 0.500000
21 115 0.500000
21 137 0.500000
22 23 0.500000
22 24 0.500000
22 25 0.500000
22 26 0.500000
22 27 0.500000
22 31 0.500000
22 34 0.500000
22 38 0.500000
22 43 0.500000
22 44 0.500000
22 50 0.500000
22 54 0.500000
22 60 0.500000
22 61 0.500000
22 66 0.500000
22 74 0.500000
22 75 0.500000
22 84 0.500000
22 86 0.500000
22 88 0.500000
22 93 0.500000
22 99 0.500000
22 102 0.500000
22 103 0.500000
22 110 0.500000
22 114 0.500000
22 115 0.500000
22 127 0.500000
22 135 0.500000
22 138 0.500000
22 140 0.500000
23 24 0.500000
23 38 0.500000
23 42 0.500000
23 46 0.500000
23 50 0.500000
23 54 0.500000
23 59 0.500000
23 61 0.500000
23 63 0.500000
23 65 0.500000
23 81 0.500000
23 84 0.500000
23 87 0.500000
23 88 0.500000
23 94 0.500000
23 95 0.500000
23 96 0.500000
23 97 0.500000
23 103 0.500000
23 104 0.500000
23 114 0.500000
23 115 0.500000
23 120 0.500000
23 127 0.500000
24 25 0.500000
24 27 0.500000
24 28 0.500000
24 37 0.500000
24 44 0.500000
24 46 0.500000
24 48 0.500000
24 51 0.500000
24 53 0.500000
24 55 0.500000
24 56 0.500000
24 59 0.500000
24 60 0.500000
24 62 0.500000
24 67 0.500000
24 68 0.500000
24 74 0.500000
24 75 0.500000
24 76 0.500000
24 89 0.500000
24 99 0.500000
24 106 0.500000
24 109 0.500000
24 111 0.500000
24 117 0.500000
24 119 0.500000
24 120 0.500000
24 125 0.500000
24 126 0.500000
24 130 0.500000
24 131 0.500000
24 132 0.500000
24 136 0.500000
24 137 0.500000
24 138 0.500000
25 29 0.500000
25 32 0.500000
25 39 0.500000
25 50 0.500000
25 56 0.500000
25 57 0.500000
25 66 0.500000
25 69 0.500000
25 70 0.500000
25 79 0.500000
25 82 0.500000
25 85 0.500000
25 95 0.500000
25 96 0.500000
25 98 0.500000
25 118 0.500000
25 123 0.500000
25 128 0.500000
25 137 0.500000
25 138 0.500000
26 27 0.500000
26 29 0.500000
26 31 0.500000
26 33 0.500000
26 34 0.500000
26 35 0.500000
26 47 0.500000
26 48 0.500000
26 49 0.500000
26 50 0.500000
26 57 0.500000
26 58 0.500000
26 59 0.500000
26 64 0.500000
26 69 0.500000
26 77 0.500000
26 102 0.500000
26 104 0.500000
26 105 0.500000
26 113 0.500000
26 119 0.500000
26 121 0.500000
26 122 0.500000
26 130 0.500000
26 137 0.500000
26 138 0.500000
26 139 0.500000
27 33 0.500000
27 34 0.500000
27 36 0.500000
27 39 0.500000
27 42 0.500000
27 43 0.500000
27 49 0.500000
27 51 0.500000
27 54 0.500000
27 55 0.500000
27 58 0.500000
27 69 0.500000
27 71 0.500000
27 74 0.500000
27 82 0.500000
27 83 0.500000
27 85 0.500000
27 87 0.500000
27 94 0.500000
27 95 0.500000
27 102 0.500000
27 105 0.500000
27 116 0.500000
27 117 0.500000
27 118 0.500000
27 119 0.500000
27 120 0.500000
27 128 0.500000
27 129 0.500000
27 132 0.500000
27 135 0.500000
27 138 0.500000
28 30 0.500000
28 32 0.500000
28 36 0.500000
28 39 0.500000
28 44 0.500000
28 46 0.500000
28 50 0.500000
28 51 0.500000
28 54 0.500000
28 55 0.500000
28 56 0.500000
28 64 0.500000
28 65 0.500000
28 75 0.500000
28 79 0.500000
28 81 0.500000
28 82 0.500000
28 84 0.500000
28 86 0.500000
28 91 0.500000
28 94 0.500000
28 105 0.500000
28 110 0.500000
28 113 0.500000
28 118 0.500000
28 119 0.500000
28 120 0.500000
28 123 0.500000
28 125 0.500000
28 127 0.500000
28 134 0.500000
28 135 0.500000
28 137 0.500000
29 33 0.500000
29 38 0.500000
29 42 0.500000
29 43 0.500000
29 51 0.500000
29 54 0.500000
29 55 0.500000
29 58 0.500000
29 62 0.500000
29 78 0.500000
29 85 0.500000
29 87 0.500000
29 99 0.500000
29 103 0.500000
29 109 0.500000
29 111 0.500000
29 113 0.500000
29 117 0.500000
29 118 0.500000
29 119 0.500000
29 122 0.500000
29 127 0.500000
29 131 0.500000
29 138 0.500000
29 139 0.500000
29 140 0.500000
30 33 0.500000
30 41 0.500000
30 42 0.500000
30 43 0.500000
30 54 0.500000
30 58 0.500000
30 59 0.500000
30 61 0.500000
30 66 0.500000
30 71 0.500000
30 80 0.500000
30 83 0.500000
30 89 0.500000
30 91 0.500000
30 93 0.500000
30 98 0.500000
30 106 0.500000
30 122 0.500000
30 125 0.500000
30 126 0.500000
30 129 0.500000
30 135 0.500000
30 137 0.500000
30 138 0.500000
30 139 0.500000
31 32 0.500000
31 35 0.500000
31 44 0.500000
31 45 0.500000
31 46 0.500000
31 52 0.500000
31 57 0.500000
31 59 0.500000
31 62 0.500000
31 64 0.500000
31 71 0.500000
31 72 0.500000
31 77 0.500000
31 87 0.500000
31 89 0.500000
31 91 0.500000
31 101 0.500000
31 104 0.500000
31 105 0.500000
31 112 0.500000
31 122 0.500000
31 125 0.500000
31 130 0.500000
31 134 0.500000
31 137 0.500000
32 33 0.500000
32 36 0.500000
32 38 0.500000
32 46 0.500000
32 52 0.500000
32 53 0.500000
32 55 0.500000
32 56 0.500000
32 57 0.500000
32 60 0.500000
32 63 0.500000
32 64 0.500000
32 66 0.500000
32 69 0.500000
32 72 0.500000
32 75 0.500000
32 77 0.500000
32 78 0.500000
32 80 0.500000
32 81 0.500000
32 90 0.500000
32 93 0.500000
32 101 0.500000
32 106 0.500000
32 121 0.500000
32 132 0.500000
32 133 0.500000
32 134 0.500000
32 139 0.500000
33 41 0.500000
33 43 0.500000
33 46 0.500000
33 48 0.500000
33 52 0.500000
33 55 0.500000
33 59 0.500000
33 65 0.500000
33 87 0.500000
33 92 0.500000
33 94 0.500000
33 95 0.500000
33 101 0.500000
33 110 0.500000
33 114 0.500000
33 115 0.500000
33 123 0.500000
33 126 0.500000
33 132 0.500000
33 136 0.500000
33 139 0.500000
34 35 0.500000
34 36 0.500000
34 38 0.500000
34 41 0.500000
34 42 0.500000
34 47 0.500000
34 49 0.500000
34 51 0.500000
34 52 0.500000
34 55 0.500000
34 56 0.500000
34 60 0.500000
34 66 0.500000
34 73 0.500000
34 75 0.500000
34 77 0.500000
34 78 0.500000
34 81 0.500000
34 83 0.500000
34 84 0.500000
34 92 0.500000
34 96 0.500000
34 99 0.500000
34 105 0.500000
34 107 0.500000
34 116 0.500000
34 118 0.500000
34 121 0.500000
34 124 0.500000
34 126 0.500000
34 127 0.500000
34 128 0.500000
34 133 0.500000
34 136 0.500000
34 137 0.500000
34 139 0.500000
35 37 0.500000
35 45 0.500000
35 46 0.500000
35 49 0.500000
35 55 0.500000
35 59 0.500000
35 62 0.500000
35 63 0.500000
35 64 0.500000
35 65 0.500000
35 68 0.500000
35 71 0.500000
35 75 0.500000
35 77 0.500000
35 95 0.500000
35 96 0.500000
35 101 0.500000
35 102 0.500000
35 103 0.500000
35 104 0.500000
35 107 0.500000
35 114 0.500000
35 117 0.500000
35 122 0.500000
35 125 0.500000
35 129 0.500000
35 134 0.500000
36 40 0.500000
36 42 0.500000
36 44 0.500000
36 48 0.500000
36 50 0.500000
36 52 0.500000
36 54 0.500000
36 58 0.500000
36 65 0.500000
36 68 0.500000
36 76 0.500000
36 78 0.500000
36 92 0.500000
36 100 0.500000
36 101 0.500000
36 109 0.500000
36 112 0.500000
36 113 0.500000
36 116 0.500000
36 118 0.500000
36 122 0.500000
36 123 0.500000
36 126 0.500000
36 130 0.500000
36 131 0.500000
36 137 0.500000
36 139 0.500000
37 38 0.500000
37 40 0.500000
37 42 0.500000
37 45 0.500000
37 50 0.500000
37 57 0.500000
37 60 0.500000
37 61 0.500000
37 62 0.500000
37 67 0.500000
37 68 0.500000
37 69 0.500000
37 73 0.500000
37 77 0.500000
37 81 0.500000
37 84 0.500000
37 85 0.500000
37 86 0.500000
37 89 0.500000
37 90 0.500000
37 95 0.500000
37 97 0.500000
37 105 0.500000
37 109 0.500000
37 122 0.500000
37 129 0.500000
38 45 0.500000
38 46 0.500000
38 52 0.500000
38 53 0.500000
38 54 0.500000
38 58 0.500000
38 68 0.500000
38 69 0.500000
38 75 0.500000
38 81 0.500000
38 83 0.500000
38 84 0.500000
38 85 0.500000
38 86 0.500000
38 91 0.500000
38 93 0.500000
38 96 0.500000
38 97 0.500000
38 99 0.500000
38 101 0.500000
38 102 0.500000
38 111 0.500000
38 115 0.500000
38 121 0.500000
38 124 0.500000
38 131 0.500000
38 133 0.500000
38 134 0.500000
39 46 0.500000
39 50 0.500000
39 52 0.500000
39 56 0.500000
39 62 0.500000
39 65 0.500000
39 73 0.500000
39 75 0.500000
39 83 0.500000
39 91 0.500000
39 94 0.500000
39 101 0.500000
39 102 0.500000
39 104 0.500000
39 105 0.500000
39 106 0.500000
39 108 0.500000
39 109 0.500000
39 111 0.500000
39 113 0.500000
39 117 0.500000
39 118 0.500000
39 119 0.500000
39 121 0.500000
39 122 0.500000
39 133 0.500000
39 139 0.500000
40 42 0.500000
40 44 0.500000
40 45 0.500000
40 54 0.500000
40 59 0.500000
40 61 0.500000
40 64 0.500000
40 67 0.500000
40 80 0.500000
40 81 0.500000
40 82 0.500000
40 83 0.500000
40 92 0.500000
40 95 0.500000
40 101 0.500000
40 105 0.500000
40 109 0.500000
40 113 0.500000
40 115 0.500000
40 116 0.500000
40 122 0.500000
40 123 0.500000
40 127 0.500000
40 128 0.500000
40 132 0.500000
40 133 0.500000
40 135 0.500000
40 139 0.500000
41 42 0.500000
41 44 0.500000
41 46 0.500000
41 50 0.500000
41 51 0.500000
41 59 0.500000
41 63 0.500000
41 64 0.500000
41 69 0.500000
41 70 0.500000
41 73 0.500000
41 75 0.500000
41 77 0.500000
41 78 0.500000
41 82 0.500000
41 87 0.500000
41 88 0.500000
41 97 0.500000
41 102 0.500000
41 107 0.500000
41 111 0.500000
41 112 0.500000
41 120 0.500000
41 122 0.500000
41 123 0.500000
41 125 0.500000
41 127 0.500000
41 128 0.500000
41 129 0.500000
41 131 0.500000
41 132 0.500000
41 140 0.500000
42 45 0.500000
42 48 0.500000
42 51 0.500000
42 53 0.500000
42 54 0.500000
42 55 0.500000
42 58 0.500000
42 63 0.500000
42 64 0.500000
42 67 0.500000
42 69 0.500000
42 76 0.500000
42 82 0.500000
42 83 0.500000
42 86 0.500000
42 87 0.500000
42 89 0.500000
42 91 0.500000
42 92 0.500000
42 94 0.500000
42 100 0.500000
42 102 0.500000
42 105 0.500000
42 106 0.500000
42 109 0.500000
42 110 0.500000
42 117 0.500000
42 131 0.500000
42 138 0.500000
43 48 0.500000
43 49 0.500000
43 56 0.500000
43 59 0.500000
43 61 0.500000
43 70 0.500000
43 74 0.500000
43 77 0.500000
43 82 0.500000
43 83 0.500000
43 85 0.500000
43 89 0.500000
43 94 0.500000
43 104 0.500000
43 116 0.500000
43 120 0.500000
43 122 0.500000
43 123 0.500000
43 130 0.500000
43 132 0.500000
43 134 0.500000
43 139 0.500000
43 140 0.500000
44 46 0.500000
44 47 0.500000
44 64 0.500000
44 68 0.500000
44 76 0.500000
44 77 0.500000
44 79 0.500000
44 82 0.500000
44 86 0.500000
44 90 0.500000
44 91 0.500000
44 92 0.500000
44 96 0.500000
44 101 0.500000
44 103 0.500000
44 106 0.500000
44 107 0.500000
44 111 0.500000
44 114 0.500000
44 116 0.500000
44 120 0.500000
44 124 0.500000
44 125 0.500000
44 130 0.500000
44 132 0.500000
44 137 0.500000
44 138 0.500000
44 140 0.500000
45 49 0.500000
45 55 0.500000
45 60 0.500000
45 63 0.500000
45 85 0.500000
45 96 0.500000
45 105 0.500000
45 115 0.500000
45 116 0.500000
45 123 0.500000
45 126 0.500000
45 138 0.500000
45 139 0.500000
46 50 0.500000
46 57 0.500000
46 63 0.500000
46 67 0.500000
46 69 0.500000
46 74 0.500000
46 81 0.500000
46 85 0.500000
46 86 0.500000
46 87 0.500000
46 89 0.500000
46 104 0.500000
46 109 0.500000
46 112 0.500000
46 114 0.500000
46 118 0.500000
46 121 0.500000
46 125 0.500000
46 126 0.500000
46 131 0.500000
46 136 0.500000
46 138 0.500000
46 139 0.500000
47 48 0.500000
47 57 0.500000
47 64 0.500000
47 65 0.500000
47 66 0.500000
47 67 0.500000
47 69 0.500000
47 70 0.500000
47 74 0.500000
47 77 0.500000
47 78 0.500000
47 80 0.500000
47 82 0.500000
47 84 0.500000
47 85 0.500000
47 87 0.500000
47 95 0.500000
47 97 0.500000
47 103 0.500000
47 113 0.500000
47 114 0.500000
47 117 0.500000
47 122 0.500000
47 128 0.500000
47 131 0.500000
47 139 0.500000
48 49 0.500000
48 52 0.500000
48 62 0.500000
48 64 0.500000
48 67 0.500000
48 68 0.500000
48 72 0.500000
48 74 0.500000
48 76 0.500000
48 81 0.500000
48 83 0.500000
48 84 0.500000
48 86 0.500000
48 104 0.500000
48 105 0.500000
48 109 0.500000
48 115 0.500000
48 125 0.500000
48 130 0.500000
48 136 0.500000
49 54 0.500000
49 66 0.500000
49 77 0.500000
49 78 0.500000
49 87 0.500000
49 94 0.500000
49 108 0.500000
49 109 0.500000
49 121 0.500000
49 122 0.500000
49 130 0.500000
49 136 0.500000
49 139 0.500000
49 140 0.500000
50 53 0.500000
50 65 0.500000
50 71 0.500000
50 72 0.500000
50 78 0.500000
50 80 0.500000
50 81 0.500000
50 82 0.500000
50 87 0.500000
50 91 0.500000
50 93 0.500000
50 94 0.500000
50 97 0.500000
50 101 0.500000
50 106 0.500000
50 110 0.500000
50 114 0.500000
50 117 0.500000
50 121 0.500000
50 122 0.500000
50 129 0.500000
51 53 0.500000
51 55 0.500000
51 64 0.500000
51 65 0.500000
51 69 0.500000
51 70 0.500000
51 74 0.500000
51 80 0.500000
51 84 0.500000
51 85 0.500000
51 86 0.500000
51 93 0.500000
51 110 0.500000
51 113 0.500000
51 116 0.500000
51 118 0.500000
51 119 0.500000
51 124 0.500000
51 125 0.500000
51 131 0.500000
51 137 0.500000
51 140 0.500000
52 55 0.500000
52 56 0.500000
52 64 0.500000
52 68 0.500000
52 69 0.500000
52 71 0.500000
52 72 0.500000
52 82 0.500000
52 85 0.500000
52 89 0.500000
52 95 0.500000
52 100 0.500000
52 105 0.500000
52 108 0.500000
52 113 0.500000
52 115 0.500000
52 117 0.500000
52 118 0.500000
52 119 0.500000
52 122 0.500000
52 126 0.500000
52 128 0.500000
52 132 0.500000
52 134 0.500000
52 139 0.500000
53 57 0.500000
53 65 0.500000
53 66 0.500000
53 70 0.500000
53 74 0.500000
53 78 0.500000
53 79 0.500000
53 82 0.500000
53 84 0.500000
53 85 0.500000
53 87 0.500000
53 89 0.500000
53 92 0.500000
53 96 0.500000
53 100 0.500000
53 108 0.500000
53 109 0.500000
53 111 0.500000
53 116 0.500000
53 117 0.500000
53 121 0.500000
53 123 0.500000
53 124 0.500000
53 125 0.500000
53 129 0.500000
53 131 0.500000
53 133 0.500000
53 137 0.500000
54 56 0.500000
54 57 0.500000
54 59 0.500000
54 60 0.500000
54 61 0.500000
54 67 0.500000
54 70 0.500000
54 71 0.500000
54 80 0.500000
54 86 0.500000
54 89 0.500000
54 100 0.500000
54 110 0.500000
54 111 0.500000
54 112 0.500000
54 122 0.500000
54 126 0.500000
54 129 0.500000
54 136 0.500000
54 137 0.500000
55 58 0.500000
55 60 0.500000
55 65 0.500000
55 73 0.500000
55 76 0.500000
55 94 0.500000
55 101 0.500000
55 103 0.500000
55 117 0.500000
55 118 0.500000
55 119 0.500000
55 123 0.500000
55 127 0.500000
55 130 0.500000
55 133 0.500000
56 57 0.500000
56 64 0.500000
56 65 0.500000
56 66 0.500000
56 68 0.500000
56 74 0.500000
56 76 0.500000
56 77 0.500000
56 78 0.500000
56 80 0.500000
56 84 0.500000
56 87 0.500000
56 94 0.500000
56 97 0.500000
56 108 0.500000
56 109 0.500000
56 114 0.500000
56 134 0.500000
57 62 0.500000
57 63 0.500000
57 66 0.500000
57 109 0.500000
57 115 0.500000
57 116 0.500000
57 117 0.500000
57 120 0.500000
57 122 0.500000
57 126 0.500000
57 130 0.500000
57 137 0.500000
57 138 0.500000
57 139 0.500000
57 140 0.500000
58 59 0.500000
58 67 0.500000
58 80 0.500000
58 84 0.500000
58 87 0.500000
58 95 0.500000
58 97 0.500000
58 99 0.500000
58 101 0.500000
58 115 0.500000
58 131 0.500000
58 132 0.500000
58 133 0.500000
58 139 0.500000
59 60 0.500000
59 63 0.500000
59 73 0.500000
59 81 0.500000
59 87 0.500000
59 95 0.500000
59 97 0.500000
59 107 0.500000
59 111 0.500000
59 112 0.500000
59 129 0.500000
59 134 0.500000
59 136 0.500000
59 139 0.500000
60 69 0.500000
60 77 0.500000
60 79 0.500000
60 81 0.500000
60 82 0.500000
60 92 0.500000
60 94 0.500000
60 107 0.500000
60 108 0.500000
60 112 0.500000
60 122 0.500000
60 124 0.500000
60 126 0.500000
60 129 0.500000
60 133 0.500000
60 138 0.500000
60 140 0.500000
61 65 0.500000
61 68 0.500000
61 69 0.500000
61 72 0.500000
61 76 0.500000
61 78 0.500000
61 79 0.500000
61 96 0.500000
61 101 0.500000
61 104 0.500000
61 105 0.500000
61 107 0.500000
61 108 0.500000
61 111 0.500000
61 112 0.500000
61 113 0.500000
61 115 0.500000
61 121 0.500000
61 122 0.500000
61 124 0.500000
61 129 0.500000
61 134 0.500000
61 135 0.500000
61 138 0.500000
62 66 0.500000
62 67 0.500000
62 70 0.500000
62 77 0.500000
62 81 0.500000
62 95 0.500000
62 96 0.500000
62 101 0.500000
62 102 0.500000
62 106 0.500000
62 107 0.500000
62 109 0.500000
62 111 0.500000
62 125 0.500000
62 134 0.500000
62 135 0.500000
62 138 0.500000
63 65 0.500000
63 66 0.500000
63 67 0.500000
63 69 0.500000
63 74 0.500000
63 82 0.500000
63 86 0.500000
63 87 0.500000
63 90 0.500000
63 92 0.500000
63 94 0.500000
63 98 0.500000
63 100 0.500000
63 110 0.500000
63 115 0.500000
63 119 0.500000
63 128 0.500000
63 133 0.500000
63 135 0.500000
63 136 0.500000
63 138 0.500000
63 140 0.500000
64 70 0.500000
64 76 0.500000
64 83 0.500000
64 85 0.500000
64 88 0.500000
64 90 0.500000
64 95 0.500000
64 100 0.500000
64 103 0.500000
64 106 0.500000
64 115 0.500000
64 116 0.500000
64 120 0.500000
64 126 0.500000
64 127 0.500000
64 131 0.500000
64 133 0.500000
64 136 0.500000
65 66 0.500000
65 69 0.500000
65 71 0.500000
65 72 0.500000
65 80 0.500000
65 83 0.500000
65 86 0.500000
65 92 0.500000
65 93 0.500000
65 96 0.500000
65 98 0.500000
65 108 0.500000
65 110 0.500000
65 112 0.500000
65 114 0.500000
65 120 0.500000
65 122 0.500000
65 128 0.500000
65 129 0.500000
65 130 0.500000
65 131 0.500000
65 133 0.500000
65 136 0.500000
66 69 0.500000
66 70 0.500000
66 78 0.500000
66 79 0.500000
66 80 0.500000
66 82 0.500000
66 85 0.500000
66 91 0.500000
66 93 0.500000
66 94 0.500000
66 103 0.500000
66 104 0.500000
66 109 0.500000
66 112 0.500000
66 121 0.500000
66 123 0.500000
66 126 0.500000
66 127 0.500000
66 130 0.500000
66 135 0.500000
67 69 0.500000
67 71 0.500000
67 76 0.500000
67 90 0.500000
67 94 0.500000
67 95 0.500000
67 97 0.500000
67 98 0.500000
67 101 0.500000
67 109 0.500000
67 113 0.500000
67 116 0.500000
67 117 0.500000
67 119 0.500000
67 125 0.500000
68 70 0.500000
68 72 0.500000
68 77 0.500000
68 80 0.500000
68 82 0.500000
68 85 0.500000
68 89 0.500000
68 90 0.500000
68 94 0.500000
68 99 0.500000
68 103 0.500000
68 105 0.500000
68 107 0.500000
68 108 0.500000
68 110 0.500000
68 112 0.500000
68 124 0.500000
68 125 0.500000
68 134 0.500000
68 136 0.500000
69 70 0.500000
69 75 0.500000
69 76 0.500000
69 77 0.500000
69 88 0.500000
69 92 0.500000
69 98 0.500000
69 103 0.500000
69 114 0.500000
69 116 0.500000
69 117 0.500000
69 118 0.500000
69 124 0.500000
69 125 0.500000
69 137 0.500000
70 74 0.500000
70 77 0.500000
70 78 0.500000
70 80 0.500000
70 83 0.500000
70 84 0.500000
70 86 0.500000
70 95 0.500000
70 99 0.500000
70 104 0.500000
70 106 0.500000
70 108 0.500000
70 109 0.500000
70 110 0.500000
70 115 0.500000
70 116 0.500000
70 119 0.500000
70 127 0.500000
70 128 0.500000
70 132 0.500000
70 135 0.500000
70 136 0.500000
70 139 0.500000
71 72 0.500000
71 75 0.500000
71 78 0.500000
71 82 0.500000
71 83 0.500000
71 87 0.500000
71 91 0.500000
71 96 0.500000
71 97 0.500000
71 98 0.500000
71 101 0.500000
71 105 0.500000
71 106 0.500000
71 109 0.500000
71 112 0.500000
71 124 0.500000
71 126 0.500000
71 127 0.500000
71 140 0.500000
72 76 0.500000
72 79 0.500000
72 82 0.500000
72 84 0.500000
72 85 0.500000
72 86 0.500000
72 87 0.500000
72 92 0.500000
72 99 0.500000
72 110 0.500000
72 111 0.500000
72 115 0.500000
72 118 0.500000
72 121 0.500000
72 122 0.500000
72 124 0.500000
72 126 0.500000
72 127 0.500000
72 131 0.500000
72 133 0.500000
72 139 0.500000
73 77 0.500000
73 82 0.500000
73 87 0.500000
73 93 0.500000
73 95 0.500000
73 96 0.500000
73 98 0.500000
73 109 0.500000
73 110 0.500000
73 112 0.500000
73 113 0.500000
73 117 0.500000
73 122 0.500000
73 132 0.500000
73 137 0.500000
73 139 0.500000
73 140 0.500000
74 77 0.500000
74 79 0.500000
74 87 0.500000
74 91 0.500000
74 96 0.500000
74 102 0.500000
74 103 0.500000
74 104 0.500000
74 105 0.500000
74 106 0.500000
74 108 0.500000
74 110 0.500000
74 111 0.500000
74 114 0.500000
74 118 0.500000
74 120 0.500000
74 123 0.500000
74 137 0.500000
74 139 0.500000
75 77 0.500000
75 91 0.500000
75 99 0.500000
75 103 0.500000
75 108 0.500000
75 114 0.500000
75 117 0.500000
75 118 0.500000
75 119 0.500000
75 120 0.500000
75 124 0.500000
75 127 0.500000
75 130 0.500000
75 132 0.500000
75 133 0.500000
75 137 0.500000
76 78 0.500000
76 80 0.500000
76 82 0.500000
76 84 0.500000
76 87 0.500000
76 96 0.500000
76 98 0.500000
76 107 0.500000
76 111 0.500000
76 113 0.500000
76 117 0.500000
76 130 0.500000
76 131 0.500000
76 136 0.500000
76 137 0.500000
76 140 0.500000
77 78 0.500000
77 83 0.500000
77 88 0.500000
77 90 0.500000
77 98 0.500000
77 99 0.500000
77 100 0.500000
77 104 0.500000
77 106 0.500000
77 112 0.500000
77 113 0.500000
77 117 0.500000
77 118 0.500000
77 120 0.500000
77 123 0.500000
77 125 0.500000
77 126 0.500000
77 128 0.500000
77 130 0.500000
77 133 0.500000
77 136 0.500000
78 81 0.500000
78 85 0.500000
78 92 0.500000
78 93 0.500000
78 101 0.500000
78 108 0.500000
78 111 0.500000
78 114 0.500000
78 115 0.500000
78 119 0.500000
78 120 0.500000
78 123 0.500000
78 124 0.500000
78 129 0.500000
78 138 0.500000
79 84 0.500000
79 85 0.500000
79 87 0.500000
79 92 0.500000
79 93 0.500000
79 98 0.500000
79 100 0.500000
79 101 0.500000
79 102 0.500000
79 104 0.500000
79 106 0.500000
79 113 0.500000
79 121 0.500000
79 123 0.500000
79 124 0.500000
79 127 0.500000
79 128 0.500000
79 133 0.500000
79 134 0.500000
80 82 0.500000
80 83 0.500000
80 85 0.500000
80 87 0.500000
80 89 0.500000
80 90 0.500000
80 92 0.500000
80 96 0.500000
80 102 0.500000
80 105 0.500000
80 106 0.500000
80 107 0.500000
80 109 0.500000
80 115 0.500000
80 118 0.500000
80 124 0.500000
80 127 0.500000
80 130 0.500000
80 135 0.500000
81 84 0.500000
81 101 0.500000
81 107 0.500000
81 109 0.500000
81 116 0.500000
81 120 0.500000
81 122 0.500000
81 131 0.500000
81 132 0.500000
81 137 0.500000
81 139 0.500000
82 84 0.500000
82 96 0.500000
82 100 0.500000
82 108 0.500000
82 116 0.500000
82 117 0.500000
82 119 0.500000
82 120 0.500000
82 122 0.500000
82 138 0.500000
82 140 0.500000
83 84 0.500000
83 86 0.500000
83 90 0.500000
83 92 0.500000
83 97 0.500000
83 98 0.500000
83 101 0.500000
83 102 0.500000
83 104 0.500000
83 105 0.500000
83 106 0.500000
83 110 0.500000
83 117 0.500000
83 118 0.500000
83 120 0.500000
83 123 0.500000
83 126 0.500000
83 129 0.500000
83 130 0.500000
83 134 0.500000
83 135 0.500000
84 96 0.500000
84 98 0.500000
84 101 0.500000
84 107 0.500000
84 110 0.500000
84 117 0.500000
84 118 0.500000
84 119 0.500000
84 123 0.500000
84 126 0.500000
84 127 0.500000
84 129 0.500000
84 138 0.500000
85 94 0.500000
85 96 0.500000
85 100 0.500000
85 105 0.500000
85 107 0.500000
85 108 0.500000
85 110 0.500000
85 113 0.500000
85 115 0.500000
85 123 0.500000
85 125 0.500000
85 131 0.500000
85 140 0.500000
86 92 0.500000
86 98 0.500000
86 99 0.500000
86 101 0.500000
86 107 0.500000
86 110 0.500000
86 116 0.500000
86 117 0.500000
86 124 0.500000
86 125 0.500000
86 130 0.500000
86 134 0.500000
87 91 0.500000
87 94 0.500000
87 100 0.500000
87 101 0.500000
87 103 0.500000
87 109 0.500000
87 114 0.500000
87 121 0.500000
87 125 0.500000
87 129 0.500000
87 134 0.500000
87 135 0.500000
87 137 0.500000
87 138 0.500000
87 139 0.500000
88 95 0.500000
88 96 0.500000
88 97 0.500000
88 98 0.500000
88 99 0.500000
88 112 0.500000
88 115 0.500000
88 121 0.500000
88 122 0.500000
88 123 0.500000
88 126 0.500000
88 132 0.500000
89 93 0.500000
89 98 0.500000
89 101 0.500000
89 110 0.500000
89 116 0.500000
89 120 0.500000
89 123 0.500000
89 125 0.500000
89 133 0.500000
89 138 0.500000
90 97 0.500000
90 99 0.500000
90 100 0.500000
90 103 0.500000
90 105 0.500000
90 108 0.500000
90 109 0.500000
90 112 0.500000
90 113 0.500000
90 117 0.500000
90 120 0.500000
90 122 0.500000
90 123 0.500000
90 125 0.500000
90 128 0.500000
90 131 0.500000
90 133 0.500000
91 92 0.500000
91 93 0.500000
91 101 0.500000
91 104 0.500000
91 106 0.500000
91 107 0.500000
91 112 0.500000
91 116 0.500000
91 118 0.500000
91 119 0.500000
91 126 0.500000
91 134 0.500000
91 135 0.500000
91 140 0.500000
92 95 0.500000
92 97 0.500000
92 99 0.500000
92 101 0.500000
92 102 0.500000
92 107 0.500000
92 109 0.500000
92 112 0.500000
92 114 0.500000
92 115 0.500000
92 119 0.500000
92 130 0.500000
92 133 0.500000
92 136 0.500000
92 137 0.500000
92 138 0.500000
92 139 0.500000
93 94 0.500000
93 97 0.500000
93 98 0.500000
93 102 0.500000
93 104 0.500000
93 106 0.500000
93 108 0.500000
93 119 0.500000
93 123 0.500000
93 124 0.500000
93 126 0.500000
93 128 0.500000
93 133 0.500000
93 137 0.500000
93 140 0.500000
94 95 0.500000
94 101 0.500000
94 103 0.500000
94 109 0.500000
94 115 0.500000
94 118 0.500000
94 125 0.500000
94 128 0.500000
94 137 0.500000
94 139 0.500000
95 104 0.500000
95 111 0.500000
95 112 0.500000
95 113 0.500000
95 119 0.500000
95 121 0.500000
95 126 0.500000
96 97 0.500000
96 112 0.500000
96 114 0.500000
96 117 0.500000
96 118 0.500000
96 120 0.500000
96 124 0.500000
96 128 0.500000
96 129 0.500000
96 131 0.500000
97 98 0.500000
97 99 0.500000
97 103 0.500000
97 106 0.500000
97 107 0.500000
97 113 0.500000
97 116 0.500000
97 120 0.500000
97 124 0.500000
97 128 0.500000
97 129 0.500000
97 135 0.500000
97 138 0.500000
98 100 0.500000
98 104 0.500000
98 112 0.500000
98 114 0.500000
98 127 0.500000
98 130 0.500000
98 131 0.500000
98 136 0.500000
98 137 0.500000
98 139 0.500000
98 140 0.500000
99 103 0.500000
99 106 0.500000
99 112 0.500000
99 114 0.500000
99 117 0.500000
99 118 0.500000
99 122 0.500000
99 124 0.500000
99 130 0.500000
99 131 0.500000
99 140 0.500000
100 102 0.500000
100 107 0.500000
100 111 0.500000
100 113 0.500000
100 119 0.500000
100 120 0.500000
100 122 0.500000
100 126 0.500000
100 128 0.500000
100 133 0.500000
100 134 0.500000
100 135 0.500000
101 104 0.500000
101 109 0.500000
101 113 0.500000
101 118 0.500000
101 119 0.500000
101 120 0.500000
101 122 0.500000
101 126 0.500000
101 128 0.500000
101 131 0.500000
102 104 0.500000
102 106 0.500000
102 107 0.500000
102 110 0.500000
102 112 0.500000
102 119 0.500000
102 120 0.500000
102 122 0.500000
102 128 0.500000
102 132 0.500000
102 137 0.500000
102 138 0.500000
102 139 0.500000
103 113 0.500000
103 114 0.500000
103 115 0.500000
103 118 0.500000
103 122 0.500000
103 124 0.500000
103 125 0.500000
103 130 0.500000
103 132 0.500000
103 135 0.500000
103 137 0.500000
104 110 0.500000
104 113 0.500000
104 116 0.500000
104 122 0.500000
104 127 0.500000
104 131 0.500000
104 139 0.500000
105 108 0.500000
105 111 0.500000
105 112 0.500000
105 113 0.500000
105 115 0.500000
105 120 0.500000
105 126 0.500000
105 127 0.500000
105 133 0.500000
105 136 0.500000
106 110 0.500000
106 116 0.500000
106 117 0.500000
106 120 0.500000
106 121 0.500000
106 124 0.500000
106 125 0.500000
106 130 0.500000
106 136 0.500000
107 109 0.500000
107 113 0.500000
107 114 0.500000
107 115 0.500000
107 117 0.500000
107 123 0.500000
107 125 0.500000
107 133 0.500000
107 136 0.500000
107 138 0.500000
107 140 0.500000
108 119 0.500000
108 122 0.500000
108 123 0.500000
108 127 0.500000
108 128 0.500000
108 133 0.500000
108 134 0.500000
108 136 0.500000
108 137 0.500000
109 110 0.500000
109 112 0.500000
109 118 0.500000
109 120 0.500000
109 123 0.500000
109 124 0.500000
109 125 0.500000
109 129 0.500000
109 134 0.500000
109 139 0.500000
110 112 0.500000
110 113 0.500000
110 118 0.500000
110 119 0.500000
110 124 0.500000
110 125 0.500000
110 127 0.500000
110 136 0.500000
110 138 0.500000
111 115 0.500000
111 120 0.500000
111 125 0.500000
111 130 0.500000
111 134 0.500000
111 136 0.500000
112 116 0.500000
112 117 0.500000
112 126 0.500000
112 129 0.500000
112 136 0.500000
112 137 0.500000
112 138 0.500000
112 139 0.500000
112 140 0.500000
113 115 0.500000
113 117 0.500000
113 130 0.500000
113 134 0.500000
113 140 0.500000
114 115 0.500000
114 117 0.500000
114 119 0.500000
114 124 0.500000
114 129 0.500000
114 130 0.500000
114 131 0.500000
114 133 0.500000
114 138 0.500000
114 139 0.500000
115 117 0.500000
115 118 0.500000
115 121 0.500000
115 129 0.500000
115 135 0.500000
115 136 0.500000
115 137 0.500000
115 140 0.500000
116 119 0.500000
116 120 0.500000
116 125 0.500000
116 128 0.500000
116 130 0.500000
116 131 0.500000
116 133 0.500000
116 136 0.500000
117 121 0.500000
117 129 0.500000
117 132 0.500000
118 124 0.500000
118 125 0.500000
118 128 0.500000
118 130 0.500000
118 131 0.500000
118 133 0.500000
118 135 0.500000
118 139 0.500000
119 126 0.500000
119 129 0.500000
119 130 0.500000
120 128 0.500000
120 133 0.500000
121 129 0.500000
121 132 0.500000
121 133 0.500000
121 135 0.500000
121 137 0.500000
121 139 0.500000
121 140 0.500000
122 128 0.500000
122 134 0.500000
122 138 0.500000
123 136 0.500000
123 137 0.500000
123 140 0.500000
124 125 0.500000
124 132 0.500000
124 136 0.500000
125 134 0.500000
125 136 0.500000
125 140 0.500000
126 136 0.500000
127 128 0.500000
127 133 0.500000
127 138 0.500000
128 129 0.500000
128 136 0.500000
128 137 0.500000
129 131 0.500000
129 138 0.500000
130 131 0.500000
130 134 0.500000
131 132 0.500000
131 140 0.500000
132 133 0.500000
132 137 0.500000
132 139 0.500000
133 135 0.500000
133 138 0.500000
133 140 0.500000
134 138 0.500000
134 139 0.500000
134 140 0.500000
135 139 0.500000
135 140 0.500000
138 139 0.500000
