140 105 4865
1 3 0.500000
1 7 0.500000
1 9 0.500000
1 10 0.500000
1 11 0.500000
1 12 0.500000
1 13 0.500000
1 16 0.500000
1 18 0.500000
1 20 0.500000
1 23 0.500000
1 24 0.500000
1 25 0.500000
1 26 0.500000
1 28 0.500000
1 30 0.500000
1 31 0.500000
1 37 0.500000
1 38 0.500000
1 44 0.500000
1 47 0.500000
1 49 0.500000
1 50 0.500000
1 51 0.500000
1 56 0.500000
1 57 0.500000
1 58 0.500000
1 60 0.500000
1 61 0.500000
1 62 0.500000
1 64 0.500000
1 69 0.500000
1 70 0.500000
1 77 0.500000
1 80 0.500000
1 81 0.500000
1 83 0.500000
1 84 0.500000
1 85 0.500000
1 86 0.500000
1 87 0.500000
1 90 0.500000
1 91 0.500000
1 92 0.500000
1 96 0.500000
1 99 0.500000
1 100 0.500000
1 102 0.500000
1 103 0.500000
1 104 0.500000
1 108 0.500000
1 110 0.500000
1 118 0.500000
1 119 0.500000
1 120 0.500000
1 122 0.500000
1 123 0.500000
1 125 0.500000
1 129 0.500000
1 134 0.500000
1 135 0.500000
1 136 0.500000
1 137 0.500000
1 139 0.500000
2 3 0.500000
2 4 0.500000
2 10 0.500000
2 11 0.500000
2 12 0.500000
2 13 0.500000
2 14 0.500000
2 16 0.500000
2 19 0.500000
2 21 0.500000
2 22 0.500000
2 24 0.500000
2 28 0.500000
2 29 0.500000
2 30 0.500000
2 31 0.500000
2 32 0.500000
2 34 0.500000
2 35 0.500000
2 37 0.500000
2 39 0.500000
2 42 0.500000
2 43 0.500000
2 44 0.500000
2 48 0.500000
2 50 0.500000
2 51 0.500000
2 57 0.500000
2 59 0.500000
2 62 0.500000
2 66 0.500000
2 68 0.500000
2 69 0.500000
2 72 0.500000
2 75 0.500000
2 77 0.500000
2 78 0.500000
2 79 0.500000
2 80 0.500000
2 81 0.500000
2 87 0.500000
2 88 0.500000
2 94 0.500000
2 95 0.500000
2 101 0.500000
2 102 0.500000
2 103 0.500000
2 106 0.500000
2 107 0.500000
2 111 0.500000
2 112 0.500000
2 114 0.500000
2 116 0.500000
2 118 0.500000
2 119 0.500000
2 120 0.500000
2 121 0.500000
2 128 0.500000
2 130 0.500000
2 134 0.500000
2 136 0.500000
2 139 0.500000
3 4 0.500000
3 5 0.500000
3 6 0.500000
3 8 0.500000
3 9 0.500000
3 12 0.500000
3 17 0.500000
3 19 0.500000
3 20 0.500000
3 21 0.500000
3 24 0.500000
3 29 0.500000
3 30 0.500000
3 31 0.500000
3 32 0.500000
3 34 0.500000
3 40 0.500000
3 46 0.500000
3 48 0.500000
3 49 0.500000
3 50 0.500000
3 52 0.500000
3 54 0.500000
3 56 0.500000
3 57 0.500000
3 58 0.500000
3 59 0.500000
3 61 0.500000
3 65 0.500000
3 68 0.500000
3 69 0.500000
3 70 0.500000
3 71 0.500000
3 72 0.500000
3 74 0.500000
3 75 0.500000
3 84 0.500000
3 85 0.500000
3 88 0.500000
3 89 0.500000
3 91 0.500000
3 95 0.500000
3 98 0.500000
3 102 0.500000
3 103 0.500000
3 105 0.500000
3 106 0.500000
3 107 0.500000
3 108 0.500000
3 109 0.500000
3 110 0.500000
3 111 0.500000
3 115 0.500000
3 117 0.500000
3 118 0.500000
3 119 0.500000
3 121 0.500000
3 124 0.500000
3 127 0.500000
3 131 0.500000
3 134 0.500000
3 135 0.500000
3 136 0.500000
3 138 0.500000
3 139 0.500000
4 10 0.500000
4 13 0.500000
4 14 0.500000
4 18 0.500000
4 20 0.500000
4 21 0.500000
4 22 0.500000
4 23 0.500000
4 25 0.500000
4 28 0.500000
4 30 0.500000
4 31 0.500000
4 32 0.500000
4 36 0.500000
4 43 0.500000
4 44 0.500000
4 45 0.500000
4 46 0.500000
4 47 0.500000
4 49 0.500000
4 50 0.500000
4 51 0.500000
4 59 0.500000
4 63 0.500000
4 65 0.500000
4 66 0.500000
4 67 0.500000
4 68 0.500000
4 71 0.500000
4 73 0.500000
4 74 0.500000
4 75 0.500000
4 76 0.500000
4 78 0.500000
4 79 0.500000
4 80 0.500000
4 82 0.500000
4 84 0.500000
4 85 0.500000
4 88 0.500000
4 89 0.500000
4 90 0.500000
4 91 0.500000
4 92 0.500000
4 93 0.500000
4 95 0.500000
4 96 0.500000
4 99 0.500000
4 100 0.500000
4 102 0.500000
4 104 0.500000
4 106 0.500000
4 108 0.500000
4 112 0.500000
4 114 0.500000
4 116 0.500000
4 118 0.500000
4 119 0.500000
4 121 0.500000
4 122 0.500000
4 123 0.500000
4 124 0.500000
4 127 0.500000
4 129 0.500000
4 131 0.500000
4 134 0.500000
4 135 0.500000
4 137 0.500000
4 138 0.500000
4 139 0.500000
4 140 0.500000
5 9 0.500000
5 10 0.500000
5 12 0.500000
5 13 0.500000
5 14 0.500000
5 17 0.500000
5 18 0.500000
5 19 0.500000
5 29 0.500000
5 30 0.500000
5 31 0.500000
5 32 0.500000
5 34 0.500000
5 41 0.500000
5 43 0.500000
5 44 0.500000
5 46 0.500000
5 47 0.500000
5 48 0.500000
5 49 0.500000
5 50 0.500000
5 53 0.500000
5 57 0.500000
5 59 0.500000
5 60 0.500000
5 65 0.500000
5 66 0.500000
5 68 0.500000
5 70 0.500000
5 73 0.500000
5 74 0.500000
5 76 0.500000
5 78 0.500000
5 79 0.500000
5 80 0.500000
5 81 0.500000
5 83 0.500000
5 84 0.500000
5 88 0.500000
5 90 0.500000
5 92 0.500000
5 95 0.500000
5 97 0.500000
5 99 0.500000
5 100 0.500000
5 104 0.500000
5 105 0.500000
5 107 0.500000
5 108 0.500000
5 109 0.500000
5 111 0.500000
5 112 0.500000
5 113 0.500000
5 118 0.500000
5 120 0.500000
5 121 0.500000
5 123 0.500000
5 125 0.500000
5 126 0.500000
5 127 0.500000
5 128 0.500000
5 130 0.500000
5 134 0.500000
6 7 0.500000
6 9 0.500000
6 10 0.500000
6 11 0.500000
6 13 0.500000
6 14 0.500000
6 17 0.500000
6 18 0.500000
6 20 0.500000
6 21 0.500000
6 24 0.500000
6 25 0.500000
6 26 0.500000
6 31 0.500000
6 33 0.500000
6 35 0.500000
6 37 0.500000
6 38 0.500000
6 41 0.500000
6 42 0.500000
6 43 0.500000
6 44 0.500000
6 45 0.500000
6 46 0.500000
6 50 0.500000
6 51 0.500000
6 52 0.500000
6 53 0.500000
6 54 0.500000
6 55 0.500000
6 56 0.500000
6 57 0.500000
6 58 0.500000
6 62 0.500000
6 64 0.500000
6 66 0.500000
6 68 0.500000
6 69 0.500000
6 75 0.500000
6 76 0.500000
6 77 0.500000
6 78 0.500000
6 80 0.500000
6 81 0.500000
6 82 0.500000
6 85 0.500000
6 86 0.500000
6 88 0.500000
6 90 0.500000
6 92 0.500000
6 93 0.500000
6 97 0.500000
6 99 0.500000
6 102 0.500000
6 103 0.500000
6 104 0.500000
6 105 0.500000
6 111 0.500000
6 114 0.500000
6 115 0.500000
6 117 0.500000
6 120 0.500000
6 122 0.500000
6 123 0.500000
6 126 0.500000
6 128 0.500000
6 129 0.500000
6 131 0.500000
6 132 0.500000
6 134 0.500000
6 140 0.500000
7 11 0.500000
7 12 0.500000
7 14 0.500000
7 15 0.500000
7 18 0.500000
7 21 0.500000
7 22 0.500000
7 24 0.500000
7 26 0.500000
7 27 0.500000
7 28 0.500000
7 34 0.500000
7 35 0.500000
7 37 0.500000
7 39 0.500000
7 41 0.500000
7 42 0.500000
7 44 0.500000
7 47 0.500000
7 50 0.500000
7 51 0.500000
7 52 0.500000
7 58 0.500000
7 59 0.500000
7 60 0.500000
7 61 0.500000
7 65 0.500000
7 66 0.500000
7 69 0.500000
7 71 0.500000
7 72 0.500000
7 73 0.500000
7 75 0.500000
7 76 0.500000
7 78 0.500000
7 80 0.500000
7 81 0.500000
7 82 0.500000
7 85 0.500000
7 86 0.500000
7 89 0.500000
7 90 0.500000
7 91 0.500000
7 93 0.500000
7 96 0.500000
7 98 0.500000
7 99 0.500000
7 100 0.500000
7 101 0.500000
7 102 0.500000
7 104 0.500000
7 105 0.500000
7 106 0.500000
7 107 0.500000
7 108 0.500000
7 109 0.500000
7 111 0.500000
7 112 0.500000
7 116 0.500000
7 119 0.500000
7 120 0.500000
7 121 0.500000
7 123 0.500000
7 128 0.500000
7 134 0.500000
7 136 0.500000
7 137 0.500000
8 12 0.500000
8 13 0.500000
8 15 0.500000
8 16 0.500000
8 18 0.500000
8 22 0.500000
8 24 0.500000
8 25 0.500000
8 26 0.500000
8 28 0.500000
8 32 0.500000
8 34 0.500000
8 37 0.500000
8 38 0.500000
8 40 0.500000
8 42 0.500000
8 45 0.500000
8 46 0.500000
8 52 0.500000
8 53 0.500000
8 56 0.500000
8 58 0.500000
8 59 0.500000
8 60 0.500000
8 65 0.500000
8 66 0.500000
8 76 0.500000
8 78 0.500000
8 79 0.500000
8 83 0.500000
8 84 0.500000
8 85 0.500000
8 86 0.500000
8 87 0.500000
8 88 0.500000
8 90 0.500000
8 92 0.500000
8 96 0.500000
8 97 0.500000
8 98 0.500000
8 99 0.500000
8 103 0.500000
8 105 0.500000
8 107 0.500000
8 108 0.500000
8 112 0.500000
8 114 0.500000
8 115 0.500000
8 117 0.500000
8 121 0.500000
8 122 0.500000
8 125 0.500000
8 126 0.500000
8 127 0.500000
8 129 0.500000
8 130 0.500000
8 131 0.500000
8 133 0.500000
8 134 0.500000
8 137 0.500000
8 138 0.500000
9 11 0.500000
9 12 0.500000
9 17 0.500000
9 18 0.500000
9 20 0.500000
9 22 0.500000
9 23 0.500000
9 26 0.500000
9 27 0.500000
9 28 0.500000
9 35 0.500000
9 36 0.500000
9 38 0.500000
9 39 0.500000
9 40 0.500000
9 43 0.500000
9 44 0.500000
9 45 0.500000
9 46 0.500000
9 47 0.500000
9 50 0.500000
9 53 0.500000
9 55 0.500000
9 60 0.500000
9 63 0.500000
9 64 0.500000
9 65 0.500000
9 66 0.500000
9 68 0.500000
9 69 0.500000
9 73 0.500000
9 74 0.500000
9 75 0.500000
9 76 0.500000
9 77 0.500000
9 81 0.500000
9 82 0.500000
9 84 0.500000
9 86 0.500000
9 87 0.500000
9 90 0.500000
9 92 0.500000
9 93 0.500000
9 94 0.500000
9 95 0.500000
9 98 0.500000
9 99 0.500000
9 100 0.500000
9 101 0.500000
9 104 0.500000
9 105 0.500000
9 106 0.500000
9 107 0.500000
9 112 0.500000
9 114 0.500000
9 115 0.500000
9 116 0.500000
9 117 0.500000
9 119 0.500000
9 121 0.500000
9 122 0.500000
9 123 0.500000
9 124 0.500000
9 125 0.500000
9 126 0.500000
9 128 0.500000
9 131 0.500000
9 134 0.500000
9 135 0.500000
9 136 0.500000
9 137 0.500000
9 138 0.500000
9 140 0.500000
10 12 0.500000
10 13 0.500000
10 14 0.500000
10 16 0.500000
10 17 0.500000
10 20 0.500000
10 24 0.500000
10 25 0.500000
10 27 0.500000
10 28 0.500000
10 32 0.500000
10 36 0.500000
10 40 0.500000
10 41 0.500000
10 42 0.500000
10 43 0.500000
10 44 0.500000
10 46 0.500000
10 49 0.500000
10 50 0.500000
10 51 0.500000
10 52 0.500000
10 53 0.500000
10 54 0.500000
10 55 0.500000
10 56 0.500000
10 57 0.500000
10 59 0.500000
10 60 0.500000
10 61 0.500000
10 62 0.500000
10 63 0.500000
10 64 0.500000
10 65 0.500000
10 66 0.500000
10 67 0.500000
10 70 0.500000
10 71 0.500000
10 72 0.500000
10 74 0.500000
10 78 0.500000
10 80 0.500000
10 86 0.500000
10 90 0.500000
10 92 0.500000
10 93 0.500000
10 96 0.500000
10 97 0.500000
10 100 0.500000
10 106 0.500000
10 107 0.500000
10 108 0.500000
10 109 0.500000
10 110 0.500000
10 112 0.500000
10 113 0.500000
10 114 0.500000
10 115 0.500000
10 116 0.500000
10 121 0.500000
10 122 0.500000
10 123 0.500000
10 125 0.500000
10 126 0.500000
10 131 0.500000
10 132 0.500000
10 134 0.500000
10 136 0.500000
10 137 0.500000
10 138 0.500000
11 13 0.500000
11 14 0.500000
11 16 0.500000
11 20 0.500000
11 21 0.500000
11 23 0.500000
11 26 0.500000
11 28 0.500000
11 30 0.500000
11 34 0.500000
11 37 0.500000
11 40 0.500000
11 41 0.500000
11 44 0.500000
11 45 0.500000
11 46 0.500000
11 48 0.500000
11 50 0.500000
11 51 0.500000
11 52 0.500000
11 54 0.500000
11 57 0.500000
11 58 0.500000
11 64 0.500000
11 67 0.500000
11 68 0.500000
11 69 0.500000
11 71 0.500000
11 72 0.500000
11 73 0.500000
11 74 0.500000
11 76 0.500000
11 78 0.500000
11 81 0.500000
11 86 0.500000
11 87 0.500000
11 89 0.500000
11 91 0.500000
11 95 0.500000
11 96 0.500000
11 98 0.500000
11 100 0.500000
11 101 0.500000
11 102 0.500000
11 104 0.500000
11 106 0.500000
11 109 0.500000
11 110 0.500000
11 113 0.500000
11 115 0.500000
11 117 0.500000
11 121 0.500000
11 124 0.500000
11 129 0.500000
11 130 0.500000
11 133 0.500000
11 134 0.500000
11 136 0.500000
11 137 0.500000
11 139 0.500000
11 140 0.500000
12 16 0.500000
12 19 0.500000
12 21 0.500000
12 22 0.500000
12 25 0.500000
12 27 0.500000
12 29 0.500000
12 30 0.500000
12 32 0.500000
12 35 0.500000
12 40 0.500000
12 41 0.500000
12 42 0.500000
12 43 0.500000
12 46 0.500000
12 49 0.500000
12 52 0.500000
12 53 0.500000
12 54 0.500000
12 56 0.500000
12 58 0.500000
12 63 0.500000
12 64 0.500000
12 65 0.500000
12 67 0.500000
12 68 0.500000
12 70 0.500000
12 71 0.500000
12 75 0.500000
12 76 0.500000
12 77 0.500000
12 78 0.500000
12 80 0.500000
12 81 0.500000
12 82 0.500000
12 84 0.500000
12 87 0.500000
12 89 0.500000
12 93 0.500000
12 95 0.500000
12 96 0.500000
12 99 0.500000
12 102 0.500000
12 103 0.500000
12 104 0.500000
12 105 0.500000
12 107 0.500000
12 109 0.500000
12 112 0.500000
12 113 0.500000
12 114 0.500000
12 119 0.500000
12 122 0.500000
12 124 0.500000
12 126 0.500000
12 127 0.500000
12 129 0.500000
12 131 0.500000
12 132 0.500000
12 136 0.500000
12 138 0.500000
12 139 0.500000
13 15 0.500000
13 17 0.500000
13 19 0.500000
13 20 0.500000
13 23 0.500000
13 24 0.500000
13 25 0.500000
13 26 0.500000
13 29 0.500000
13 33 0.500000
13 34 0.500000
13 36 0.500000
13 37 0.500000
13 38 0.500000
13 39 0.500000
13 40 0.500000
13 41 0.500000
13 43 0.500000
13 48 0.500000
13 49 0.500000
13 51 0.500000
13 52 0.500000
13 53 0.500000
13 55 0.500000
13 60 0.500000
13 63 0.500000
13 64 0.500000
13 66 0.500000
13 67 0.500000
13 71 0.500000
13 73 0.500000
13 75 0.500000
13 76 0.500000
13 79 0.500000
13 83 0.500000
13 85 0.500000
13 87 0.500000
13 89 0.500000
13 90 0.500000
13 91 0.500000
13 93 0.500000
13 95 0.500000
13 96 0.500000
13 98 0.500000
13 99 0.500000
13 102 0.500000
13 104 0.500000
13 105 0.500000
13 106 0.500000
13 107 0.500000
13 109 0.500000
13 112 0.500000
13 114 0.500000
13 115 0.500000
13 116 0.500000
13 117 0.500000
13 122 0.500000
13 123 0.500000
13 127 0.500000
13 131 0.500000
13 135 0.500000
13 139 0.500000
13 140 0.500000
14 15 0.500000
14 17 0.500000
14 19 0.500000
14 20 0.500000
14 23 0.500000
14 24 0.500000
14 29 0.500000
14 30 0.500000
14 33 0.500000
14 40 0.500000
14 42 0.500000
14 43 0.500000
14 44 0.500000
14 45 0.500000
14 47 0.500000
14 48 0.500000
14 51 0.500000
14 52 0.500000
14 55 0.500000
14 56 0.500000
14 58 0.500000
14 59 0.500000
14 60 0.500000
14 62 0.500000
14 64 0.500000
14 69 0.500000
14 70 0.500000
14 71 0.500000
14 72 0.500000
14 76 0.500000
14 80 0.500000
14 83 0.500000
14 84 0.500000
14 85 0.500000
14 87 0.500000
14 90 0.500000
14 91 0.500000
14 93 0.500000
14 95 0.500000
14 96 0.500000
14 97 0.500000
14 98 0.500000
14 100 0.500000
14 101 0.500000
14 102 0.500000
14 108 0.500000
14 110 0.500000
14 111 0.500000
14 113 0.500000
14 116 0.500000
14 117 0.500000
14 119 0.500000
14 120 0.500000
14 123 0.500000
14 125 0.500000
14 126 0.500000
14 127 0.500000
14 128 0.500000
14 130 0.500000
14 131 0.500000
14 132 0.500000
14 135 0.500000
14 136 0.500000
14 138 0.500000
14 139 0.500000
15 16 0.500000
15 17 0.500000
15 18 0.500000
15 22 0.500000
15 26 0.500000
15 29 0.500000
15 31 0.500000
15 35 0.500000
15 37 0.500000
15 39 0.500000
15 41 0.500000
15 43 0.500000
15 44 0.500000
15 49 0.500000
15 50 0.500000
15 51 0.500000
15 52 0.500000
15 53 0.500000
15 54 0.500000
15 58 0.500000
15 62 0.500000
15 63 0.500000
15 65 0.500000
15 66 0.500000
15 68 0.500000
15 69 0.500000
15 71 0.500000
15 72 0.500000
15 73 0.500000
15 74 0.500000
15 76 0.500000
15 77 0.500000
15 78 0.500000
15 80 0.500000
15 83 0.500000
15 84 0.500000
15 86 0.500000
15 89 0.500000
15 90 0.500000
15 92 0.500000
15 93 0.500000
15 95 0.500000
15 96 0.500000
15 102 0.500000
15 104 0.500000
15 108 0.500000
15 110 0.500000
15 113 0.500000
15 118 0.500000
15 119 0.500000
15 121 0.500000
15 122 0.500000
15 123 0.500000
15 124 0.500000
15 125 0.500000
15 126 0.500000
15 127 0.500000
15 128 0.500000
15 129 0.500000
15 130 0.500000
15 132 0.500000
15 134 0.500000
15 135 0.500000
15 136 0.500000
15 137 0.500000
15 138 0.500000
16 17 0.500000
16 18 0.500000
16 19 0.500000
16 21 0.500000
16 23 0.500000
16 26 0.500000
16 28 0.500000
16 30 0.500000
16 31 0.500000
16 32 0.500000
16 36 0.500000
16 39 0.500000
16 41 0.500000
16 44 0.500000
16 45 0.500000
16 47 0.500000
16 49 0.500000
16 50 0.500000
16 51 0.500000
16 52 0.500000
16 54 0.500000
16 56 0.500000
16 58 0.500000
16 60 0.500000
16 61 0.500000
16 64 0.500000
16 65 0.500000
16 68 0.500000
16 71 0.500000
16 72 0.500000
16 74 0.500000
16 75 0.500000
16 76 0.500000
16 79 0.500000
16 81 0.500000
16 82 0.500000
16 87 0.500000
16 89 0.500000
16 91 0.500000
16 92 0.500000
16 94 0.500000
16 95 0.500000
16 96 0.500000
16 97 0.500000
16 98 0.500000
16 100 0.500000
16 102 0.500000
16 103 0.500000
16 111 0.500000
16 114 0.500000
16 116 0.500000
16 117 0.500000
16 121 0.500000
16 122 0.500000
16 123 0.500000
16 124 0.500000
16 125 0.500000
16 126 0.500000
16 128 0.500000
16 129 0.500000
16 131 0.500000
16 132 0.500000
16 134 0.500000
16 136 0.500000
16 137 0.500000
16 138 0.500000
17 19 0.500000
17 22 0.500000
17 23 0.500000
17 24 0.500000
17 26 0.500000
17 27 0.500000
17 40 0.500000
17 42 0.500000
17 43 0.500000
17 44 0.500000
17 45 0.500000
17 46 0.500000
17 47 0.500000
17 49 0.500000
17 51 0.500000
17 52 0.500000
17 54 0.500000
17 55 0.500000
17 57 0.500000
17 58 0.500000
17 59 0.500000
17 66 0.500000
17 70 0.500000
17 75 0.500000
17 76 0.500000
17 78 0.500000
17 79 0.500000
17 80 0.500000
17 83 0.500000
17 87 0.500000
17 88 0.500000
17 92 0.500000
17 95 0.500000
17 96 0.500000
17 105 0.500000
17 110 0.500000
17 113 0.500000
17 114 0.500000
17 115 0.500000
17 116 0.500000
17 117 0.500000
17 120 0.500000
17 121 0.500000
17 125 0.500000
17 127 0.500000
17 129 0.500000
17 130 0.500000
17 131 0.500000
17 138 0.500000
18 19 0.500000
18 20 0.500000
18 21 0.500000
18 23 0.500000
18 24 0.500000
18 25 0.500000
18 26 0.500000
18 30 0.500000
18 31 0.500000
18 32 0.500000
18 35 0.500000
18 36 0.500000
18 37 0.500000
18 39 0.500000
18 40 0.500000
18 41 0.500000
18 43 0.500000
18 44 0.500000
18 47 0.500000
18 48 0.500000
18 53 0.500000
18 56 0.500000
18 59 0.500000
18 60 0.500000
18 61 0.500000
18 63 0.500000
18 64 0.500000
18 66 0.500000
18 68 0.500000
18 70 0.500000
18 71 0.500000
18 72 0.500000
18 73 0.500000
18 74 0.500000
18 76 0.500000
18 77 0.500000
18 80 0.500000
18 86 0.500000
18 89 0.500000
18 92 0.500000
18 93 0.500000
18 98 0.500000
18 99 0.500000
18 100 0.500000
18 101 0.500000
18 102 0.500000
18 103 0.500000
18 104 0.500000
18 105 0.500000
18 106 0.500000
18 111 0.500000
18 112 0.500000
18 115 0.500000
18 116 0.500000
18 117 0.500000
18 119 0.500000
18 120 0.500000
18 123 0.500000
18 125 0.500000
18 127 0.500000
18 128 0.500000
18 129 0.500000
18 130 0.500000
18 132 0.500000
18 133 0.500000
18 136 0.500000
18 138 0.500000
18 139 0.500000
18 140 0.500000
19 21 0.500000
19 22 0.500000
19 23 0.500000
19 24 0.500000
19 27 0.500000
19 29 0.500000
19 30 0.500000
19 31 0.500000
19 33 0.500000
19 35 0.500000
19 36 0.500000
19 37 0.500000
19 38 0.500000
19 40 0.500000
19 41 0.500000
19 44 0.500000
19 45 0.500000
19 52 0.500000
19 53 0.500000
19 54 0.500000
19 57 0.500000
19 59 0.500000
19 62 0.500000
19 64 0.500000
19 68 0.500000
19 69 0.500000
19 72 0.500000
19 75 0.500000
19 76 0.500000
19 78 0.500000
19 79 0.500000
19 81 0.500000
19 87 0.500000
19 88 0.500000
19 89 0.500000
19 91 0.500000
19 93 0.500000
19 100 0.500000
19 101 0.500000
19 102 0.500000
19 103 0.500000
19 107 0.500000
19 108 0.500000
19 110 0.500000
19 111 0.500000
19 112 0.500000
19 113 0.500000
19 119 0.500000
19 121 0.500000
19 123 0.500000
19 127 0.500000
19 128 0.500000
19 129 0.500000
19 132 0.500000
19 133 0.500000
19 135 0.500000
19 136 0.500000
19 138 0.500000
19 139 0.500000
19 140 0.500000
20 21 0.500000
20 22 0.500000
20 23 0.500000
20 29 0.500000
20 31 0.500000
20 32 0.500000
20 33 0.500000
20 34 0.500000
20 35 0.500000
20 37 0.500000
20 39 0.500000
20 40 0.500000
20 42 0.500000
20 43 0.500000
20 44 0.500000
20 45 0.500000
20 46 0.500000
20 48 0.500000
20 50 0.500000
20 52 0.500000
20 53 0.500000
20 56 0.500000
20 58 0.500000
20 59 0.500000
20 62 0.500000
20 63 0.500000
20 66 0.500000
20 67 0.500000
20 70 0.500000
20 74 0.500000
20 77 0.500000
20 79 0.500000
20 81 0.500000
20 82 0.500000
20 87 0.500000
20 96 0.500000
20 98 0.500000
20 100 0.500000
20 101 0.500000
20 102 0.500000
20 104 0.500000
20 105 0.500000
20 107 0.500000
20 108 0.500000
20 110 0.500000
20 111 0.500000
20 112 0.500000
20 114 0.500000
20 115 0.500000
20 116 0.500000
20 118 0.500000
20 119 0.500000
20 120 0.500000
20 121 0.500000
20 123 0.500000
20 131 0.500000
20 132 0.500000
20 133 0.500000
20 135 0.500000
20 137 0.500000
20 138 0.500000
20 139 0.500000
21 22 0.500000
21 27 0.500000
21 30 0.500000
21 31 0.500000
21 32 0.500000
21 33 0.500000
21 36 0.500000
21 37 0.500000
21 38 0.500000
21 43 0.500000
21 44 0.500000
21 45 0.500000
21 46 0.500000
21 48 0.500000
21 50 0.500000
21 52 0.500000
21 53 0.500000
21 54 0.500000
21 55 0.500000
21 56 0.500000
21 58 0.500000
21 63 0.500000
21 67 0.500000
21 74 0.500000
21 75 0.500000
21 76 0.500000
21 77 0.500000
21 80 0.500000
21 81 0.500000
21 84 0.500000
21 85 0.500000
21 88 0.500000
21 89 0.500000
21 92 0.500000
21 93 0.500000
21 94 0.500000
21 95 0.500000
21 96 0.500000
21 97 0.500000
21 98 0.500000
21 99 0.500000
21 101 0.500000
21 102 0.500000
21 104 0.500000
21 105 0.500000
21 106 0.500000
21 107 0.500000
21 111 0.500000
21 112 0.500000
21 116 0.500000
21 118 0.500000
21 119 0.500000
21 127 0.500000
21 128 0.500000
21 130 0.500000
21 131 0.500000
21 132 0.500000
21 133 0.500000
21 137 0.500000
21 138 0.500000
21 140 0.500000
22 23 0.500000
22 25 0.500000
22 29 0.500000
22 30 0.500000
22 31 0.500000
22 33 0.500000
22 34 0.500000
22 36 0.500000
22 38 0.500000
22 43 0.500000
22 46 0.500000
22 48 0.500000
22 49 0.500000
22 51 0.500000
22 53 0.500000
22 55 0.500000
22 58 0.500000
22 60 0.500000
22 61 0.500000
22 63 0.500000
22 64 0.500000
22 65 0.500000
22 67 0.500000
22 68 0.500000
22 70 0.500000
22 71 0.500000
22 72 0.500000
22 74 0.500000
22 76 0.500000
22 78 0.500000
22 79 0.500000
22 81 0.500000
22 82 0.500000
22 83 0.500000
22 86 0.500000
22 89 0.500000
22 90 0.500000
22 94 0.500000
22 98 0.500000
22 99 0.500000
22 100 0.500000
22 103 0.500000
22 105 0.500000
22 106 0.500000
22 111 0.500000
22 113 0.500000
22 115 0.500000
22 116 0.500000
22 117 0.500000
22 119 0.500000
22 121 0.500000
22 122 0.500000
22 124 0.500000
22 127 0.500000
22 129 0.500000
22 130 0.500000
22 132 0.500000
22 135 0.500000
22 136 0.500000
22 138 0.500000
22 140 0.500000
23 27 0.500000
23 29 0.500000
23 30 0.500000
23 32 0.500000
23 33 0.500000
23 34 0.500000
23 35 0.500000
23 39 0.500000
23 42 0.500000
23 44 0.500000
23 45 0.500000
23 48 0.500000
23 49 0.500000
23 56 0.500000
23 59 0.500000
23 62 0.500000
23 65 0.500000
23 66 0.500000
23 67 0.500000
23 69 0.500000
23 71 0.500000
23 72 0.500000
23 73 0.500000
23 76 0.500000
23 77 0.500000
23 81 0.500000
23 82 0.500000
23 83 0.500000
23 85 0.500000
23 87 0.500000
23 90 0.500000
23 95 0.500000
23 97 0.500000
23 99 0.500000
23 102 0.500000
23 105 0.500000
23 106 0.500000
23 107 0.500000
23 116 0.500000
23 117 0.500000
23 119 0.500000
23 121 0.500000
23 123 0.500000
23 125 0.500000
23 126 0.500000
23 127 0.500000
23 133 0.500000
23 134 0.500000
23 135 0.500000
23 137 0.500000
23 139 0.500000
23 140 0.500000
24 25 0.500000
24 28 0.500000
24 33 0.500000
24 34 0.500000
24 36 0.500000
24 37 0.500000
24 39 0.500000
24 40 0.500000
24 42 0.500000
24 43 0.500000
24 45 0.500000
24 48 0.500000
24 49 0.500000
24 53 0.500000
24 56 0.500000
24 59 0.500000
24 62 0.500000
24 63 0.500000
24 64 0.500000
24 66 0.500000
24 67 0.500000
24 69 0.500000
24 70 0.500000
24 72 0.500000
24 74 0.500000
24 75 0.500000
24 76 0.500000
24 77 0.500000
24 78 0.500000
24 79 0.500000
24 80 0.500000
24 81 0.500000
24 82 0.500000
24 86 0.500000
24 87 0.500000
24 88 0.500000
24 90 0.500000
24 92 0.500000
24 93 0.500000
24 94 0.500000
24 100 0.500000
24 101 0.500000
24 103 0.500000
24 104 0.500000
24 108 0.500000
24 109 0.500000
24 110 0.500000
24 111 0.500000
24 112 0.500000
24 114 0.500000
24 116 0.500000
24 118 0.500000
24 121 0.500000
24 122 0.500000
24 123 0.500000
24 124 0.500000
24 125 0.500000
24 133 0.500000
24 134 0.500000
24 135 0.500000
24 136 0.500000
24 137 0.500000
24 138 0.500000
24 140 0.500000
25 26 0.500000
25 27 0.500000
25 28 0.500000
25 31 0.500000
25 35 0.500000
25 36 0.500000
25 38 0.500000
25 39 0.500000
25 41 0.500000
25 43 0.500000
25 44 0.500000
25 45 0.500000
25 46 0.500000
25 48 0.500000
25 52 0.500000
25 53 0.500000
25 56 0.500000
25 57 0.500000
25 58 0.500000
25 60 0.500000
25 61 0.500000
25 62 0.500000
25 63 0.500000
25 65 0.500000
25 67 0.500000
25 69 0.500000
25 74 0.500000
25 80 0.500000
25 82 0.500000
25 83 0.500000
25 84 0.500000
25 85 0.500000
25 88 0.500000
25 91 0.500000
25 95 0.500000
25 102 0.500000
25 104 0.500000
25 106 0.500000
25 107 0.500000
25 110 0.500000
25 111 0.500000
25 116 0.500000
25 119 0.500000
25 120 0.500000
25 122 0.500000
25 126 0.500000
25 127 0.500000
25 128 0.500000
25 129 0.500000
25 130 0.500000
25 131 0.500000
25 134 0.500000
25 138 0.500000
25 139 0.500000
25 140 0.500000
26 28 0.500000
26 31 0.500000
26 34 0.500000
26 37 0.500000
26 38 0.500000
26 39 0.500000
26 40 0.500000
26 41 0.500000
26 42 0.500000
26 43 0.500000
26 44 0.500000
26 48 0.500000
26 49 0.500000
26 50 0.500000
26 52 0.500000
26 53 0.500000
26 54 0.500000
26 58 0.500000
26 60 0.500000
26 61 0.500000
26 62 0.500000
26 64 0.500000
26 68 0.500000
26 72 0.500000
26 73 0.500000
26 74 0.500000
26 77 0.500000
26 78 0.500000
26 79 0.500000
26 80 0.500000
26 84 0.500000
26 85 0.500000
26 89 0.500000
26 91 0.500000
26 93 0.500000
26 94 0.500000
26 97 0.500000
26 99 0.500000
26 100 0.500000
26 101 0.500000
26 102 0.500000
26 103 0.500000
26 104 0.500000
26 105 0.500000
26 107 0.500000
26 108 0.500000
26 109 0.500000
26 112 0.500000
26 113 0.500000
26 114 0.500000
26 117 0.500000
26 121 0.500000
26 122 0.500000
26 123 0.500000
26 124 0.500000
26 129 0.500000
26 130 0.500000
26 132 0.500000
26 133 0.500000
26 134 0.500000
26 135 0.500000
26 136 0.500000
26 138 0.500000
26 140 0.500000
27 28 0.500000
27 29 0.500000
27 33 0.500000
27 37 0.500000
27 38 0.500000
27 41 0.500000
27 44 0.500000
27 45 0.500000
27 46 0.500000
27 48 0.500000
27 49 0.500000
27 50 0.500000
27 51 0.500000
27 53 0.500000
27 55 0.500000
27 56 0.500000
27 61 0.500000
27 62 0.500000
27 63 0.500000
27 65 0.500000
27 69 0.500000
27 71 0.500000
27 72 0.500000
27 74 0.500000
27 76 0.500000
27 77 0.500000
27 80 0.500000
27 82 0.500000
27 83 0.500000
27 84 0.500000
27 87 0.500000
27 90 0.500000
27 94 0.500000
27 95 0.500000
27 96 0.500000
27 98 0.500000
27 100 0.500000
27 104 0.500000
27 108 0.500000
27 109 0.500000
27 115 0.500000
27 116 0.500000
27 118 0.500000
27 120 0.500000
27 124 0.500000
27 125 0.500000
27 127 0.500000
27 128 0.500000
27 129 0.500000
27 131 0.500000
27 133 0.500000
27 137 0.500000
27 138 0.500000
27 139 0.500000
28 29 0.500000
28 30 0.500000
28 35 0.500000
28 40 0.500000
28 42 0.500000
28 43 0.500000
28 51 0.500000
28 54 0.500000
28 55 0.500000
28 56 0.500000
28 57 0.500000
28 59 0.500000
28 60 0.500000
28 62 0.500000
28 69 0.500000
28 71 0.500000
28 73 0.500000
28 77 0.500000
28 80 0.500000
28 83 0.500000
28 85 0.500000
28 87 0.500000
28 88 0.500000
28 89 0.500000
28 90 0.500000
28 92 0.500000
28 96 0.500000
28 100 0.500000
28 101 0.500000
28 102 0.500000
28 103 0.500000
28 108 0.500000
28 109 0.500000
28 110 0.500000
28 114 0.500000
28 117 0.500000
28 120 0.500000
28 121 0.500000
28 122 0.500000
28 123 0.500000
28 124 0.500000
28 126 0.500000
28 129 0.500000
28 132 0.500000
28 133 0.500000
28 134 0.500000
28 137 0.500000
28 139 0.500000
29 32 0.500000
29 34 0.500000
29 40 0.500000
29 43 0.500000
29 44 0.500000
29 45 0.500000
29 46 0.500000
29 48 0.500000
29 50 0.500000
29 51 0.500000
29 54 0.500000
29 56 0.500000
29 58 0.500000
29 60 0.500000
29 61 0.500000
29 62 0.500000
29 63 0.500000
29 66 0.500000
29 67 0.500000
29 68 0.500000
29 73 0.500000
29 74 0.500000
29 77 0.500000
29 81 0.500000
29 82 0.500000
29 83 0.500000
29 87 0.500000
29 88 0.500000
29 89 0.500000
29 98 0.500000
29 99 0.500000
29 104 0.500000
29 106 0.500000
29 107 0.500000
29 108 0.500000
29 112 0.500000
29 113 0.500000
29 117 0.500000
29 120 0.500000
29 121 0.500000
29 122 0.500000
29 123 0.500000
29 131 0.500000
29 133 0.500000
29 135 0.500000
29 136 0.500000
29 137 0.500000
29 139 0.500000
29 140 0.500000
30 31 0.500000
30 34 0.500000
30 35 0.500000
30 38 0.500000
30 43 0.500000
30 46 0.500000
30 48 0.500000
30 49 0.500000
30 52 0.500000
30 53 0.500000
30 54 0.500000
30 58 0.500000
30 60 0.500000
30 62 0.500000
30 64 0.500000
30 66 0.500000
30 67 0.500000
30 68 0.500000
30 69 0.500000
30 70 0.500000
30 72 0.500000
30 73 0.500000
30 74 0.500000
30 76 0.500000
30 78 0.500000
30 80 0.500000
30 81 0.500000
30 82 0.500000
30 86 0.500000
30 88 0.500000
30 89 0.500000
30 90 0.500000
30 91 0.500000
30 92 0.500000
30 94 0.500000
30 100 0.500000
30 101 0.500000
30 103 0.500000
30 108 0.500000
30 109 0.500000
30 111 0.500000
30 112 0.500000
30 114 0.500000
30 116 0.500000
30 117 0.500000
30 118 0.500000
30 119 0.500000
30 121 0.500000
30 124 0.500000
30 128 0.500000
30 130 0.500000
30 135 0.500000
30 139 0.500000
30 140 0.500000
31 32 0.500000
31 36 0.500000
31 37 0.500000
31 38 0.500000
31 40 0.500000
31 45 0.500000
31 46 0.500000
31 47 0.500000
31 50 0.500000
31 52 0.500000
31 54 0.500000
31 60 0.500000
31 63 0.500000
31 67 0.500000
31 71 0.500000
31 75 0.500000
31 76 0.500000
31 79 0.500000
31 80 0.500000
31 83 0.500000
31 88 0.500000
31 93 0.500000
31 95 0.500000
31 96 0.500000
31 97 0.500000
31 98 0.500000
31 100 0.500000
31 101 0.500000
31 103 0.500000
31 106 0.500000
31 107 0.500000
31 108 0.500000
31 109 0.500000
31 110 0.500000
31 115 0.500000
31 117 0.500000
31 119 0.500000
31 120 0.500000
31 122 0.500000
31 126 0.500000
31 128 0.500000
31 129 0.500000
31 133 0.500000
31 134 0.500000
31 137 0.500000
31 138 0.500000
31 139 0.500000
31 140 0.500000
32 33 0.500000
32 34 0.500000
32 36 0.500000
32 39 0.500000
32 40 0.500000
32 42 0.500000
32 47 0.500000
32 49 0.500000
32 51 0.500000
32 54 0.500000
32 57 0.500000
32 59 0.500000
32 60 0.500000
32 61 0.500000
32 68 0.500000
32 73 0.500000
32 76 0.500000
32 77 0.500000
32 82 0.500000
32 83 0.500000
32 86 0.500000
32 90 0.500000
32 92 0.500000
32 97 0.500000
32 98 0.500000
32 101 0.500000
32 102 0.500000
32 103 0.500000
32 105 0.500000
32 113 0.500000
32 114 0.500000
32 115 0.500000
32 116 0.500000
32 118 0.500000
32 119 0.500000
32 122 0.500000
32 123 0.500000
32 124 0.500000
32 132 0.500000
32 133 0.500000
32 134 0.500000
32 137 0.500000
32 139 0.500000
32 140 0.500000
33 34 0.500000
33 37 0.500000
33 40 0.500000
33 42 0.500000
33 44 0.500000
33 46 0.500000
33 48 0.500000
33 49 0.500000
33 50 0.500000
33 51 0.500000
33 52 0.500000
33 54 0.500000
33 56 0.500000
33 61 0.500000
33 62 0.500000
33 63 0.500000
33 64 0.500000
33 66 0.500000
33 67 0.500000
33 68 0.500000
33 69 0.500000
33 70 0.500000
33 74 0.500000
33 75 0.500000
33 76 0.500000
33 78 0.500000
33 79 0.500000
33 80 0.500000
33 81 0.500000
33 82 0.500000
33 84 0.500000
33 86 0.500000
33 87 0.500000
33 89 0.500000
33 90 0.500000
33 92 0.500000
33 93 0.500000
33 104 0.500000
33 108 0.500000
33 114 0.500000
33 117 0.500000
33 119 0.500000
33 123 0.500000
33 126 0.500000
33 128 0.500000
33 129 0.500000
33 133 0.500000
33 134 0.500000
33 135 0.500000
33 136 0.500000
33 138 0.500000
33 139 0.500000
34 35 0.500000
34 37 0.500000
34 38 0.500000
34 39 0.500000
34 40 0.500000
34 41 0.500000
34 46 0.500000
34 47 0.500000
34 48 0.500000
34 51 0.500000
34 53 0.500000
34 55 0.500000
34 59 0.500000
34 61 0.500000
34 63 0.500000
34 65 0.500000
34 66 0.500000
34 67 0.500000
34 71 0.500000
34 73 0.500000
34 74 0.500000
34 75 0.500000
34 76 0.500000
34 78 0.500000
34 79 0.500000
34 81 0.500000
34 82 0.500000
34 83 0.500000
34 84 0.500000
34 89 0.500000
34 91 0.500000
34 92 0.500000
34 94 0.500000
34 97 0.500000
34 99 0.500000
34 103 0.500000
34 104 0.500000
34 105 0.500000
34 106 0.500000
34 107 0.500000
34 109 0.500000
34 112 0.500000
34 115 0.500000
34 117 0.500000
34 119 0.500000
34 124 0.500000
34 126 0.500000
34 128 0.500000
34 130 0.500000
34 132 0.500000
34 134 0.500000
34 135 0.500000
34 136 0.500000
34 138 0.500000
35 41 0.500000
35 44 0.500000
35 45 0.500000
35 46 0.500000
35 49 0.500000
35 52 0.500000
35 53 0.500000
35 54 0.500000
35 56 0.500000
35 58 0.500000
35 60 0.500000
35 61 0.500000
35 63 0.500000
35 66 0.500000
35 67 0.500000
35 68 0.500000
35 69 0.500000
35 70 0.500000
35 71 0.500000
35 72 0.500000
35 73 0.500000
35 74 0.500000
35 77 0.500000
35 81 0.500000
35 83 0.500000
35 85 0.500000
35 86 0.500000
35 87 0.500000
35 89 0.500000
35 94 0.500000
35 95 0.500000
35 96 0.500000
35 98 0.500000
35 99 0.500000
35 100 0.500000
35 101 0.500000
35 102 0.500000
35 103 0.500000
35 104 0.500000
35 105 0.500000
35 106 0.500000
35 107 0.500000
35 108 0.500000
35 109 0.500000
35 110 0.500000
35 111 0.500000
35 114 0.500000
35 116 0.500000
35 119 0.500000
35 121 0.500000
35 123 0.500000
35 124 0.500000
35 125 0.500000
35 128 0.500000
35 129 0.500000
35 131 0.500000
35 133 0.500000
35 134 0.500000
35 135 0.500000
35 136 0.500000
35 137 0.500000
36 37 0.500000
36 38 0.500000
36 39 0.500000
36 41 0.500000
36 42 0.500000
36 43 0.500000
36 44 0.500000
36 45 0.500000
36 47 0.500000
36 51 0.500000
36 52 0.500000
36 53 0.500000
36 57 0.500000
36 58 0.500000
36 60 0.500000
36 61 0.500000
36 62 0.500000
36 63 0.500000
36 64 0.500000
36 65 0.500000
36 68 0.500000
36 69 0.500000
36 71 0.500000
36 72 0.500000
36 74 0.500000
36 76 0.500000
36 78 0.500000
36 81 0.500000
36 83 0.500000
36 89 0.500000
36 93 0.500000
36 94 0.500000
36 96 0.500000
36 98 0.500000
36 99 0.500000
36 100 0.500000
36 103 0.500000
36 104 0.500000
36 105 0.500000
36 106 0.500000
36 109 0.500000
36 110 0.500000
36 111 0.500000
36 112 0.500000
36 119 0.500000
36 122 0.500000
36 123 0.500000
36 124 0.500000
36 127 0.500000
36 128 0.500000
36 132 0.500000
36 134 0.500000
36 138 0.500000
36 139 0.500000
37 38 0.500000
37 39 0.500000
37 40 0.500000
37 41 0.500000
37 42 0.500000
37 44 0.500000
37 45 0.500000
37 46 0.500000
37 49 0.500000
37 50 0.500000
37 51 0.500000
37 53 0.500000
37 57 0.500000
37 58 0.500000
37 62 0.500000
37 64 0.500000
37 66 0.500000
37 67 0.500000
37 68 0.500000
37 74 0.500000
37 76 0.500000
37 78 0.500000
37 79 0.500000
37 80 0.500000
37 81 0.500000
37 84 0.500000
37 86 0.500000
37 87 0.500000
37 89 0.500000
37 94 0.500000
37 95 0.500000
37 96 0.500000
37 101 0.500000
37 102 0.500000
37 106 0.500000
37 107 0.500000
37 108 0.500000
37 109 0.500000
37 111 0.500000
37 112 0.500000
37 115 0.500000
37 116 0.500000
37 117 0.500000
37 125 0.500000
37 126 0.500000
37 129 0.500000
37 132 0.500000
37 133 0.500000
37 135 0.500000
37 137 0.500000
38 39 0.500000
38 40 0.500000
38 42 0.500000
38 46 0.500000
38 50 0.500000
38 53 0.500000
38 56 0.500000
38 57 0.500000
38 58 0.500000
38 59 0.500000
38 61 0.500000
38 62 0.500000
38 65 0.500000
38 69 0.500000
38 70 0.500000
38 72 0.500000
38 73 0.500000
38 75 0.500000
38 78 0.500000
38 79 0.500000
38 85 0.500000
38 86 0.500000
38 87 0.500000
38 88 0.500000
38 89 0.500000
38 90 0.500000
38 91 0.500000
38 93 0.500000
38 95 0.500000
38 97 0.500000
38 98 0.500000
38 101 0.500000
38 105 0.500000
38 108 0.500000
38 109 0.500000
38 113 0.500000
38 114 0.500000
38 116 0.500000
38 118 0.500000
38 120 0.500000
38 124 0.500000
38 126 0.500000
38 127 0.500000
38 133 0.500000
38 135 0.500000
38 138 0.500000
38 139 0.500000
38 140 0.500000
39 41 0.500000
39 42 0.500000
39 43 0.500000
39 44 0.500000
39 50 0.500000
39 51 0.500000
39 52 0.500000
39 54 0.500000
39 57 0.500000
39 59 0.500000
39 61 0.500000
39 62 0.500000
39 63 0.500000
39 64 0.500000
39 65 0.500000
39 66 0.500000
39 68 0.500000
39 70 0.500000
39 73 0.500000
39 74 0.500000
39 75 0.500000
39 77 0.500000
39 78 0.500000
39 79 0.500000
39 80 0.500000
39 81 0.500000
39 82 0.500000
39 84 0.500000
39 85 0.500000
39 87 0.500000
39 88 0.500000
39 89 0.500000
39 90 0.500000
39 93 0.500000
39 95 0.500000
39 100 0.500000
39 101 0.500000
39 103 0.500000
39 104 0.500000
39 110 0.500000
39 111 0.500000
39 112 0.500000
39 116 0.500000
39 117 0.500000
39 119 0.500000
39 120 0.500000
39 125 0.500000
39 126 0.500000
39 127 0.500000
39 129 0.500000
39 131 0.500000
39 133 0.500000
39 137 0.500000
39 140 0.500000
40 42 0.500000
40 43 0.500000
40 44 0.500000
40 48 0.500000
40 49 0.500000
40 52 0.500000
40 53 0.500000
40 54 0.500000
40 55 0.500000
40 56 0.500000
40 57 0.500000
40 63 0.500000
40 65 0.500000
40 66 0.500000
40 68 0.500000
40 69 0.500000
40 70 0.500000
40 72 0.500000
40 79 0.500000
40 80 0.500000
40 81 0.500000
40 82 0.500000
40 84 0.500000
40 85 0.500000
40 87 0.500000
40 90 0.500000
40 92 0.500000
40 93 0.500000
40 94 0.500000
40 96 0.500000
40 99 0.500000
40 100 0.500000
40 101 0.500000
40 103 0.500000
40 112 0.500000
40 114 0.500000
40 116 0.500000
40 118 0.500000
40 119 0.500000
40 120 0.500000
40 124 0.500000
40 128 0.500000
40 132 0.500000
40 133 0.500000
40 134 0.500000
40 135 0.500000
40 137 0.500000
40 139 0.500000
40 140 0.500000
41 42 0.500000
41 46 0.500000
41 48 0.500000
41 51 0.500000
41 53 0.500000
41 55 0.500000
41 59 0.500000
41 61 0.500000
41 65 0.500000
41 67 0.500000
41 69 0.500000
41 70 0.500000
41 71 0.500000
41 72 0.500000
41 73 0.500000
41 74 0.500000
41 75 0.500000
41 77 0.500000
41 78 0.500000
41 80 0.500000
41 81 0.500000
41 82 0.500000
41 84 0.500000
41 85 0.500000
41 86 0.500000
41 90 0.500000
41 91 0.500000
41 93 0.500000
41 94 0.500000
41 96 0.500000
41 97 0.500000
41 99 0.500000
41 102 0.500000
41 105 0.500000
41 106 0.500000
41 107 0.500000
41 108 0.500000
41 109 0.500000
41 110 0.500000
41 112 0.500000
41 113 0.500000
41 114 0.500000
41 115 0.500000
41 117 0.500000
41 119 0.500000
41 120 0.500000
41 122 0.500000
41 124 0.500000
41 125 0.500000
41 126 0.500000
41 128 0.500000
41 129 0.500000
41 130 0.500000
41 132 0.500000
41 133 0.500000
41 134 0.500000
41 135 0.500000
41 136 0.500000
41 137 0.500000
41 138 0.500000
42 43 0.500000
42 47 0.500000
42 50 0.500000
42 53 0.500000
42 54 0.500000
42 56 0.500000
42 57 0.500000
42 58 0.500000
42 61 0.500000
42 62 0.500000
42 63 0.500000
42 65 0.500000
42 67 0.500000
42 69 0.500000
42 71 0.500000
42 72 0.500000
42 73 0.500000
42 74 0.500000
42 76 0.500000
42 77 0.500000
42 81 0.500000
42 82 0.500000
42 84 0.500000
42 86 0.500000
42 87 0.500000
42 88 0.500000
42 89 0.500000
42 90 0.500000
42 91 0.500000
42 92 0.500000
42 94 0.500000
42 97 0.500000
42 98 0.500000
42 99 0.500000
42 100 0.500000
42 103 0.500000
42 104 0.500000
42 106 0.500000
42 110 0.500000
42 111 0.500000
42 112 0.500000
42 113 0.500000
42 115 0.500000
42 119 0.500000
42 120 0.500000
42 123 0.500000
42 125 0.500000
42 126 0.500000
42 127 0.500000
42 128 0.500000
42 129 0.500000
42 131 0.500000
42 132 0.500000
42 133 0.500000
42 134 0.500000
42 135 0.500000
42 136 0.500000
42 139 0.500000
42 140 0.500000
43 46 0.500000
43 47 0.500000
43 48 0.500000
43 52 0.500000
43 54 0.500000
43 55 0.500000
43 57 0.500000
43 58 0.500000
43 60 0.500000
43 62 0.500000
43 63 0.500000
43 66 0.500000
43 76 0.500000
43 77 0.500000
43 81 0.500000
43 83 0.500000
43 87 0.500000
43 89 0.500000
43 90 0.500000
43 93 0.500000
43 96 0.500000
43 99 0.500000
43 103 0.500000
43 105 0.500000
43 108 0.500000
43 110 0.500000
43 111 0.500000
43 117 0.500000
43 118 0.500000
43 119 0.500000
43 120 0.500000
43 123 0.500000
43 126 0.500000
43 130 0.500000
43 131 0.500000
43 132 0.500000
43 134 0.500000
43 137 0.500000
44 45 0.500000
44 50 0.500000
44 51 0.500000
44 54 0.500000
44 55 0.500000
44 56 0.500000
44 57 0.500000
44 58 0.500000
44 60 0.500000
44 61 0.500000
44 62 0.500000
44 64 0.500000
44 67 0.500000
44 68 0.500000
44 70 0.500000
44 71 0.500000
44 72 0.500000
44 75 0.500000
44 76 0.500000
44 81 0.500000
44 82 0.500000
44 83 0.500000
44 84 0.500000
44 89 0.500000
44 92 0.500000
44 93 0.500000
44 94 0.500000
44 96 0.500000
44 97 0.500000
44 99 0.500000
44 101 0.500000
44 106 0.500000
44 109 0.500000
44 111 0.500000
44 113 0.500000
44 115 0.500000
44 117 0.500000
44 118 0.500000
44 122 0.500000
44 127 0.500000
44 132 0.500000
44 133 0.500000
44 134 0.500000
44 136 0.500000
44 137 0.500000
44 138 0.500000
44 140 0.500000
45 46 0.500000
45 48 0.500000
45 49 0.500000
45 51 0.500000
45 52 0.500000
45 53 0.500000
45 54 0.500000
45 57 0.500000
45 58 0.500000
45 59 0.500000
45 62 0.500000
45 63 0.500000
45 64 0.500000
45 65 0.500000
45 66 0.500000
45 69 0.500000
45 70 0.500000
45 73 0.500000
45 74 0.500000
45 75 0.500000
45 79 0.500000
45 81 0.500000
45 83 0.500000
45 85 0.500000
45 91 0.500000
45 93 0.500000
45 95 0.500000
45 98 0.500000
45 104 0.500000
45 107 0.500000
45 108 0.500000
45 109 0.500000
45 111 0.500000
45 112 0.500000
45 113 0.500000
45 115 0.500000
45 120 0.500000
45 121 0.500000
45 123 0.500000
45 124 0.500000
45 125 0.500000
45 126 0.500000
45 128 0.500000
45 130 0.500000
45 131 0.500000
45 133 0.500000
45 134 0.500000
45 136 0.500000
45 138 0.500000
45 140 0.500000
46 47 0.500000
46 49 0.500000
46 50 0.500000
46 51 0.500000
46 53 0.500000
46 54 0.500000
46 55 0.500000
46 58 0.500000
46 60 0.500000
46 62 0.500000
46 63 0.500000
46 65 0.500000
46 66 0.500000
46 68 0.500000
46 71 0.500000
46 72 0.500000
46 75 0.500000
46 76 0.500000
46 77 0.500000
46 78 0.500000
46 79 0.500000
46 82 0.500000
46 83 0.500000
46 85 0.500000
46 93 0.500000
46 94 0.500000
46 95 0.500000
46 96 0.500000
46 97 0.500000
46 100 0.500000
46 101 0.500000
46 105 0.500000
46 106 0.500000
46 108 0.500000
46 110 0.500000
46 111 0.500000
46 113 0.500000
46 115 0.500000
46 117 0.500000
46 118 0.500000
46 119 0.500000
46 121 0.500000
46 124 0.500000
46 128 0.500000
46 131 0.500000
46 134 0.500000
46 136 0.500000
46 137 0.500000
46 138 0.500000
46 139 0.500000
47 52 0.500000
47 53 0.500000
47 55 0.500000
47 56 0.500000
47 57 0.500000
47 59 0.500000
47 62 0.500000
47 63 0.500000
47 65 0.500000
47 69 0.500000
47 70 0.500000
47 71 0.500000
47 73 0.500000
47 74 0.500000
47 81 0.500000
47 82 0.500000
47 85 0.500000
47 87 0.500000
47 92 0.500000
47 93 0.500000
47 96 0.500000
47 99 0.500000
47 100 0.500000
47 101 0.500000
47 102 0.500000
47 103 0.500000
47 104 0.500000
47 105 0.500000
47 106 0.500000
47 107 0.500000
47 108 0.500000
47 109 0.500000
47 112 0.500000
47 113 0.500000
47 114 0.500000
47 116 0.500000
47 119 0.500000
47 120 0.500000
47 121 0.500000
47 123 0.500000
47 126 0.500000
47 128 0.500000
47 132 0.500000
47 134 0.500000
47 135 0.500000
47 136 0.500000
47 140 0.500000
48 50 0.500000
48 54 0.500000
48 56 0.500000
48 57 0.500000
48 58 0.500000
48 59 0.500000
48 62 0.500000
48 63 0.500000
48 69 0.500000
48 72 0.500000
48 74 0.500000
48 77 0.500000
48 78 0.500000
48 79 0.500000
48 80 0.500000
48 84 0.500000
48 85 0.500000
48 90 0.500000
48 91 0.500000
48 92 0.500000
48 95 0.500000
48 98 0.500000
48 99 0.500000
48 100 0.500000
48 101 0.500000
48 102 0.500000
48 103 0.500000
48 104 0.500000
48 105 0.500000
48 114 0.500000
48 115 0.500000
48 116 0.500000
48 117 0.500000
48 118 0.500000
48 128 0.500000
48 131 0.500000
48 132 0.500000
48 134 0.500000
48 135 0.500000
48 136 0.500000
48 138 0.500000
48 140 0.500000
49 56 0.500000
49 57 0.500000
49 58 0.500000
49 59 0.500000
49 60 0.500000
49 61 0.500000
49 63 0.500000
49 64 0.500000
49 66 0.500000
49 70 0.500000
49 71 0.500000
49 73 0.500000
49 74 0.500000
49 76 0.500000
49 78 0.500000
49 80 0.500000
49 81 0.500000
49 82 0.500000
49 84 0.500000
49 86 0.500000
49 87 0.500000
49 90 0.500000
49 91 0.500000
49 94 0.500000
49 97 0.500000
49 98 0.500000
49 100 0.500000
49 102 0.500000
49 103 0.500000
49 107 0.500000
49 108 0.500000
49 109 0.500000
49 110 0.500000
49 115 0.500000
49 117 0.500000
49 118 0.500000
49 122 0.500000
49 123 0.500000
49 126 0.500000
49 127 0.500000
49 129 0.500000
49 134 0.500000
49 135 0.500000
49 138 0.500000
50 55 0.500000
50 58 0.500000
50 59 0.500000
50 60 0.500000
50 61 0.500000
50 66 0.500000
50 73 0.500000
50 74 0.500000
50 75 0.500000
50 77 0.500000
50 78 0.500000
50 80 0.500000
50 82 0.500000
50 83 0.500000
50 86 0.500000
50 87 0.500000
50 88 0.500000
50 92 0.500000
50 96 0.500000
50 98 0.500000
50 100 0.500000
50 102 0.500000
50 103 0.500000
50 106 0.500000
50 109 0.500000
50 110 0.500000
50 113 0.500000
50 116 0.500000
50 117 0.500000
50 118 0.500000
50 121 0.500000
50 124 0.500000
50 125 0.500000
50 127 0.500000
50 128 0.500000
50 131 0.500000
50 134 0.500000
50 135 0.500000
50 137 0.500000
51 52 0.500000
51 56 0.500000
51 57 0.500000
51 60 0.500000
51 62 0.500000
51 63 0.500000
51 64 0.500000
51 65 0.500000
51 67 0.500000
51 68 0.500000
51 73 0.500000
51 74 0.500000
51 75 0.500000
51 79 0.500000
51 81 0.500000
51 86 0.500000
51 87 0.500000
51 89 0.500000
51 90 0.500000
51 94 0.500000
51 95 0.500000
51 97 0.500000
51 100 0.500000
51 102 0.500000
51 103 0.500000
51 104 0.500000
51 106 0.500000
51 108 0.500000
51 109 0.500000
51 110 0.500000
51 113 0.500000
51 114 0.500000
51 116 0.500000
51 120 0.500000
51 121 0.500000
51 123 0.500000
51 124 0.500000
51 125 0.500000
51 127 0.500000
51 129 0.500000
51 130 0.500000
51 131 0.500000
51 133 0.500000
51 137 0.500000
52 53 0.500000
52 56 0.500000
52 59 0.500000
52 62 0.500000
52 63 0.500000
52 66 0.500000
52 69 0.500000
52 76 0.500000
52 78 0.500000
52 79 0.500000
52 81 0.500000
52 83 0.500000
52 85 0.500000
52 88 0.500000
52 91 0.500000
52 94 0.500000
52 98 0.500000
52 101 0.500000
52 102 0.500000
52 104 0.500000
52 106 0.500000
52 109 0.500000
52 110 0.500000
52 111 0.500000
52 113 0.500000
52 114 0.500000
52 119 0.500000
52 122 0.500000
52 125 0.500000
52 126 0.500000
52 132 0.500000
52 135 0.500000
52 136 0.500000
52 139 0.500000
53 54 0.500000
53 56 0.500000
53 57 0.500000
53 61 0.500000
53 62 0.500000
53 64 0.500000
53 65 0.500000
53 69 0.500000
53 71 0.500000
53 72 0.500000
53 73 0.500000
53 74 0.500000
53 76 0.500000
53 77 0.500000
53 78 0.500000
53 79 0.500000
53 80 0.500000
53 81 0.500000
53 87 0.500000
53 90 0.500000
53 95 0.500000
53 97 0.500000
53 98 0.500000
53 99 0.500000
53 101 0.500000
53 102 0.500000
53 104 0.500000
53 106 0.500000
53 110 0.500000
53 111 0.500000
53 112 0.500000
53 113 0.500000
53 114 0.500000
53 120 0.500000
53 123 0.500000
53 125 0.500000
53 126 0.500000
53 127 0.500000
53 128 0.500000
53 129 0.500000
53 130 0.500000
53 132 0.500000
53 133 0.500000
53 134 0.500000
53 136 0.500000
53 137 0.500000
53 138 0.500000
53 140 0.500000
54 57 0.500000
54 59 0.500000
54 60 0.500000
54 61 0.500000
54 64 0.500000
54 65 0.500000
54 66 0.500000
54 69 0.500000
54 71 0.500000
54 72 0.500000
54 76 0.500000
54 77 0.500000
54 79 0.500000
54 80 0.500000
54 82 0.500000
54 83 0.500000
54 85 0.500000
54 87 0.500000
54 88 0.500000
54 90 0.500000
54 91 0.500000
54 92 0.500000
54 94 0.500000
54 97 0.500000
54 98 0.500000
54 102 0.500000
54 103 0.500000
54 104 0.500000
54 105 0.500000
54 108 0.500000
54 109 0.500000
54 110 0.500000
54 111 0.500000
54 112 0.500000
54 113 0.500000
54 115 0.500000
54 118 0.500000
54 120 0.500000
54 121 0.500000
54 122 0.500000
54 123 0.500000
54 124 0.500000
54 125 0.500000
54 126 0.500000
54 127 0.500000
54 131 0.500000
54 132 0.500000
54 135 0.500000
54 136 0.500000
54 137 0.500000
55 58 0.500000
55 60 0.500000
55 61 0.500000
55 62 0.500000
55 64 0.500000
55 65 0.500000
55 66 0.500000
55 68 0.500000
55 69 0.500000
55 70 0.500000
55 73 0.500000
55 76 0.500000
55 77 0.500000
55 78 0.500000
55 79 0.500000
55 81 0.500000
55 84 0.500000
55 86 0.500000
55 88 0.500000
55 91 0.500000
55 92 0.500000
55 93 0.500000
55 95 0.500000
55 96 0.500000
55 99 0.500000
55 100 0.500000
55 101 0.500000
55 102 0.500000
55 104 0.500000
55 106 0.500000
55 107 0.500000
55 108 0.500000
55 110 0.500000
55 112 0.500000
55 113 0.500000
55 114 0.500000
55 115 0.500000
55 117 0.500000
55 120 0.500000
55 122 0.500000
55 124 0.500000
55 125 0.500000
55 127 0.500000
55 130 0.500000
55 132 0.500000
55 133 0.500000
55 134 0.500000
55 136 0.500000
55 138 0.500000
55 139 0.500000
56 58 0.500000
56 59 0.500000
56 61 0.500000
56 62 0.500000
56 63 0.500000
56 64 0.500000
56 65 0.500000
56 72 0.500000
56 73 0.500000
56 77 0.500000
56 78 0.500000
56 79 0.500000
56 80 0.500000
56 81 0.500000
56 83 0.500000
56 84 0.500000
56 85 0.500000
56 87 0.500000
56 90 0.500000
56 93 0.500000
56 94 0.500000
56 95 0.500000
56 99 0.500000
56 102 0.500000
56 103 0.500000
56 104 0.500000
56 105 0.500000
56 106 0.500000
56 107 0.500000
56 110 0.500000
56 112 0.500000
56 114 0.500000
56 115 0.500000
56 117 0.500000
56 119 0.500000
56 120 0.500000
56 123 0.500000
56 126 0.500000
56 130 0.500000
56 132 0.500000
56 133 0.500000
56 136 0.500000
56 137 0.500000
56 138 0.500000
56 139 0.500000
56 140 0.500000
57 58 0.500000
57 59 0.500000
57 61 0.500000
57 62 0.500000
57 63 0.500000
57 64 0.500000
57 66 0.500000
57 67 0.500000
57 69 0.500000
57 70 0.500000
57 71 0.500000
57 73 0.500000
57 74 0.500000
57 75 0.500000
57 76 0.500000
57 78 0.500000
57 79 0.500000
57 82 0.500000
57 84 0.500000
57 86 0.500000
57 93 0.500000
57 95 0.500000
57 96 0.500000
57 98 0.500000
57 100 0.500000
57 101 0.500000
57 103 0.500000
57 105 0.500000
57 106 0.500000
57 108 0.500000
57 110 0.500000
57 111 0.500000
57 112 0.500000
57 113 0.500000
57 119 0.500000
57 120 0.500000
57 123 0.500000
57 124 0.500000
57 126 0.500000
57 127 0.500000
57 128 0.500000
57 129 0.500000
57 130 0.500000
57 132 0.500000
57 134 0.500000
57 135 0.500000
57 137 0.500000
57 139 0.500000
57 140 0.500000
58 60 0.500000
58 61 0.500000
58 63 0.500000
58 65 0.500000
58 67 0.500000
58 69 0.500000
58 71 0.500000
58 74 0.500000
58 75 0.500000
58 76 0.500000
58 78 0.500000
58 79 0.500000
58 80 0.500000
58 82 0.500000
58 83 0.500000
58 84 0.500000
58 85 0.500000
58 86 0.500000
58 87 0.500000
58 89 0.500000
58 91 0.500000
58 92 0.500000
58 94 0.500000
58 95 0.500000
58 99 0.500000
58 100 0.500000
58 101 0.500000
58 104 0.500000
58 106 0.500000
58 110 0.500000
58 113 0.500000
58 116 0.500000
58 120 0.500000
58 122 0.500000
58 125 0.500000
58 129 0.500000
58 130 0.500000
58 132 0.500000
58 133 0.500000
58 135 0.500000
58 136 0.500000
58 137 0.500000
58 138 0.500000
58 139 0.500000
59 63 0.500000
59 64 0.500000
59 66 0.500000
59 67 0.500000
59 68 0.500000
59 70 0.500000
59 75 0.500000
59 76 0.500000
59 78 0.500000
59 79 0.500000
59 80 0.500000
59 84 0.500000
59 89 0.500000
59 90 0.500000
59 91 0.500000
59 93 0.500000
59 94 0.500000
59 96 0.500000
59 97 0.500000
59 98 0.500000
59 100 0.500000
59 102 0.500000
59 103 0.500000
59 105 0.500000
59 109 0.500000
59 113 0.500000
59 114 0.500000
59 118 0.500000
59 121 0.500000
59 122 0.500000
59 123 0.500000
59 127 0.500000
59 129 0.500000
59 130 0.500000
59 132 0.500000
59 133 0.500000
59 139 0.500000
60 63 0.500000
60 64 0.500000
60 72 0.500000
60 73 0.500000
60 76 0.500000
60 77 0.500000
60 78 0.500000
60 79 0.500000
60 80 0.500000
60 81 0.500000
60 83 0.500000
60 86 0.500000
60 89 0.500000
60 91 0.500000
60 92 0.500000
60 96 0.500000
60 98 0.500000
60 100 0.500000
60 106 0.500000
60 107 0.500000
60 108 0.500000
60 110 0.500000
60 115 0.500000
60 119 0.500000
60 123 0.500000
60 125 0.500000
60 128 0.500000
60 129 0.500000
60 132 0.500000
60 135 0.500000
60 136 0.500000
60 137 0.500000
60 138 0.500000
60 140 0.500000
61 66 0.500000
61 67 0.500000
61 69 0.500000
61 70 0.500000
61 72 0.500000
61 74 0.500000
61 77 0.500000
61 79 0.500000
61 80 0.500000
61 81 0.500000
61 84 0.500000
61 85 0.500000
61 88 0.500000
61 90 0.500000
61 91 0.500000
61 92 0.500000
61 93 0.500000
61 94 0.500000
61 96 0.500000
61 97 0.500000
61 101 0.500000
61 102 0.500000
61 103 0.500000
61 107 0.500000
61 108 0.500000
61 110 0.500000
61 111 0.500000
61 116 0.500000
61 117 0.500000
61 119 0.500000
61 122 0.500000
61 123 0.500000
61 127 0.500000
61 128 0.500000
61 130 0.500000
61 131 0.500000
61 133 0.500000
61 136 0.500000
62 64 0.500000
62 66 0.500000
62 68 0.500000
62 69 0.500000
62 71 0.500000
62 73 0.500000
62 74 0.500000
62 75 0.500000
62 79 0.500000
62 81 0.500000
62 82 0.500000
62 85 0.500000
62 87 0.500000
62 91 0.500000
62 95 0.500000
62 97 0.500000
62 98 0.500000
62 99 0.500000
62 100 0.500000
62 101 0.500000
62 102 0.500000
62 104 0.500000
62 106 0.500000
62 112 0.500000
62 113 0.500000
62 117 0.500000
62 119 0.500000
62 121 0.500000
62 122 0.500000
62 123 0.500000
62 124 0.500000
62 125 0.500000
62 126 0.500000
62 127 0.500000
62 129 0.500000
62 132 0.500000
62 133 0.500000
62 136 0.500000
62 140 0.500000
63 65 0.500000
63 67 0.500000
63 70 0.500000
63 71 0.500000
63 77 0.500000
63 81 0.500000
63 82 0.500000
63 84 0.500000
63 87 0.500000
63 91 0.500000
63 92 0.500000
63 94 0.500000
63 98 0.500000
63 99 0.500000
63 101 0.500000
63 102 0.500000
63 104 0.500000
63 106 0.500000
63 109 0.500000
63 112 0.500000
63 119 0.500000
63 122 0.500000
63 123 0.500000
63 124 0.500000
63 125 0.500000
63 127 0.500000
63 128 0.500000
63 129 0.500000
63 130 0.500000
63 134 0.500000
63 135 0.500000
63 138 0.500000
63 139 0.500000
63 140 0.500000
64 68 0.500000
64 69 0.500000
64 71 0.500000
64 73 0.500000
64 74 0.500000
64 75 0.500000
64 76 0.500000
64 79 0.500000
64 85 0.500000
64 86 0.500000
64 87 0.500000
64 90 0.500000
64 93 0.500000
64 94 0.500000
64 95 0.500000
64 96 0.500000
64 97 0.500000
64 100 0.500000
64 101 0.500000
64 103 0.500000
64 104 0.500000
64 108 0.500000
64 110 0.500000
64 111 0.500000
64 113 0.500000
64 114 0.500000
64 115 0.500000
64 117 0.500000
64 120 0.500000
64 124 0.500000
64 127 0.500000
64 134 0.500000
64 136 0.500000
64 139 0.500000
65 67 0.500000
65 72 0.500000
65 73 0.500000
65 76 0.500000
65 77 0.500000
65 78 0.500000
65 80 0.500000
65 81 0.500000
65 82 0.500000
65 83 0.500000
65 87 0.500000
65 88 0.500000
65 90 0.500000
65 92 0.500000
65 95 0.500000
65 98 0.500000
65 107 0.500000
65 108 0.500000
65 115 0.500000
65 116 0.500000
65 120 0.500000
65 121 0.500000
65 122 0.500000
65 124 0.500000
65 125 0.500000
65 126 0.500000
65 127 0.500000
65 128 0.500000
65 129 0.500000
65 133 0.500000
65 134 0.500000
65 137 0.500000
65 138 0.500000
65 139 0.500000
65 140 0.500000
66 67 0.500000
66 70 0.500000
66 71 0.500000
66 72 0.500000
66 73 0.500000
66 74 0.500000
66 75 0.500000
66 76 0.500000
66 78 0.500000
66 80 0.500000
66 81 0.500000
66 82 0.500000
66 83 0.500000
66 85 0.500000
66 86 0.500000
66 87 0.500000
66 88 0.500000
66 89 0.500000
66 90 0.500000
66 91 0.500000
66 92 0.500000
66 93 0.500000
66 94 0.500000
66 95 0.500000
66 96 0.500000
66 97 0.500000
66 101 0.500000
66 105 0.500000
66 106 0.500000
66 107 0.500000
66 113 0.500000
66 121 0.500000
66 122 0.500000
66 123 0.500000
66 125 0.500000
66 126 0.500000
66 127 0.500000
66 129 0.500000
66 131 0.500000
66 132 0.500000
66 140 0.500000
67 68 0.500000
67 70 0.500000
67 73 0.500000
67 74 0.500000
67 75 0.500000
67 77 0.500000
67 80 0.500000
67 83 0.500000
67 87 0.500000
67 89 0.500000
67 90 0.500000
67 91 0.500000
67 93 0.500000
67 94 0.500000
67 103 0.500000
67 104 0.500000
67 106 0.500000
67 110 0.500000
67 112 0.500000
67 114 0.500000
67 115 0.500000
67 119 0.500000
67 122 0.500000
67 126 0.500000
67 127 0.500000
67 131 0.500000
67 133 0.500000
67 134 0.500000
67 137 0.500000
67 138 0.500000
67 140 0.500000
68 71 0.500000
68 72 0.500000
68 73 0.500000
68 75 0.500000
68 81 0.500000
68 86 0.500000
68 89 0.500000
68 91 0.500000
68 92 0.500000
68 94 0.500000
68 96 0.500000
68 97 0.500000
68 98 0.500000
68 102 0.500000
68 105 0.500000
68 106 0.500000
68 107 0.500000
68 108 0.500000
68 111 0.500000
68 112 0.500000
68 113 0.500000
68 114 0.500000
68 115 0.500000
68 116 0.500000
68 117 0.500000
68 119 0.500000
68 120 0.500000
68 121 0.500000
68 122 0.500000
68 123 0.500000
68 124 0.500000
68 128 0.500000
68 130 0.500000
68 133 0.500000
68 136 0.500000
68 137 0.500000
68 139 0.500000
68 140 0.500000
69 72 0.500000
69 73 0.500000
69 74 0.500000
69 75 0.500000
69 76 0.500000
69 77 0.500000
69 78 0.500000
69 80 0.500000
69 81 0.500000
69 85 0.500000
69 88 0.500000
69 89 0.500000
69 90 0.500000
69 94 0.500000
69 95 0.500000
69 100 0.500000
69 102 0.500000
69 105 0.500000
69 106 0.500000
69 108 0.500000
69 112 0.500000
69 117 0.500000
69 119 0.500000
69 122 0.500000
69 126 0.500000
69 128 0.500000
69 131 0.500000
69 132 0.500000
69 133 0.500000
69 134 0.500000
69 135 0.500000
69 137 0.500000
69 139 0.500000
69 140 0.500000
70 71 0.500000
70 72 0.500000
70 73 0.500000
70 74 0.500000
70 75 0.500000
70 77 0.500000
70 78 0.500000
70 79 0.500000
70 80 0.500000
70 82 0.500000
70 83 0.500000
70 84 0.500000
70 85 0.500000
70 89 0.500000
70 90 0.500000
70 92 0.500000
70 93 0.500000
70 97 0.500000
70 98 0.500000
70 101 0.500000
70 102 0.500000
70 104 0.500000
70 106 0.500000
70 108 0.500000
70 112 0.500000
70 114 0.500000
70 115 0.500000
70 118 0.500000
70 119 0.500000
70 120 0.500000
70 122 0.500000
70 124 0.500000
70 125 0.500000
70 126 0.500000
70 129 0.500000
70 130 0.500000
70 131 0.500000
70 132 0.500000
70 134 0.500000
70 135 0.500000
70 140 0.500000
71 73 0.500000
71 75 0.500000
71 76 0.500000
71 77 0.500000
71 79 0.500000
71 80 0.500000
71 81 0.500000
71 82 0.500000
71 84 0.500000
71 87 0.500000
71 88 0.500000
71 91 0.500000
71 92 0.500000
71 94 0.500000
71 97 0.500000
71 102 0.500000
71 103 0.500000
71 104 0.500000
71 105 0.500000
71 107 0.500000
71 112 0.500000
71 113 0.500000
71 116 0.500000
71 117 0.500000
71 119 0.500000
71 124 0.500000
71 126 0.500000
71 128 0.500000
71 129 0.500000
71 133 0.500000
71 139 0.500000
72 73 0.500000
72 74 0.500000
72 75 0.500000
72 77 0.500000
72 78 0.500000
72 82 0.500000
72 86 0.500000
72 87 0.500000
72 88 0.500000
72 89 0.500000
72 92 0.500000
72 94 0.500000
72 96 0.500000
72 97 0.500000
72 100 0.500000
72 102 0.500000
72 103 0.500000
72 104 0.500000
72 110 0.500000
72 111 0.500000
72 114 0.500000
72 115 0.500000
72 116 0.500000
72 118 0.500000
72 121 0.500000
72 122 0.500000
72 123 0.500000
72 124 0.500000
72 125 0.500000
72 126 0.500000
72 127 0.500000
72 129 0.500000
72 131 0.500000
72 132 0.500000
72 134 0.500000
72 138 0.500000
73 77 0.500000
73 78 0.500000
73 80 0.500000
73 82 0.500000
73 83 0.500000
73 84 0.500000
73 85 0.500000
73 86 0.500000
73 87 0.500000
73 90 0.500000
73 92 0.500000
73 94 0.500000
73 99 0.500000
73 100 0.500000
73 101 0.500000
73 102 0.500000
73 103 0.500000
73 104 0.500000
73 110 0.500000
73 111 0.500000
73 113 0.500000
73 115 0.500000
73 116 0.500000
73 117 0.500000
73 118 0.500000
73 121 0.500000
73 123 0.500000
73 125 0.500000
73 126 0.500000
73 128 0.500000
73 129 0.500000
73 132 0.500000
73 133 0.500000
73 135 0.500000
73 136 0.500000
73 138 0.500000
74 75 0.500000
74 80 0.500000
74 83 0.500000
74 86 0.500000
74 87 0.500000
74 88 0.500000
74 90 0.500000
74 92 0.500000
74 96 0.500000
74 98 0.500000
74 99 0.500000
74 101 0.500000
74 103 0.500000
74 104 0.500000
74 105 0.500000
74 108 0.500000
74 109 0.500000
74 112 0.500000
74 116 0.500000
74 117 0.500000
74 118 0.500000
74 119 0.500000
74 121 0.500000
74 123 0.500000
74 124 0.500000
74 125 0.500000
74 127 0.500000
74 129 0.500000
74 132 0.500000
74 133 0.500000
74 135 0.500000
74 139 0.500000
74 140 0.500000
75 78 0.500000
75 79 0.500000
75 80 0.500000
75 85 0.500000
75 88 0.500000
75 89 0.500000
75 90 0.500000
75 96 0.500000
75 98 0.500000
75 100 0.500000
75 102 0.500000
75 107 0.500000
75 111 0.500000
75 112 0.500000
75 113 0.500000
75 114 0.500000
75 115 0.500000
75 116 0.500000
75 117 0.500000
75 118 0.500000
75 121 0.500000
75 122 0.500000
75 127 0.500000
75 128 0.500000
75 129 0.500000
75 131 0.500000
75 137 0.500000
75 138 0.500000
75 140 0.500000
76 77 0.500000
76 78 0.500000
76 79 0.500000
76 82 0.500000
76 85 0.500000
76 86 0.500000
76 90 0.500000
76 92 0.500000
76 95 0.500000
76 96 0.500000
76 102 0.500000
76 104 0.500000
76 106 0.500000
76 107 0.500000
76 108 0.500000
76 109 0.500000
76 110 0.500000
76 113 0.500000
76 114 0.500000
76 115 0.500000
76 117 0.500000
76 119 0.500000
76 120 0.500000
76 121 0.500000
76 122 0.500000
76 123 0.500000
76 124 0.500000
76 127 0.500000
76 128 0.500000
76 129 0.500000
76 130 0.500000
76 132 0.500000
76 133 0.500000
76 136 0.500000
76 137 0.500000
76 138 0.500000
76 139 0.500000
76 140 0.500000
77 78 0.500000
77 81 0.500000
77 83 0.500000
77 86 0.500000
77 87 0.500000
77 88 0.500000
77 89 0.500000
77 93 0.500000
77 94 0.500000
77 97 0.500000
77 98 0.500000
77 100 0.500000
77 102 0.500000
77 103 0.500000
77 105 0.500000
77 107 0.500000
77 108 0.500000
77 109 0.500000
77 114 0.500000
77 115 0.500000
77 116 0.500000
77 117 0.500000
77 118 0.500000
77 122 0.500000
77 123 0.500000
77 124 0.500000
77 125 0.500000
77 129 0.500000
77 130 0.500000
77 136 0.500000
77 138 0.500000
77 139 0.500000
78 79 0.500000
78 81 0.500000
78 83 0.500000
78 85 0.500000
78 86 0.500000
78 88 0.500000
78 89 0.500000
78 91 0.500000
78 93 0.500000
78 95 0.500000
78 96 0.500000
78 97 0.500000
78 100 0.500000
78 101 0.500000
78 104 0.500000
78 105 0.500000
78 109 0.500000
78 110 0.500000
78 111 0.500000
78 112 0.500000
78 113 0.500000
78 114 0.500000
78 117 0.500000
78 118 0.500000
78 119 0.500000
78 120 0.500000
78 123 0.500000
78 124 0.500000
78 125 0.500000
78 130 0.500000
78 131 0.500000
78 132 0.500000
78 135 0.500000
78 136 0.500000
78 138 0.500000
79 80 0.500000
79 81 0.500000
79 82 0.500000
79 83 0.500000
79 84 0.500000
79 85 0.500000
79 86 0.500000
79 88 0.500000
79 89 0.500000
79 90 0.500000
79 91 0.500000
79 92 0.500000
79 96 0.500000
79 98 0.500000
79 99 0.500000
79 102 0.500000
79 105 0.500000
79 108 0.500000
79 109 0.500000
79 110 0.500000
79 111 0.500000
79 112 0.500000
79 113 0.500000
79 114 0.500000
79 117 0.500000
79 120 0.500000
79 121 0.500000
79 123 0.500000
79 124 0.500000
79 126 0.500000
79 129 0.500000
79 133 0.500000
79 134 0.500000
79 135 0.500000
79 137 0.500000
79 139 0.500000
79 140 0.500000
80 81 0.500000
80 83 0.500000
80 84 0.500000
80 85 0.500000
80 86 0.500000
80 87 0.500000
80 90 0.500000
80 94 0.500000
80 95 0.500000
80 98 0.500000
80 99 0.500000
80 100 0.500000
80 102 0.500000
80 104 0.500000
80 105 0.500000
80 106 0.500000
80 109 0.500000
80 110 0.500000
80 113 0.500000
80 114 0.500000
80 115 0.500000
80 117 0.500000
80 118 0.500000
80 121 0.500000
80 122 0.500000
80 124 0.500000
80 125 0.500000
80 126 0.500000
80 130 0.500000
80 133 0.500000
80 134 0.500000
80 136 0.500000
80 137 0.500000
80 138 0.500000
80 139 0.500000
80 140 0.500000
81 85 0.500000
81 88 0.500000
81 89 0.500000
81 90 0.500000
81 91 0.500000
81 93 0.500000
81 96 0.500000
81 97 0.500000
81 100 0.500000
81 102 0.500000
81 103 0.500000
81 104 0.500000
81 106 0.500000
81 109 0.500000
81 111 0.500000
81 112 0.500000
81 116 0.500000
81 117 0.500000
81 118 0.500000
81 119 0.500000
81 122 0.500000
81 124 0.500000
81 125 0.500000
81 129 0.500000
81 130 0.500000
81 133 0.500000
81 134 0.500000
81 135 0.500000
81 138 0.500000
81 140 0.500000
82 83 0.500000
82 84 0.500000
82 86 0.500000
82 87 0.500000
82 89 0.500000
82 94 0.500000
82 95 0.500000
82 96 0.500000
82 101 0.500000
82 105 0.500000
82 106 0.500000
82 109 0.500000
82 111 0.500000
82 112 0.500000
82 114 0.500000
82 116 0.500000
82 117 0.500000
82 119 0.500000
82 121 0.500000
82 127 0.500000
82 128 0.500000
82 130 0.500000
82 131 0.500000
82 136 0.500000
82 139 0.500000
83 85 0.500000
83 86 0.500000
83 87 0.500000
83 88 0.500000
83 92 0.500000
83 96 0.500000
83 98 0.500000
83 99 0.500000
83 100 0.500000
83 101 0.500000
83 102 0.500000
83 103 0.500000
83 104 0.500000
83 105 0.500000
83 108 0.500000
83 109 0.500000
83 112 0.500000
83 114 0.500000
83 115 0.500000
83 117 0.500000
83 118 0.500000
83 119 0.500000
83 122 0.500000
83 123 0.500000
83 127 0.500000
83 128 0.500000
83 129 0.500000
83 130 0.500000
83 131 0.500000
83 133 0.500000
83 134 0.500000
83 136 0.500000
83 139 0.500000
84 85 0.500000
84 86 0.500000
84 88 0.500000
84 90 0.500000
84 91 0.500000
84 93 0.500000
84 96 0.500000
84 98 0.500000
84 101 0.500000
84 103 0.500000
84 107 0.500000
84 110 0.500000
84 113 0.500000
84 114 0.500000
84 118 0.500000
84 119 0.500000
84 121 0.500000
84 122 0.500000
84 123 0.500000
84 125 0.500000
84 126 0.500000
84 127 0.500000
84 129 0.500000
84 131 0.500000
84 132 0.500000
84 135 0.500000
84 137 0.500000
84 138 0.500000
84 139 0.500000
84 140 0.500000
85 86 0.500000
85 87 0.500000
85 93 0.500000
85 94 0.500000
85 96 0.500000
85 101 0.500000
85 103 0.500000
85 107 0.500000
85 111 0.500000
85 113 0.500000
85 115 0.500000
85 118 0.500000
85 119 0.500000
85 120 0.500000
85 121 0.500000
85 122 0.500000
85 126 0.500000
85 128 0.500000
85 130 0.500000
85 131 0.500000
85 134 0.500000
85 138 0.500000
86 89 0.500000
86 90 0.500000
86 91 0.500000
86 93 0.500000
86 94 0.500000
86 95 0.500000
86 99 0.500000
86 100 0.500000
86 102 0.500000
86 103 0.500000
86 107 0.500000
86 110 0.500000
86 112 0.500000
86 113 0.500000
86 116 0.500000
86 117 0.500000
86 119 0.500000
86 124 0.500000
86 125 0.500000
86 127 0.500000
86 130 0.500000
86 132 0.500000
86 134 0.500000
86 138 0.500000
86 139 0.500000
87 89 0.500000
87 91 0.500000
87 92 0.500000
87 95 0.500000
87 98 0.500000
87 99 0.500000
87 102 0.500000
87 103 0.500000
87 104 0.500000
87 105 0.500000
87 106 0.500000
87 107 0.500000
87 109 0.500000
87 111 0.500000
87 112 0.500000
87 113 0.500000
87 114 0.500000
87 117 0.500000
87 119 0.500000
87 120 0.500000
87 122 0.500000
87 123 0.500000
87 125 0.500000
87 126 0.500000
87 129 0.500000
87 130 0.500000
87 131 0.500000
87 132 0.500000
87 137 0.500000
87 139 0.500000
87 140 0.500000
88 92 0.500000
88 93 0.500000
88 96 0.500000
88 101 0.500000
88 103 0.500000
88 107 0.500000
88 109 0.500000
88 115 0.500000
88 117 0.500000
88 118 0.500000
88 119 0.500000
88 121 0.500000
88 122 0.500000
88 124 0.500000
88 126 0.500000
88 129 0.500000
88 130 0.500000
88 131 0.500000
88 132 0.500000
88 133 0.500000
88 136 0.500000
88 138 0.500000
88 139 0.500000
88 140 0.500000
89 93 0.500000
89 94 0.500000
89 98 0.500000
89 99 0.500000
89 100 0.500000
89 102 0.500000
89 103 0.500000
89 104 0.500000
89 105 0.500000
89 106 0.500000
89 107 0.500000
89 113 0.500000
89 114 0.500000
89 116 0.500000
89 119 0.500000
89 120 0.500000
89 123 0.500000
89 124 0.500000
89 126 0.500000
89 127 0.500000
89 129 0.500000
89 131 0.500000
89 135 0.500000
89 137 0.500000
89 138 0.500000
89 139 0.500000
90 91 0.500000
90 94 0.500000
90 99 0.500000
90 101 0.500000
90 105 0.500000
90 107 0.500000
90 108 0.500000
90 109 0.500000
90 110 0.500000
90 111 0.500000
90 117 0.500000
90 118 0.500000
90 119 0.500000
90 121 0.500000
90 125 0.500000
90 126 0.500000
90 127 0.500000
90 128 0.500000
90 129 0.500000
90 131 0.500000
90 132 0.500000
90 135 0.500000
90 136 0.500000
90 139 0.500000
91 94 0.500000
91 95 0.500000
91 97 0.500000
91 101 0.500000
91 103 0.500000
91 104 0.500000
91 106 0.500000
91 115 0.500000
91 119 0.500000
91 120 0.500000
91 121 0.500000
91 122 0.500000
91 123 0.500000
91 124 0.500000
91 125 0.500000
91 128 0.500000
91 131 0.500000
91 134 0.500000
91 135 0.500000
91 138 0.500000
91 139 0.500000
91 140 0.500000
92 95 0.500000
92 101 0.500000
92 104 0.500000
92 105 0.500000
92 106 0.500000
92 108 0.500000
92 109 0.500000
92 110 0.500000
92 114 0.500000
92 115 0.500000
92 116 0.500000
92 118 0.500000
92 119 0.500000
92 121 0.500000
92 122 0.500000
92 125 0.500000
92 128 0.500000
92 129 0.500000
92 130 0.500000
92 132 0.500000
92 134 0.500000
92 135 0.500000
92 138 0.500000
93 94 0.500000
93 96 0.500000
93 97 0.500000
93 98 0.500000
93 100 0.500000
93 101 0.500000
93 102 0.500000
93 104 0.500000
93 105 0.500000
93 109 0.500000
93 115 0.500000
93 116 0.500000
93 118 0.500000
93 123 0.500000
93 124 0.500000
93 125 0.500000
93 126 0.500000
93 128 0.500000
93 129 0.500000
93 132 0.500000
93 133 0.500000
93 137 0.500000
93 138 0.500000
93 139 0.500000
93 140 0.500000
94 95 0.500000
94 96 0.500000
94 98 0.500000
94 100 0.500000
94 102 0.500000
94 104 0.500000
94 107 0.500000
94 108 0.500000
94 109 0.500000
94 111 0.500000
94 112 0.500000
94 117 0.500000
94 118 0.500000
94 121 0.500000
94 122 0.500000
94 123 0.500000
94 126 0.500000
94 128 0.500000
94 131 0.500000
94 133 0.500000
94 134 0.500000
94 135 0.500000
94 136 0.500000
94 138 0.500000
94 139 0.500000
94 140 0.500000
95 96 0.500000
95 97 0.500000
95 99 0.500000
95 101 0.500000
95 103 0.500000
95 104 0.500000
95 107 0.500000
95 108 0.500000
95 109 0.500000
95 110 0.500000
95 111 0.500000
95 113 0.500000
95 114 0.500000
95 118 0.500000
95 120 0.500000
95 121 0.500000
95 122 0.500000
95 123 0.500000
95 126 0.500000
95 128 0.500000
95 130 0.500000
95 133 0.500000
95 134 0.500000
95 135 0.500000
95 136 0.500000
95 139 0.500000
95 140 0.500000
96 99 0.500000
96 104 0.500000
96 105 0.500000
96 106 0.500000
96 107 0.500000
96 110 0.500000
96 112 0.500000
96 114 0.500000
96 116 0.500000
96 117 0.500000
96 121 0.500000
96 122 0.500000
96 123 0.500000
96 128 0.500000
96 129 0.500000
96 131 0.500000
96 132 0.500000
96 133 0.500000
96 134 0.500000
96 137 0.500000
97 98 0.500000
97 100 0.500000
97 104 0.500000
97 106 0.500000
97 107 0.500000
97 108 0.500000
97 111 0.500000
97 116 0.500000
97 117 0.500000
97 118 0.500000
97 120 0.500000
97 121 0.500000
97 122 0.500000
97 123 0.500000
97 124 0.500000
97 125 0.500000
97 126 0.500000
97 128 0.500000
97 130 0.500000
97 132 0.500000
97 135 0.500000
97 136 0.500000
97 138 0.500000
98 99 0.500000
98 100 0.500000
98 101 0.500000
98 102 0.500000
98 104 0.500000
98 110 0.500000
98 115 0.500000
98 119 0.500000
98 121 0.500000
98 123 0.500000
98 124 0.500000
98 125 0.500000
98 126 0.500000
98 131 0.500000
98 140 0.500000
99 100 0.500000
99 102 0.500000
99 103 0.500000
99 105 0.500000
99 106 0.500000
99 107 0.500000
99 110 0.500000
99 111 0.500000
99 112 0.500000
99 114 0.500000
99 115 0.500000
99 116 0.500000
99 118 0.500000
99 120 0.500000
99 121 0.500000
99 122 0.500000
99 123 0.500000
99 124 0.500000
99 125 0.500000
99 132 0.500000
99 133 0.500000
99 134 0.500000
99 135 0.500000
99 136 0.500000
99 137 0.500000
99 138 0.500000
99 140 0.500000
100 103 0.500000
100 105 0.500000
100 106 0.500000
100 109 0.500000
100 111 0.500000
100 112 0.500000
100 113 0.500000
100 114 0.500000
100 115 0.500000
100 116 0.500000
100 117 0.500000
100 119 0.500000
100 120 0.500000
100 126 0.500000
100 128 0.500000
100 130 0.500000
100 133 0.500000
100 135 0.500000
100 138 0.500000
101 105 0.500000
101 107 0.500000
101 108 0.500000
101 109 0.500000
101 110 0.500000
101 111 0.500000
101 115 0.500000
101 116 0.500000
101 117 0.500000
101 118 0.500000
101 119 0.500000
101 122 0.500000
101 124 0.500000
101 125 0.500000
101 126 0.500000
101 127 0.500000
101 129 0.500000
101 130 0.500000
101 131 0.500000
101 132 0.500000
101 135 0.500000
101 136 0.500000
101 137 0.500000
101 138 0.500000
101 139 0.500000
101 140 0.500000
102 106 0.500000
102 107 0.500000
102 108 0.500000
102 111 0.500000
102 114 0.500000
102 117 0.500000
102 118 0.500000
102 120 0.500000
102 122 0.500000
102 126 0.500000
102 127 0.500000
102 129 0.500000
102 130 0.500000
102 131 0.500000
102 132 0.500000
102 133 0.500000
102 136 0.500000
102 137 0.500000
102 138 0.500000
102 139 0.500000
103 104 0.500000
103 105 0.500000
103 107 0.500000
103 110 0.500000
103 111 0.500000
103 113 0.500000
103 116 0.500000
103 117 0.500000
103 127 0.500000
103 131 0.500000
103 133 0.500000
103 135 0.500000
103 136 0.500000
103 137 0.500000
103 139 0.500000
104 105 0.500000
104 110 0.500000
104 113 0.500000
104 114 0.500000
104 115 0.500000
104 116 0.500000
104 117 0.500000
104 118 0.500000
104 120 0.500000
104 122 0.500000
104 123 0.500000
104 128 0.500000
104 129 0.500000
104 130 0.500000
104 133 0.500000
104 134 0.500000
104 138 0.500000
104 139 0.500000
104 140 0.500000
105 106 0.500000
105 108 0.500000
105 110 0.500000
105 112 0.500000
105 114 0.500000
105 115 0.500000
105 116 0.500000
105 117 0.500000
105 121 0.500000
105 127 0.500000
105 128 0.500000
105 131 0.500000
105 133 0.500000
105 137 0.500000
105 138 0.500000
105 140 0.500000
106 111 0.500000
106 112 0.500000
106 113 0.500000
106 114 0.500000
106 115 0.500000
106 120 0.500000
106 121 0.500000
106 123 0.500000
106 126 0.500000
106 129 0.500000
106 130 0.500000
106 135 0.500000
106 136 0.500000
106 137 0.500000
106 138 0.500000
107 109 0.500000
107 111 0.500000
107 112 0.500000
107 115 0.500000
107 116 0.500000
107 117 0.500000
107 119 0.500000
107 122 0.500000
107 124 0.500000
107 127 0.500000
107 128 0.500000
107 130 0.500000
107 131 0.500000
107 134 0.500000
107 136 0.500000
107 138 0.500000
107 139 0.500000
108 109 0.500000
108 110 0.500000
108 111 0.500000
108 116 0.500000
108 119 0.500000
108 120 0.500000
108 122 0.500000
108 123 0.500000
108 124 0.500000
108 126 0.500000
108 129 0.500000
108 133 0.500000
108 134 0.500000
108 135 0.500000
108 136 0.500000
108 138 0.500000
108 140 0.500000
109 112 0.500000
109 113 0.500000
109 114 0.500000
109 116 0.500000
109 118 0.500000
109 120 0.500000
109 122 0.500000
109 126 0.500000
109 127 0.500000
109 129 0.500000
109 131 0.500000
109 132 0.500000
109 134 0.500000
109 136 0.500000
109 137 0.500000
109 138 0.500000
109 139 0.500000
110 113 0.500000
110 118 0.500000
110 119 0.500000
110 120 0.500000
110 121 0.500000
110 123 0.500000
110 125 0.500000
110 126 0.500000
110 127 0.500000
110 128 0.500000
110 131 0.500000
110 132 0.500000
110 133 0.500000
110 134 0.500000
110 137 0.500000
110 138 0.500000
111 115 0.500000
111 116 0.500000
111 118 0.500000
111 119 0.500000
111 120 0.500000
111 122 0.500000
111 125 0.500000
111 126 0.500000
111 127 0.500000
111 128 0.500000
111 131 0.500000
111 132 0.500000
111 133 0.500000
111 137 0.500000
111 138 0.500000
112 113 0.500000
112 114 0.500000
112 116 0.500000
112 118 0.500000
112 119 0.500000
112 120 0.500000
112 121 0.500000
112 122 0.500000
112 123 0.500000
112 124 0.500000
112 125 0.500000
112 126 0.500000
112 127 0.500000
112 129 0.500000
112 130 0.500000
112 133 0.500000
112 135 0.500000
112 136 0.500000
112 140 0.500000
113 121 0.500000
113 122 0.500000
113 123 0.500000
113 125 0.500000
113 127 0.500000
113 128 0.500000
113 129 0.500000
113 130 0.500000
113 131 0.500000
113 133 0.500000
113 134 0.500000
113 137 0.500000
113 139 0.500000
113 140 0.500000
114 120 0.500000
114 121 0.500000
114 122 0.500000
114 128 0.500000
114 129 0.500000
114 130 0.500000
114 133 0.500000
114 136 0.500000
114 137 0.500000
115 116 0.500000
115 117 0.500000
115 118 0.500000
115 119 0.500000
115 122 0.500000
115 124 0.500000
115 128 0.500000
115 131 0.500000
115 132 0.500000
115 133 0.500000
115 135 0.500000
116 118 0.500000
116 120 0.500000
116 122 0.500000
116 124 0.500000
116 125 0.500000
116 126 0.500000
116 127 0.500000
116 128 0.500000
116 132 0.500000
116 133 0.500000
116 136 0.500000
116 138 0.500000
116 139 0.500000
116 140 0.500000
117 118 0.500000
117 119 0.500000
117 124 0.500000
117 125 0.500000
117 126 0.500000
117 127 0.500000
117 128 0.500000
117 129 0.500000
117 130 0.500000
117 134 0.500000
117 136 0.500000
117 137 0.500000
117 138 0.500000
117 139 0.500000
117 140 0.500000
118 124 0.500000
118 125 0.500000
118 128 0.500000
118 129 0.500000
118 133 0.500000
118 134 0.500000
118 139 0.500000
118 140 0.500000
119 121 0.500000
119 124 0.500000
119 128 0.500000
119 129 0.500000
119 130 0.500000
119 133 0.500000
119 135 0.500000
119 136 0.500000
119 138 0.500000
119 139 0.500000
119 140 0.500000
120 126 0.500000
120 128 0.500000
120 129 0.500000
120 130 0.500000
120 136 0.500000
120 140 0.500000
121 123 0.500000
121 125 0.500000
121 126 0.500000
121 127 0.500000
121 129 0.500000
121 131 0.500000
121 132 0.500000
121 135 0.500000
121 138 0.500000
121 139 0.500000
122 124 0.500000
122 125 0.500000
122 126 0.500000
122 128 0.500000
122 129 0.500000
122 135 0.500000
122 139 0.500000
123 125 0.500000
123 128 0.500000
123 130 0.500000
123 132 0.500000
123 134 0.500000
123 136 0.500000
123 138 0.500000
123 139 0.500000
124 125 0.500000
124 128 0.500000
124 129 0.500000
124 132 0.500000
124 133 0.500000
124 134 0.500000
124 137 0.500000
124 139 0.500000
124 140 0.500000
125 126 0.500000
125 132 0.500000
125 133 0.500000
125 135 0.500000
126 134 0.500000
126 135 0.500000
126 136 0.500000
127 132 0.500000
127 137 0.500000
127 139 0.500000
127 140 0.500000
128 130 0.500000
128 132 0.500000
128 133 0.500000
128 138 0.500000
128 139 0.500000
129 131 0.500000
129 134 0.500000
129 135 0.500000
129 137 0.500000
129 138 0.500000
129 139 0.500000
130 131 0.500000
130 133 0.500000
130 135 0.500000
130 139 0.500000
131 132 0.500000
131 137 0.500000
131 140 0.500000
132 135 0.500000
132 136 0.500000
132 139 0.500000
132 140 0.500000
133 134 0.500000
133 135 0.500000
133 136 0.500000
133 137 0.500000
133 138 0.500000
133 139 0.500000
134 135 0.500000
134 137 0.500000
134 138 0.500000
134 139 0.500000
134 140 0.500000
135 137 0.500000
136 140 0.500000
137 140 0.500000
138 140 0.500000
