140 35 2433
1 5 0.500000
1 6 0.500000
1 8 0.500000
1 15 0.500000
1 20 0.500000
1 23 0.500000
1 27 0.500000
1 28 0.500000
1 29 0.500000
1 34 0.500000
1 38 0.500000
1 42 0.500000
1 46 0.500000
1 50 0.500000
1 51 0.500000
1 53 0.500000
1 55 0.500000
1 59 0.500000
1 60 0.500000
1 63 0.500000
1 66 0.500000
1 68 0.500000
1 70 0.500000
1 71 0.500000
1 85 0.500000
1 89 0.500000
1 91 0.500000
1 92 0.500000
1 95 0.500000
1 109 0.500000
1 115 0.500000
1 116 0.500000
1 117 0.500000
1 129 0.500000
1 130 0.500000
1 131 0.500000
1 136 0.500000
2 6 0.500000
2 21 0.500000
2 22 0.500000
2 25 0.500000
2 29 0.500000
2 31 0.500000
2 33 0.500000
2 34 0.500000
2 36 0.500000
2 38 0.500000
2 41 0.500000
2 53 0.500000
2 59 0.500000
2 62 0.500000
2 72 0.500000
2 81 0.500000
2 82 0.500000
2 83 0.500000
2 84 0.500000
2 96 0.500000
2 98 0.500000
2 104 0.500000
2 111 0.500000
2 114 0.500000
2 118 0.500000
2 127 0.500000
2 128 0.500000
2 129 0.500000
2 130 0.500000
2 132 0.500000
2 136 0.500000
2 138 0.500000
2 139 0.500000
3 6 0.500000
3 8 0.500000
3 17 0.500000
3 41 0.500000
3 47 0.500000
3 48 0.500000
3 53 0.500000
3 54 0.500000
3 56 0.500000
3 60 0.500000
3 75 0.500000
3 79 0.500000
3 80 0.500000
3 91 0.500000
3 101 0.500000
3 102 0.500000
3 103 0.500000
3 106 0.500000
3 109 0.500000
3 114 0.500000
3 118 0.500000
3 122 0.500000
3 126 0.500000
3 127 0.500000
3 128 0.500000
3 129 0.500000
3 131 0.500000
3 132 0.500000
3 136 0.500000
4 5 0.500000
4 10 0.500000
4 14 0.500000
4 17 0.500000
4 18 0.500000
4 19 0.500000
4 21 0.500000
4 23 0.500000
4 24 0.500000
4 25 0.500000
4 26 0.500000
4 29 0.500000
4 31 0.500000
4 34 0.500000
4 36 0.500000
4 41 0.500000
4 44 0.500000
4 45 0.500000
4 47 0.500000
4 51 0.500000
4 53 0.500000
4 55 0.500000
4 58 0.500000
4 61 0.500000
4 70 0.500000
4 78 0.500000
4 87 0.500000
4 92 0.500000
4 96 0.500000
4 97 0.500000
4 99 0.500000
4 101 0.500000
4 102 0.500000
4 103 0.500000
4 105 0.500000
4 107 0.500000
4 114 0.500000
4 118 0.500000
4 124 0.500000
4 125 0.500000
4 126 0.500000
4 128 0.500000
4 133 0.500000
4 134 0.500000
4 138 0.500000
4 140 0.500000
5 6 0.500000
5 8 0.500000
5 10 0.500000
5 18 0.500000
5 21 0.500000
5 27 0.500000
5 31 0.500000
5 34 0.500000
5 38 0.500000
5 42 0.500000
5 44 0.500000
5 48 0.500000
5 51 0.500000
5 52 0.500000
5 54 0.500000
5 57 0.500000
5 65 0.500000
5 69 0.500000
5 70 0.500000
5 81 0.500000
5 83 0.500000
5 84 0.500000
5 86 0.500000
5 92 0.500000
5 96 0.500000
5 101 0.500000
5 105 0.500000
5 108 0.500000
5 109 0.500000
5 113 0.500000
5 122 0.500000
5 128 0.500000
5 137 0.500000
5 138 0.500000
5 139 0.500000
6 8 0.500000
6 12 0.500000
6 15 0.500000
6 23 0.500000
6 24 0.500000
6 26 0.500000
6 30 0.500000
6 35 0.500000
6 49 0.500000
6 51 0.500000
6 54 0.500000
6 55 0.500000
6 63 0.500000
6 65 0.500000
6 68 0.500000
6 71 0.500000
6 79 0.500000
6 85 0.500000
6 88 0.500000
6 94 0.500000
6 95 0.500000
6 103 0.500000
6 108 0.500000
6 110 0.500000
6 112 0.500000
6 114 0.500000
6 115 0.500000
6 119 0.500000
6 126 0.500000
6 129 0.500000
6 132 0.500000
6 138 0.500000
6 139 0.500000
6 140 0.500000
7 12 0.500000
7 13 0.500000
7 20 0.500000
7 21 0.500000
7 27 0.500000
7 33 0.500000
7 38 0.500000
7 40 0.500000
7 45 0.500000
7 55 0.500000
7 56 0.500000
7 65 0.500000
7 70 0.500000
7 71 0.500000
7 79 0.500000
7 83 0.500000
7 84 0.500000
7 85 0.500000
7 89 0.500000
7 91 0.500000
7 93 0.500000
7 101 0.500000
7 104 0.500000
7 105 0.500000
7 106 0.500000
7 109 0.500000
7 112 0.500000
7 116 0.500000
7 120 0.500000
7 121 0.500000
7 122 0.500000
7 126 0.500000
7 128 0.500000
7 131 0.500000
7 138 0.500000
7 140 0.500000
8 9 0.500000
8 13 0.500000
8 21 0.500000
8 32 0.500000
8 38 0.500000
8 39 0.500000
8 42 0.500000
8 46 0.500000
8 48 0.500000
8 50 0.500000
8 55 0.500000
8 58 0.500000
8 60 0.500000
8 61 0.500000
8 64 0.500000
8 70 0.500000
8 71 0.500000
8 72 0.500000
8 78 0.500000
8 84 0.500000
8 94 0.500000
8 97 0.500000
8 98 0.500000
8 100 0.500000
8 102 0.500000
8 104 0.500000
8 105 0.500000
8 114 0.500000
8 115 0.500000
8 121 0.500000
8 124 0.500000
8 127 0.500000
8 129 0.500000
8 132 0.500000
8 136 0.500000
9 17 0.500000
9 18 0.500000
9 20 0.500000
9 23 0.500000
9 24 0.500000
9 30 0.500000
9 36 0.500000
9 38 0.500000
9 44 0.500000
9 49 0.500000
9 55 0.500000
9 56 0.500000
9 60 0.500000
9 62 0.500000
9 68 0.500000
9 70 0.500000
9 77 0.500000
9 78 0.500000
9 84 0.500000
9 85 0.500000
9 95 0.500000
9 103 0.500000
9 107 0.500000
9 116 0.500000
9 118 0.500000
9 124 0.500000
9 127 0.500000
9 129 0.500000
9 131 0.500000
9 133 0.500000
9 137 0.500000
10 11 0.500000
10 12 0.500000
10 16 0.500000
10 21 0.500000
10 23 0.500000
10 25 0.500000
10 42 0.500000
10 48 0.500000
10 58 0.500000
10 59 0.500000
10 60 0.500000
10 63 0.500000
10 64 0.500000
10 68 0.500000
10 71 0.500000
10 79 0.500000
10 84 0.500000
10 86 0.500000
10 87 0.500000
10 91 0.500000
10 92 0.500000
10 95 0.500000
10 96 0.500000
10 99 0.500000
10 101 0.500000
10 103 0.500000
10 104 0.500000
10 106 0.500000
10 109 0.500000
10 126 0.500000
10 127 0.500000
10 129 0.500000
10 131 0.500000
10 133 0.500000
10 134 0.500000
10 138 0.500000
11 13 0.500000
11 14 0.500000
11 15 0.500000
11 19 0.500000
11 20 0.500000
11 22 0.500000
11 24 0.500000
11 31 0.500000
11 35 0.500000
11 47 0.500000
11 58 0.500000
11 61 0.500000
11 62 0.500000
11 70 0.500000
11 83 0.500000
11 89 0.500000
11 90 0.500000
11 101 0.500000
11 105 0.500000
11 107 0.500000
11 109 0.500000
11 110 0.500000
11 111 0.500000
11 112 0.500000
11 115 0.500000
11 117 0.500000
11 119 0.500000
11 121 0.500000
11 126 0.500000
11 131 0.500000
12 19 0.500000
12 23 0.500000
12 30 0.500000
12 33 0.500000
12 47 0.500000
12 58 0.500000
12 69 0.500000
12 72 0.500000
12 83 0.500000
12 84 0.500000
12 85 0.500000
12 86 0.500000
12 90 0.500000
12 95 0.500000
12 103 0.500000
12 111 0.500000
12 113 0.500000
12 119 0.500000
12 123 0.500000
12 130 0.500000
12 131 0.500000
12 135 0.500000
12 137 0.500000
12 139 0.500000
12 140 0.500000
13 14 0.500000
13 15 0.500000
13 23 0.500000
13 24 0.500000
13 28 0.500000
13 33 0.500000
13 35 0.500000
13 36 0.500000
13 43 0.500000
13 48 0.500000
13 49 0.500000
13 50 0.500000
13 51 0.500000
13 57 0.500000
13 59 0.500000
13 66 0.500000
13 68 0.500000
13 71 0.500000
13 76 0.500000
13 77 0.500000
13 79 0.500000
13 81 0.500000
13 83 0.500000
13 85 0.500000
13 87 0.500000
13 88 0.500000
13 90 0.500000
13 96 0.500000
13 98 0.500000
13 102 0.500000
13 106 0.500000
13 108 0.500000
13 111 0.500000
13 113 0.500000
13 125 0.500000
13 128 0.500000
13 129 0.500000
13 130 0.500000
13 131 0.500000
13 133 0.500000
13 139 0.500000
14 16 0.500000
14 18 0.500000
14 24 0.500000
14 25 0.500000
14 27 0.500000
14 28 0.500000
14 30 0.500000
14 31 0.500000
14 33 0.500000
14 34 0.500000
14 38 0.500000
14 48 0.500000
14 49 0.500000
14 50 0.500000
14 60 0.500000
14 64 0.500000
14 69 0.500000
14 77 0.500000
14 80 0.500000
14 83 0.500000
14 84 0.500000
14 86 0.500000
14 91 0.500000
14 92 0.500000
14 98 0.500000
14 103 0.500000
14 107 0.500000
14 112 0.500000
14 117 0.500000
14 121 0.500000
14 125 0.500000
14 129 0.500000
14 130 0.500000
14 131 0.500000
14 134 0.500000
15 22 0.500000
15 24 0.500000
15 29 0.500000
15 31 0.500000
15 36 0.500000
15 44 0.500000
15 51 0.500000
15 53 0.500000
15 54 0.500000
15 55 0.500000
15 58 0.500000
15 61 0.500000
15 62 0.500000
15 63 0.500000
15 64 0.500000
15 67 0.500000
15 73 0.500000
15 74 0.500000
15 77 0.500000
15 82 0.500000
15 83 0.500000
15 87 0.500000
15 96 0.500000
15 108 0.500000
15 109 0.500000
15 112 0.500000
15 114 0.500000
15 115 0.500000
15 118 0.500000
15 119 0.500000
15 123 0.500000
15 125 0.500000
15 137 0.500000
16 21 0.500000
16 22 0.500000
16 24 0.500000
16 36 0.500000
16 48 0.500000
16 51 0.500000
16 52 0.500000
16 55 0.500000
16 65 0.500000
16 67 0.500000
16 70 0.500000
16 71 0.500000
16 75 0.500000
16 76 0.500000
16 77 0.500000
16 78 0.500000
16 85 0.500000
16 86 0.500000
16 89 0.500000
16 91 0.500000
16 98 0.500000
16 103 0.500000
16 109 0.500000
16 112 0.500000
16 118 0.500000
16 125 0.500000
16 137 0.500000
16 140 0.500000
17 20 0.500000
17 21 0.500000
17 22 0.500000
17 24 0.500000
17 28 0.500000
17 29 0.500000
17 34 0.500000
17 38 0.500000
17 45 0.500000
17 46 0.500000
17 60 0.500000
17 68 0.500000
17 70 0.500000
17 71 0.500000
17 74 0.500000
17 83 0.500000
17 87 0.500000
17 89 0.500000
17 93 0.500000
17 95 0.500000
17 98 0.500000
17 100 0.500000
17 103 0.500000
17 104 0.500000
17 107 0.500000
17 108 0.500000
17 112 0.500000
17 113 0.500000
17 117 0.500000
17 120 0.500000
17 130 0.500000
17 137 0.500000
18 32 0.500000
18 42 0.500000
18 44 0.500000
18 45 0.500000
18 46 0.500000
18 47 0.500000
18 48 0.500000
18 53 0.500000
18 65 0.500000
18 68 0.500000
18 74 0.500000
18 86 0.500000
18 90 0.500000
18 98 0.500000
18 100 0.500000
18 103 0.500000
18 110 0.500000
18 112 0.500000
18 115 0.500000
18 124 0.500000
18 128 0.500000
18 130 0.500000
18 133 0.500000
18 134 0.500000
18 137 0.500000
19 29 0.500000
19 32 0.500000
19 40 0.500000
19 41 0.500000
19 42 0.500000
19 44 0.500000
19 47 0.500000
19 53 0.500000
19 58 0.500000
19 63 0.500000
19 65 0.500000
19 72 0.500000
19 78 0.500000
19 79 0.500000
19 81 0.500000
19 82 0.500000
19 92 0.500000
19 95 0.500000
19 96 0.500000
19 98 0.500000
19 99 0.500000
19 102 0.500000
19 107 0.500000
19 111 0.500000
19 113 0.500000
19 120 0.500000
19 122 0.500000
19 123 0.500000
19 132 0.500000
19 134 0.500000
19 135 0.500000
19 138 0.500000
19 139 0.500000
20 22 0.500000
20 24 0.500000
20 26 0.500000
20 29 0.500000
20 30 0.500000
20 32 0.500000
20 41 0.500000
20 43 0.500000
20 45 0.500000
20 51 0.500000
20 52 0.500000
20 55 0.500000
20 56 0.500000
20 58 0.500000
20 59 0.500000
20 60 0.500000
20 65 0.500000
20 66 0.500000
20 68 0.500000
20 73 0.500000
20 74 0.500000
20 82 0.500000
20 87 0.500000
20 88 0.500000
20 91 0.500000
20 92 0.500000
20 94 0.500000
20 103 0.500000
20 104 0.500000
20 106 0.500000
20 109 0.500000
20 111 0.500000
20 124 0.500000
20 128 0.500000
20 135 0.500000
21 26 0.500000
21 29 0.500000
21 31 0.500000
21 32 0.500000
21 39 0.500000
21 47 0.500000
21 48 0.500000
21 52 0.500000
21 54 0.500000
21 56 0.500000
21 61 0.500000
21 62 0.500000
21 64 0.500000
21 66 0.500000
21 68 0.500000
21 72 0.500000
21 73 0.500000
21 75 0.500000
21 76 0.500000
21 79 0.500000
21 83 0.500000
21 88 0.500000
21 90 0.500000
21 97 0.500000
21 100 0.500000
21 101 0.500000
21 114 0.500000
21 115 0.500000
21 118 0.500000
21 121 0.500000
21 127 0.500000
21 130 0.500000
21 140 0.500000
22 23 0.500000
22 29 0.500000
22 30 0.500000
22 36 0.500000
22 37 0.500000
22 39 0.500000
22 42 0.500000
22 43 0.500000
22 44 0.500000
22 48 0.500000
22 50 0.500000
22 55 0.500000
22 56 0.500000
22 62 0.500000
22 63 0.500000
22 69 0.500000
22 70 0.500000
22 76 0.500000
22 78 0.500000
22 82 0.500000
22 85 0.500000
22 93 0.500000
22 105 0.500000
22 107 0.500000
22 110 0.500000
22 114 0.500000
22 120 0.500000
22 124 0.500000
22 131 0.500000
22 132 0.500000
22 137 0.500000
22 139 0.500000
23 26 0.500000
23 27 0.500000
23 28 0.500000
23 37 0.500000
23 41 0.500000
23 42 0.500000
23 45 0.500000
23 49 0.500000
23 52 0.500000
23 54 0.500000
23 57 0.500000
23 65 0.500000
23 75 0.500000
23 76 0.500000
23 78 0.500000
23 79 0.500000
23 82 0.500000
23 83 0.500000
23 84 0.500000
23 85 0.500000
23 92 0.500000
23 93 0.500000
23 95 0.500000
23 102 0.500000
23 105 0.500000
23 109 0.500000
23 111 0.500000
23 115 0.500000
23 116 0.500000
23 127 0.500000
23 129 0.500000
23 130 0.500000
23 132 0.500000
24 25 0.500000
24 26 0.500000
24 33 0.500000
24 35 0.500000
24 37 0.500000
24 41 0.500000
24 44 0.500000
24 50 0.500000
24 51 0.500000
24 53 0.500000
24 61 0.500000
24 63 0.500000
24 66 0.500000
24 68 0.500000
24 69 0.500000
24 71 0.500000
24 74 0.500000
24 75 0.500000
24 76 0.500000
24 77 0.500000
24 90 0.500000
24 95 0.500000
24 99 0.500000
24 110 0.500000
24 118 0.500000
24 119 0.500000
24 120 0.500000
24 121 0.500000
24 124 0.500000
24 130 0.500000
24 139 0.500000
25 27 0.500000
25 37 0.500000
25 39 0.500000
25 40 0.500000
25 46 0.500000
25 49 0.500000
25 52 0.500000
25 64 0.500000
25 65 0.500000
25 70 0.500000
25 80 0.500000
25 83 0.500000
25 87 0.500000
25 88 0.500000
25 89 0.500000
25 91 0.500000
25 92 0.500000
25 93 0.500000
25 98 0.500000
25 100 0.500000
25 103 0.500000
25 109 0.500000
25 112 0.500000
25 116 0.500000
25 119 0.500000
25 120 0.500000
25 126 0.500000
25 129 0.500000
25 132 0.500000
25 135 0.500000
26 28 0.500000
26 35 0.500000
26 37 0.500000
26 40 0.500000
26 52 0.500000
26 59 0.500000
26 65 0.500000
26 66 0.500000
26 69 0.500000
26 70 0.500000
26 81 0.500000
26 91 0.500000
26 97 0.500000
26 104 0.500000
26 105 0.500000
26 106 0.500000
26 108 0.500000
26 116 0.500000
26 118 0.500000
26 124 0.500000
26 129 0.500000
26 134 0.500000
26 136 0.500000
27 28 0.500000
27 37 0.500000
27 41 0.500000
27 42 0.500000
27 47 0.500000
27 51 0.500000
27 55 0.500000
27 59 0.500000
27 62 0.500000
27 74 0.500000
27 77 0.500000
27 79 0.500000
27 81 0.500000
27 86 0.500000
27 88 0.500000
27 91 0.500000
27 100 0.500000
27 101 0.500000
27 105 0.500000
27 116 0.500000
27 119 0.500000
27 121 0.500000
27 122 0.500000
27 123 0.500000
27 128 0.500000
27 132 0.500000
27 136 0.500000
27 140 0.500000
28 29 0.500000
28 32 0.500000
28 37 0.500000
28 40 0.500000
28 42 0.500000
28 46 0.500000
28 47 0.500000
28 48 0.500000
28 53 0.500000
28 55 0.500000
28 60 0.500000
28 61 0.500000
28 65 0.500000
28 70 0.500000
28 71 0.500000
28 74 0.500000
28 75 0.500000
28 79 0.500000
28 81 0.500000
28 85 0.500000
28 86 0.500000
28 87 0.500000
28 89 0.500000
28 90 0.500000
28 91 0.500000
28 92 0.500000
28 98 0.500000
28 109 0.500000
28 111 0.500000
28 124 0.500000
28 125 0.500000
28 126 0.500000
28 128 0.500000
28 135 0.500000
28 140 0.500000
29 34 0.500000
29 38 0.500000
29 43 0.500000
29 46 0.500000
29 47 0.500000
29 59 0.500000
29 67 0.500000
29 68 0.500000
29 76 0.500000
29 77 0.500000
29 78 0.500000
29 80 0.500000
29 83 0.500000
29 84 0.500000
29 88 0.500000
29 94 0.500000
29 95 0.500000
29 99 0.500000
29 101 0.500000
29 103 0.500000
29 111 0.500000
29 114 0.500000
29 123 0.500000
29 125 0.500000
29 127 0.500000
29 135 0.500000
29 136 0.500000
29 139 0.500000
30 32 0.500000
30 33 0.500000
30 39 0.500000
30 46 0.500000
30 61 0.500000
30 64 0.500000
30 67 0.500000
30 71 0.500000
30 74 0.500000
30 94 0.500000
30 108 0.500000
30 111 0.500000
30 118 0.500000
30 119 0.500000
30 122 0.500000
30 124 0.500000
30 126 0.500000
30 131 0.500000
30 133 0.500000
30 135 0.500000
30 136 0.500000
30 137 0.500000
31 35 0.500000
31 36 0.500000
31 37 0.500000
31 43 0.500000
31 45 0.500000
31 46 0.500000
31 47 0.500000
31 53 0.500000
31 65 0.500000
31 66 0.500000
31 67 0.500000
31 68 0.500000
31 75 0.500000
31 81 0.500000
31 82 0.500000
31 83 0.500000
31 88 0.500000
31 89 0.500000
31 90 0.500000
31 98 0.500000
31 100 0.500000
31 102 0.500000
31 104 0.500000
31 114 0.500000
31 117 0.500000
31 132 0.500000
31 134 0.500000
31 138 0.500000
32 33 0.500000
32 44 0.500000
32 46 0.500000
32 49 0.500000
32 50 0.500000
32 54 0.500000
32 60 0.500000
32 61 0.500000
32 71 0.500000
32 73 0.500000
32 74 0.500000
32 77 0.500000
32 81 0.500000
32 82 0.500000
32 88 0.500000
32 90 0.500000
32 91 0.500000
32 92 0.500000
32 93 0.500000
32 96 0.500000
32 107 0.500000
32 111 0.500000
32 113 0.500000
32 114 0.500000
32 122 0.500000
32 123 0.500000
32 124 0.500000
32 125 0.500000
32 130 0.500000
33 34 0.500000
33 35 0.500000
33 40 0.500000
33 45 0.500000
33 48 0.500000
33 50 0.500000
33 52 0.500000
33 54 0.500000
33 56 0.500000
33 59 0.500000
33 60 0.500000
33 63 0.500000
33 64 0.500000
33 66 0.500000
33 76 0.500000
33 79 0.500000
33 80 0.500000
33 81 0.500000
33 84 0.500000
33 85 0.500000
33 91 0.500000
33 92 0.500000
33 101 0.500000
33 102 0.500000
33 106 0.500000
33 107 0.500000
33 108 0.500000
33 113 0.500000
33 114 0.500000
33 118 0.500000
33 129 0.500000
33 131 0.500000
33 137 0.500000
34 47 0.500000
34 52 0.500000
34 53 0.500000
34 59 0.500000
34 61 0.500000
34 65 0.500000
34 69 0.500000
34 76 0.500000
34 77 0.500000
34 78 0.500000
34 86 0.500000
34 97 0.500000
34 109 0.500000
34 112 0.500000
34 116 0.500000
34 120 0.500000
34 121 0.500000
34 122 0.500000
34 123 0.500000
34 124 0.500000
34 126 0.500000
34 132 0.500000
34 135 0.500000
35 45 0.500000
35 48 0.500000
35 51 0.500000
35 56 0.500000
35 63 0.500000
35 65 0.500000
35 71 0.500000
35 74 0.500000
35 75 0.500000
35 79 0.500000
35 84 0.500000
35 89 0.500000
35 93 0.500000
35 102 0.500000
35 104 0.500000
35 105 0.500000
35 106 0.500000
35 111 0.500000
35 113 0.500000
35 115 0.500000
35 117 0.500000
35 122 0.500000
35 123 0.500000
35 124 0.500000
35 125 0.500000
35 126 0.500000
35 130 0.500000
35 139 0.500000
36 38 0.500000
36 43 0.500000
36 44 0.500000
36 47 0.500000
36 55 0.500000
36 57 0.500000
36 64 0.500000
36 71 0.500000
36 74 0.500000
36 75 0.500000
36 79 0.500000
36 82 0.500000
36 83 0.500000
36 85 0.500000
36 97 0.500000
36 100 0.500000
36 110 0.500000
36 117 0.500000
36 118 0.500000
36 123 0.500000
36 125 0.500000
36 128 0.500000
36 131 0.500000
36 134 0.500000
36 135 0.500000
36 140 0.500000
37 46 0.500000
37 47 0.500000
37 54 0.500000
37 55 0.500000
37 57 0.500000
37 66 0.500000
37 68 0.500000
37 71 0.500000
37 74 0.500000
37 78 0.500000
37 87 0.500000
37 88 0.500000
37 89 0.500000
37 91 0.500000
37 96 0.500000
37 97 0.500000
37 99 0.500000
37 100 0.500000
37 107 0.500000
37 108 0.500000
37 113 0.500000
37 121 0.500000
37 122 0.500000
37 126 0.500000
37 127 0.500000
37 128 0.500000
37 130 0.500000
37 132 0.500000
37 134 0.500000
38 39 0.500000
38 43 0.500000
38 47 0.500000
38 51 0.500000
38 53 0.500000
38 61 0.500000
38 64 0.500000
38 69 0.500000
38 72 0.500000
38 73 0.500000
38 77 0.500000
38 88 0.500000
38 90 0.500000
38 91 0.500000
38 98 0.500000
38 101 0.500000
38 104 0.500000
38 123 0.500000
38 129 0.500000
38 130 0.500000
38 134 0.500000
38 135 0.500000
39 45 0.500000
39 57 0.500000
39 59 0.500000
39 60 0.500000
39 61 0.500000
39 63 0.500000
39 70 0.500000
39 75 0.500000
39 76 0.500000
39 77 0.500000
39 81 0.500000
39 84 0.500000
39 90 0.500000
39 96 0.500000
39 97 0.500000
39 100 0.500000
39 108 0.500000
39 113 0.500000
39 117 0.500000
39 119 0.500000
39 120 0.500000
39 131 0.500000
39 132 0.500000
39 134 0.500000
39 137 0.500000
40 47 0.500000
40 55 0.500000
40 58 0.500000
40 62 0.500000
40 68 0.500000
40 69 0.500000
40 71 0.500000
40 87 0.500000
40 92 0.500000
40 95 0.500000
40 96 0.500000
40 102 0.500000
40 103 0.500000
40 110 0.500000
40 116 0.500000
40 117 0.500000
40 119 0.500000
40 123 0.500000
40 127 0.500000
40 128 0.500000
40 131 0.500000
40 132 0.500000
40 134 0.500000
40 136 0.500000
40 137 0.500000
40 138 0.500000
41 54 0.500000
41 58 0.500000
41 60 0.500000
41 64 0.500000
41 65 0.500000
41 69 0.500000
41 78 0.500000
41 89 0.500000
41 91 0.500000
41 92 0.500000
41 97 0.500000
41 100 0.500000
41 102 0.500000
41 107 0.500000
41 108 0.500000
41 110 0.500000
41 111 0.500000
41 119 0.500000
41 125 0.500000
41 126 0.500000
41 139 0.500000
42 43 0.500000
42 49 0.500000
42 51 0.500000
42 55 0.500000
42 57 0.500000
42 62 0.500000
42 65 0.500000
42 69 0.500000
42 75 0.500000
42 87 0.500000
42 92 0.500000
42 107 0.500000
42 109 0.500000
42 110 0.500000
42 116 0.500000
42 125 0.500000
42 127 0.500000
42 130 0.500000
42 135 0.500000
42 136 0.500000
42 137 0.500000
43 44 0.500000
43 45 0.500000
43 51 0.500000
43 53 0.500000
43 57 0.500000
43 60 0.500000
43 61 0.500000
43 67 0.500000
43 69 0.500000
43 72 0.500000
43 76 0.500000
43 81 0.500000
43 90 0.500000
43 94 0.500000
43 95 0.500000
43 97 0.500000
43 98 0.500000
43 99 0.500000
43 101 0.500000
43 104 0.500000
43 105 0.500000
43 107 0.500000
43 109 0.500000
43 110 0.500000
43 122 0.500000
43 125 0.500000
43 129 0.500000
43 131 0.500000
43 139 0.500000
44 48 0.500000
44 52 0.500000
44 53 0.500000
44 54 0.500000
44 63 0.500000
44 64 0.500000
44 66 0.500000
44 70 0.500000
44 71 0.500000
44 89 0.500000
44 90 0.500000
44 103 0.500000
44 119 0.500000
44 131 0.500000
44 138 0.500000
44 139 0.500000
45 50 0.500000
45 51 0.500000
45 55 0.500000
45 56 0.500000
45 57 0.500000
45 61 0.500000
45 62 0.500000
45 64 0.500000
45 75 0.500000
45 81 0.500000
45 84 0.500000
45 85 0.500000
45 87 0.500000
45 88 0.500000
45 90 0.500000
45 94 0.500000
45 100 0.500000
45 101 0.500000
45 103 0.500000
45 105 0.500000
45 109 0.500000
45 113 0.500000
45 117 0.500000
45 122 0.500000
45 123 0.500000
45 128 0.500000
45 136 0.500000
45 137 0.500000
46 49 0.500000
46 50 0.500000
46 52 0.500000
46 56 0.500000
46 59 0.500000
46 72 0.500000
46 78 0.500000
46 82 0.500000
46 92 0.500000
46 100 0.500000
46 103 0.500000
46 110 0.500000
46 111 0.500000
46 114 0.500000
46 121 0.500000
46 130 0.500000
46 137 0.500000
47 49 0.500000
47 53 0.500000
47 55 0.500000
47 59 0.500000
47 68 0.500000
47 70 0.500000
47 72 0.500000
47 74 0.500000
47 75 0.500000
47 77 0.500000
47 79 0.500000
47 80 0.500000
47 81 0.500000
47 82 0.500000
47 83 0.500000
47 84 0.500000
47 89 0.500000
47 90 0.500000
47 93 0.500000
47 94 0.500000
47 104 0.500000
47 111 0.500000
47 114 0.500000
47 118 0.500000
47 121 0.500000
47 131 0.500000
47 135 0.500000
47 136 0.500000
47 137 0.500000
47 139 0.500000
48 52 0.500000
48 53 0.500000
48 61 0.500000
48 67 0.500000
48 75 0.500000
48 77 0.500000
48 84 0.500000
48 85 0.500000
48 88 0.500000
48 97 0.500000
48 103 0.500000
48 105 0.500000
48 108 0.500000
48 114 0.500000
48 118 0.500000
48 123 0.500000
48 124 0.500000
48 125 0.500000
48 132 0.500000
48 133 0.500000
48 136 0.500000
48 137 0.500000
48 140 0.500000
49 56 0.500000
49 57 0.500000
49 65 0.500000
49 66 0.500000
49 71 0.500000
49 88 0.500000
49 90 0.500000
49 93 0.500000
49 94 0.500000
49 102 0.500000
49 103 0.500000
49 107 0.500000
49 108 0.500000
49 109 0.500000
49 112 0.500000
49 114 0.500000
49 115 0.500000
49 121 0.500000
49 122 0.500000
49 125 0.500000
49 128 0.500000
49 129 0.500000
49 130 0.500000
49 136 0.500000
49 137 0.500000
50 51 0.500000
50 54 0.500000
50 62 0.500000
50 76 0.500000
50 80 0.500000
50 86 0.500000
50 89 0.500000
50 90 0.500000
50 91 0.500000
50 106 0.500000
50 115 0.500000
50 123 0.500000
50 124 0.500000
50 125 0.500000
50 126 0.500000
50 127 0.500000
50 128 0.500000
50 132 0.500000
50 134 0.500000
50 139 0.500000
51 56 0.500000
51 60 0.500000
51 64 0.500000
51 70 0.500000
51 73 0.500000
51 76 0.500000
51 78 0.500000
51 82 0.500000
51 91 0.500000
51 94 0.500000
51 98 0.500000
51 106 0.500000
51 107 0.500000
51 111 0.500000
51 114 0.500000
51 117 0.500000
51 119 0.500000
51 120 0.500000
51 139 0.500000
52 54 0.500000
52 57 0.500000
52 59 0.500000
52 62 0.500000
52 63 0.500000
52 66 0.500000
52 70 0.500000
52 71 0.500000
52 76 0.500000
52 88 0.500000
52 91 0.500000
52 99 0.500000
52 102 0.500000
52 111 0.500000
52 120 0.500000
52 130 0.500000
52 136 0.500000
52 137 0.500000
52 140 0.500000
53 55 0.500000
53 57 0.500000
53 59 0.500000
53 67 0.500000
53 69 0.500000
53 70 0.500000
53 71 0.500000
53 75 0.500000
53 78 0.500000
53 85 0.500000
53 89 0.500000
53 97 0.500000
53 103 0.500000
53 105 0.500000
53 108 0.500000
53 116 0.500000
53 127 0.500000
53 137 0.500000
54 55 0.500000
54 58 0.500000
54 69 0.500000
54 72 0.500000
54 73 0.500000
54 74 0.500000
54 77 0.500000
54 81 0.500000
54 83 0.500000
54 84 0.500000
54 88 0.500000
54 94 0.500000
54 95 0.500000
54 96 0.500000
54 102 0.500000
54 106 0.500000
54 120 0.500000
54 129 0.500000
54 131 0.500000
54 136 0.500000
55 57 0.500000
55 59 0.500000
55 60 0.500000
55 61 0.500000
55 67 0.500000
55 73 0.500000
55 85 0.500000
55 88 0.500000
55 94 0.500000
55 104 0.500000
55 111 0.500000
55 114 0.500000
55 115 0.500000
55 117 0.500000
55 118 0.500000
55 126 0.500000
55 136 0.500000
56 57 0.500000
56 64 0.500000
56 65 0.500000
56 78 0.500000
56 79 0.500000
56 87 0.500000
56 92 0.500000
56 94 0.500000
56 95 0.500000
56 98 0.500000
56 102 0.500000
56 109 0.500000
56 119 0.500000
56 122 0.500000
56 125 0.500000
56 130 0.500000
56 131 0.500000
56 134 0.500000
56 135 0.500000
56 137 0.500000
56 140 0.500000
57 63 0.500000
57 66 0.500000
57 69 0.500000
57 72 0.500000
57 73 0.500000
57 79 0.500000
57 88 0.500000
57 89 0.500000
57 91 0.500000
57 97 0.500000
57 100 0.500000
57 103 0.500000
57 110 0.500000
57 112 0.500000
57 123 0.500000
57 124 0.500000
57 131 0.500000
57 134 0.500000
57 137 0.500000
57 139 0.500000
58 68 0.500000
58 73 0.500000
58 79 0.500000
58 82 0.500000
58 86 0.500000
58 87 0.500000
58 95 0.500000
58 105 0.500000
58 107 0.500000
58 114 0.500000
58 118 0.500000
58 119 0.500000
58 124 0.500000
58 131 0.500000
58 135 0.500000
58 138 0.500000
58 139 0.500000
59 60 0.500000
59 61 0.500000
59 68 0.500000
59 70 0.500000
59 74 0.500000
59 76 0.500000
59 79 0.500000
59 83 0.500000
59 85 0.500000
59 90 0.500000
59 98 0.500000
59 100 0.500000
59 101 0.500000
59 104 0.500000
59 111 0.500000
59 112 0.500000
59 121 0.500000
59 125 0.500000
59 128 0.500000
59 129 0.500000
59 130 0.500000
59 131 0.500000
59 133 0.500000
59 139 0.500000
60 69 0.500000
60 72 0.500000
60 75 0.500000
60 76 0.500000
60 77 0.500000
60 84 0.500000
60 86 0.500000
60 87 0.500000
60 88 0.500000
60 96 0.500000
60 97 0.500000
60 99 0.500000
60 101 0.500000
60 107 0.500000
60 111 0.500000
60 115 0.500000
60 130 0.500000
60 131 0.500000
60 138 0.500000
61 62 0.500000
61 71 0.500000
61 76 0.500000
61 78 0.500000
61 79 0.500000
61 90 0.500000
61 95 0.500000
61 107 0.500000
61 110 0.500000
61 117 0.500000
61 118 0.500000
61 123 0.500000
61 126 0.500000
61 131 0.500000
61 139 0.500000
62 66 0.500000
62 69 0.500000
62 78 0.500000
62 79 0.500000
62 80 0.500000
62 81 0.500000
62 84 0.500000
62 89 0.500000
62 91 0.500000
62 92 0.500000
62 102 0.500000
62 107 0.500000
62 111 0.500000
62 118 0.500000
62 119 0.500000
62 120 0.500000
62 122 0.500000
62 124 0.500000
62 126 0.500000
62 128 0.500000
62 131 0.500000
62 132 0.500000
62 134 0.500000
62 139 0.500000
63 72 0.500000
63 75 0.500000
63 77 0.500000
63 81 0.500000
63 85 0.500000
63 90 0.500000
63 96 0.500000
63 98 0.500000
63 100 0.500000
63 101 0.500000
63 102 0.500000
63 106 0.500000
63 108 0.500000
63 111 0.500000
63 112 0.500000
63 113 0.500000
63 116 0.500000
63 117 0.500000
63 120 0.500000
63 122 0.500000
63 124 0.500000
63 126 0.500000
63 136 0.500000
63 137 0.500000
64 71 0.500000
64 74 0.500000
64 78 0.500000
64 84 0.500000
64 86 0.500000
64 87 0.500000
64 98 0.500000
64 100 0.500000
64 102 0.500000
64 104 0.500000
64 109 0.500000
64 117 0.500000
64 119 0.500000
64 122 0.500000
64 128 0.500000
64 129 0.500000
64 133 0.500000
65 67 0.500000
65 72 0.500000
65 73 0.500000
65 80 0.500000
65 86 0.500000
65 89 0.500000
65 91 0.500000
65 96 0.500000
65 101 0.500000
65 107 0.500000
65 114 0.500000
65 115 0.500000
65 138 0.500000
65 139 0.500000
66 71 0.500000
66 75 0.500000
66 81 0.500000
66 85 0.500000
66 92 0.500000
66 98 0.500000
66 100 0.500000
66 105 0.500000
66 106 0.500000
66 108 0.500000
66 111 0.500000
66 113 0.500000
66 119 0.500000
66 140 0.500000
67 68 0.500000
67 76 0.500000
67 78 0.500000
67 81 0.500000
67 85 0.500000
67 86 0.500000
67 87 0.500000
67 92 0.500000
67 94 0.500000
67 97 0.500000
67 102 0.500000
67 103 0.500000
67 105 0.500000
67 106 0.500000
67 110 0.500000
67 112 0.500000
67 116 0.500000
67 120 0.500000
67 122 0.500000
67 125 0.500000
67 127 0.500000
67 131 0.500000
67 132 0.500000
67 133 0.500000
68 69 0.500000
68 70 0.500000
68 76 0.500000
68 83 0.500000
68 91 0.500000
68 97 0.500000
68 101 0.500000
68 107 0.500000
68 111 0.500000
68 112 0.500000
68 113 0.500000
68 116 0.500000
68 118 0.500000
68 119 0.500000
68 121 0.500000
68 125 0.500000
68 127 0.500000
68 129 0.500000
68 138 0.500000
69 74 0.500000
69 78 0.500000
69 93 0.500000
69 94 0.500000
69 104 0.500000
69 110 0.500000
69 116 0.500000
69 117 0.500000
69 119 0.500000
69 124 0.500000
69 127 0.500000
69 133 0.500000
69 135 0.500000
69 136 0.500000
69 139 0.500000
70 77 0.500000
70 81 0.500000
70 86 0.500000
70 87 0.500000
70 92 0.500000
70 94 0.500000
70 99 0.500000
70 100 0.500000
70 101 0.500000
70 110 0.500000
70 112 0.500000
70 118 0.500000
70 122 0.500000
70 126 0.500000
70 127 0.500000
70 129 0.500000
70 132 0.500000
70 133 0.500000
70 134 0.500000
70 136 0.500000
71 75 0.500000
71 78 0.500000
71 79 0.500000
71 82 0.500000
71 85 0.500000
71 86 0.500000
71 89 0.500000
71 91 0.500000
71 94 0.500000
71 104 0.500000
71 107 0.500000
71 110 0.500000
71 114 0.500000
71 118 0.500000
71 123 0.500000
71 124 0.500000
71 134 0.500000
71 135 0.500000
71 136 0.500000
72 82 0.500000
72 83 0.500000
72 84 0.500000
72 85 0.500000
72 90 0.500000
72 97 0.500000
72 101 0.500000
72 103 0.500000
72 107 0.500000
72 108 0.500000
72 116 0.500000
72 118 0.500000
72 123 0.500000
72 127 0.500000
72 134 0.500000
72 136 0.500000
72 139 0.500000
73 86 0.500000
73 90 0.500000
73 91 0.500000
73 100 0.500000
73 104 0.500000
73 106 0.500000
73 109 0.500000
73 110 0.500000
73 115 0.500000
73 117 0.500000
73 125 0.500000
73 128 0.500000
73 131 0.500000
73 135 0.500000
73 137 0.500000
73 139 0.500000
73 140 0.500000
74 75 0.500000
74 81 0.500000
74 82 0.500000
74 88 0.500000
74 92 0.500000
74 95 0.500000
74 97 0.500000
74 98 0.500000
74 99 0.500000
74 101 0.500000
74 109 0.500000
74 113 0.500000
74 115 0.500000
74 116 0.500000
74 124 0.500000
74 128 0.500000
74 130 0.500000
74 133 0.500000
74 135 0.500000
74 136 0.500000
74 139 0.500000
74 140 0.500000
75 81 0.500000
75 82 0.500000
75 84 0.500000
75 87 0.500000
75 88 0.500000
75 93 0.500000
75 96 0.500000
75 104 0.500000
75 106 0.500000
75 107 0.500000
75 113 0.500000
75 114 0.500000
75 117 0.500000
75 124 0.500000
75 133 0.500000
75 135 0.500000
75 136 0.500000
75 137 0.500000
75 138 0.500000
76 93 0.500000
76 94 0.500000
76 97 0.500000
76 98 0.500000
76 99 0.500000
76 107 0.500000
76 109 0.500000
76 110 0.500000
76 111 0.500000
76 112 0.500000
76 116 0.500000
76 119 0.500000
76 127 0.500000
76 137 0.500000
76 138 0.500000
77 78 0.500000
77 79 0.500000
77 80 0.500000
77 83 0.500000
77 89 0.500000
77 90 0.500000
77 107 0.500000
77 110 0.500000
77 119 0.500000
77 120 0.500000
77 126 0.500000
77 132 0.500000
77 133 0.500000
78 85 0.500000
78 87 0.500000
78 88 0.500000
78 89 0.500000
78 90 0.500000
78 93 0.500000
78 105 0.500000
78 109 0.500000
78 112 0.500000
78 114 0.500000
78 115 0.500000
78 123 0.500000
78 128 0.500000
78 130 0.500000
78 135 0.500000
78 138 0.500000
79 85 0.500000
79 88 0.500000
79 90 0.500000
79 91 0.500000
79 93 0.500000
79 94 0.500000
79 97 0.500000
79 100 0.500000
79 104 0.500000
79 109 0.500000
79 112 0.500000
79 113 0.500000
79 115 0.500000
79 126 0.500000
79 127 0.500000
79 135 0.500000
79 137 0.500000
80 84 0.500000
80 85 0.500000
80 90 0.500000
80 91 0.500000
80 96 0.500000
80 102 0.500000
80 103 0.500000
80 110 0.500000
80 111 0.500000
80 112 0.500000
80 113 0.500000
80 117 0.500000
80 123 0.500000
80 125 0.500000
80 127 0.500000
80 135 0.500000
81 83 0.500000
81 89 0.500000
81 93 0.500000
81 94 0.500000
81 97 0.500000
81 103 0.500000
81 104 0.500000
81 105 0.500000
81 106 0.500000
81 113 0.500000
81 127 0.500000
81 130 0.500000
81 131 0.500000
81 132 0.500000
81 138 0.500000
81 139 0.500000
82 83 0.500000
82 84 0.500000
82 86 0.500000
82 87 0.500000
82 89 0.500000
82 94 0.500000
82 101 0.500000
82 111 0.500000
82 115 0.500000
82 130 0.500000
82 132 0.500000
82 134 0.500000
82 136 0.500000
82 139 0.500000
83 85 0.500000
83 103 0.500000
83 108 0.500000
83 110 0.500000
83 112 0.500000
83 114 0.500000
83 115 0.500000
83 118 0.500000
83 123 0.500000
83 125 0.500000
83 127 0.500000
83 130 0.500000
83 131 0.500000
83 133 0.500000
83 134 0.500000
83 139 0.500000
84 91 0.500000
84 96 0.500000
84 99 0.500000
84 106 0.500000
84 107 0.500000
84 110 0.500000
84 112 0.500000
84 113 0.500000
84 114 0.500000
84 116 0.500000
84 124 0.500000
84 131 0.500000
84 135 0.500000
84 138 0.500000
85 86 0.500000
85 87 0.500000
85 90 0.500000
85 104 0.500000
85 106 0.500000
85 107 0.500000
85 108 0.500000
85 113 0.500000
85 114 0.500000
85 117 0.500000
85 118 0.500000
85 123 0.500000
85 128 0.500000
85 130 0.500000
85 132 0.500000
85 133 0.500000
85 135 0.500000
85 138 0.500000
85 139 0.500000
86 91 0.500000
86 94 0.500000
86 99 0.500000
86 106 0.500000
86 108 0.500000
86 111 0.500000
86 117 0.500000
86 118 0.500000
86 122 0.500000
86 123 0.500000
86 131 0.500000
86 132 0.500000
86 136 0.500000
87 91 0.500000
87 95 0.500000
87 96 0.500000
87 98 0.500000
87 100 0.500000
87 109 0.500000
87 110 0.500000
87 114 0.500000
87 118 0.500000
87 120 0.500000
87 129 0.500000
87 132 0.500000
87 135 0.500000
87 136 0.500000
87 139 0.500000
87 140 0.500000
88 89 0.500000
88 95 0.500000
88 96 0.500000
88 98 0.500000
88 104 0.500000
88 113 0.500000
88 119 0.500000
88 121 0.500000
88 127 0.500000
89 95 0.500000
89 97 0.500000
89 99 0.500000
89 100 0.500000
89 103 0.500000
89 109 0.500000
89 112 0.500000
89 116 0.500000
89 118 0.500000
89 122 0.500000
89 125 0.500000
89 130 0.500000
89 135 0.500000
89 137 0.500000
89 140 0.500000
90 92 0.500000
90 93 0.500000
90 103 0.500000
90 106 0.500000
90 107 0.500000
90 109 0.500000
90 116 0.500000
90 121 0.500000
90 134 0.500000
90 137 0.500000
90 140 0.500000
91 92 0.500000
91 93 0.500000
91 98 0.500000
91 103 0.500000
91 104 0.500000
91 111 0.500000
91 114 0.500000
91 119 0.500000
91 121 0.500000
91 122 0.500000
91 124 0.500000
92 95 0.500000
92 100 0.500000
92 108 0.500000
92 110 0.500000
92 112 0.500000
92 118 0.500000
92 121 0.500000
92 129 0.500000
92 133 0.500000
92 134 0.500000
92 137 0.500000
93 95 0.500000
93 97 0.500000
93 100 0.500000
93 102 0.500000
93 103 0.500000
93 105 0.500000
93 108 0.500000
93 110 0.500000
93 126 0.500000
93 127 0.500000
93 130 0.500000
93 133 0.500000
93 136 0.500000
94 106 0.500000
94 107 0.500000
94 109 0.500000
94 110 0.500000
94 112 0.500000
94 114 0.500000
94 123 0.500000
94 124 0.500000
94 126 0.500000
94 131 0.500000
94 133 0.500000
95 99 0.500000
95 100 0.500000
95 101 0.500000
95 104 0.500000
95 105 0.500000
95 106 0.500000
95 107 0.500000
95 110 0.500000
95 115 0.500000
95 116 0.500000
95 117 0.500000
95 124 0.500000
95 127 0.500000
95 129 0.500000
95 130 0.500000
95 131 0.500000
95 139 0.500000
95 140 0.500000
96 106 0.500000
96 109 0.500000
96 113 0.500000
96 120 0.500000
96 125 0.500000
96 126 0.500000
96 127 0.500000
97 98 0.500000
97 100 0.500000
97 108 0.500000
97 109 0.500000
97 112 0.500000
97 119 0.500000
97 120 0.500000
97 124 0.500000
97 127 0.500000
97 128 0.500000
97 132 0.500000
98 111 0.500000
98 114 0.500000
98 119 0.500000
98 121 0.500000
98 125 0.500000
98 135 0.500000
99 104 0.500000
99 108 0.500000
99 110 0.500000
99 113 0.500000
99 115 0.500000
99 119 0.500000
99 121 0.500000
99 131 0.500000
99 133 0.500000
99 137 0.500000
99 139 0.500000
99 140 0.500000
100 112 0.500000
100 114 0.500000
100 118 0.500000
100 120 0.500000
100 121 0.500000
100 122 0.500000
100 127 0.500000
100 130 0.500000
100 131 0.500000
100 133 0.500000
100 134 0.500000
101 107 0.500000
101 110 0.500000
101 111 0.500000
101 114 0.500000
101 117 0.500000
101 125 0.500000
101 130 0.500000
101 133 0.500000
101 134 0.500000
101 137 0.500000
101 140 0.500000
102 110 0.500000
102 113 0.500000
102 118 0.500000
102 119 0.500000
102 125 0.500000
102 126 0.500000
102 129 0.500000
102 134 0.500000
102 135 0.500000
102 137 0.500000
103 111 0.500000
103 113 0.500000
103 126 0.500000
103 130 0.500000
103 131 0.500000
103 135 0.500000
103 137 0.500000
104 105 0.500000
104 126 0.500000
104 131 0.500000
105 112 0.500000
105 117 0.500000
105 118 0.500000
105 120 0.500000
105 124 0.500000
105 127 0.500000
105 132 0.500000
105 136 0.500000
105 139 0.500000
106 108 0.500000
106 113 0.500000
106 115 0.500000
106 119 0.500000
106 133 0.500000
106 135 0.500000
107 118 0.500000
107 128 0.500000
107 129 0.500000
107 131 0.500000
107 133 0.500000
107 135 0.500000
107 137 0.500000
107 138 0.500000
107 140 0.500000
108 113 0.500000
108 116 0.500000
108 122 0.500000
108 128 0.500000
108 131 0.500000
108 133 0.500000
108 137 0.500000
108 138 0.500000
109 115 0.500000
109 119 0.500000
109 123 0.500000
109 126 0.500000
109 134 0.500000
109 137 0.500000
110 111 0.500000
110 114 0.500000
110 116 0.500000
110 123 0.500000
110 126 0.500000
110 132 0.500000
110 134 0.500000
111 117 0.500000
111 118 0.500000
111 126 0.500000
111 129 0.500000
111 134 0.500000
111 136 0.500000
111 140 0.500000
112 113 0.500000
112 115 0.500000
112 122 0.500000
112 129 0.500000
113 117 0.500000
113 125 0.500000
113 135 0.500000
113 140 0.500000
114 115 0.500000
114 118 0.500000
114 123 0.500000
114 125 0.500000
114 135 0.500000
115 119 0.500000
115 120 0.500000
115 124 0.500000
115 126 0.500000
115 131 0.500000
115 132 0.500000
115 136 0.500000
116 119 0.500000
116 126 0.500000
116 127 0.500000
116 135 0.500000
117 125 0.500000
117 132 0.500000
117 133 0.500000
117 135 0.500000
117 140 0.500000
118 120 0.500000
118 124 0.500000
118 126 0.500000
118 128 0.500000
118 131 0.500000
118 137 0.500000
118 140 0.500000
119 124 0.500000
119 127 0.500000
119 130 0.500000
119 136 0.500000
119 138 0.500000
120 124 0.500000
121 125 0.500000
121 135 0.500000
121 138 0.500000
122 123 0.500000
122 124 0.500000
122 134 0.500000
122 137 0.500000
123 127 0.500000
123 128 0.500000
123 133 0.500000
123 134 0.500000
123 135 0.500000
123 137 0.500000
124 134 0.500000
125 129 0.500000
125 131 0.500000
125 135 0.500000
126 127 0.500000
126 133 0.500000
126 136 0.500000
126 139 0.500000
126 140 0.500000
127 133 0.500000
127 140 0.500000
128 129 0.500000
128 136 0.500000
128 137 0.500000
129 130 0.500000
129 134 0.500000
129 138 0.500000
130 133 0.500000
130 136 0.500000
130 139 0.500000
130 140 0.500000
133 134 0.500000
134 139 0.500000
135 138 0.500000
135 139 0.500000
137 140 0.500000
138 139 0.500000
