140 70 4865
1 2 0.500000
1 4 0.500000
1 5 0.500000
1 6 0.500000
1 9 0.500000
1 10 0.500000
1 11 0.500000
1 12 0.500000
1 13 0.500000
1 14 0.500000
1 19 0.500000
1 22 0.500000
1 26 0.500000
1 28 0.500000
1 30 0.500000
1 33 0.500000
1 34 0.500000
1 35 0.500000
1 37 0.500000
1 38 0.500000
1 39 0.500000
1 40 0.500000
1 41 0.500000
1 45 0.500000
1 47 0.500000
1 48 0.500000
1 49 0.500000
1 54 0.500000
1 56 0.500000
1 57 0.500000
1 61 0.500000
1 62 0.500000
1 63 0.500000
1 64 0.500000
1 67 0.500000
1 68 0.500000
1 70 0.500000
1 71 0.500000
1 73 0.500000
1 74 0.500000
1 75 0.500000
1 76 0.500000
1 78 0.500000
1 79 0.500000
1 80 0.500000
1 82 0.500000
1 83 0.500000
1 86 0.500000
1 87 0.500000
1 90 0.500000
1 92 0.500000
1 93 0.500000
1 96 0.500000
1 97 0.500000
1 98 0.500000
1 100 0.500000
1 101 0.500000
1 103 0.500000
1 104 0.500000
1 105 0.500000
1 110 0.500000
1 116 0.500000
1 117 0.500000
1 119 0.500000
1 120 0.500000
1 121 0.500000
1 123 0.500000
1 125 0.500000
1 126 0.500000
1 127 0.500000
1 129 0.500000
1 133 0.500000
1 135 0.500000
1 139 0.500000
1 140 0.500000
2 4 0.500000
2 8 0.500000
2 10 0.500000
2 11 0.500000
2 14 0.500000
2 15 0.500000
2 18 0.500000
2 20 0.500000
2 21 0.500000
2 22 0.500000
2 24 0.500000
2 25 0.500000
2 28 0.500000
2 29 0.500000
2 30 0.500000
2 31 0.500000
2 34 0.500000
2 35 0.500000
2 36 0.500000
2 39 0.500000
2 41 0.500000
2 42 0.500000
2 45 0.500000
2 46 0.500000
2 51 0.500000
2 52 0.500000
2 56 0.500000
2 58 0.500000
2 59 0.500000
2 65 0.500000
2 66 0.500000
2 67 0.500000
2 68 0.500000
2 69 0.500000
2 70 0.500000
2 72 0.500000
2 73 0.500000
2 74 0.500000
2 79 0.500000
2 80 0.500000
2 83 0.500000
2 85 0.500000
2 89 0.500000
2 92 0.500000
2 94 0.500000
2 97 0.500000
2 99 0.500000
2 102 0.500000
2 107 0.500000
2 108 0.500000
2 110 0.500000
2 111 0.500000
2 113 0.500000
2 114 0.500000
2 115 0.500000
2 117 0.500000
2 120 0.500000
2 122 0.500000
2 124 0.500000
2 127 0.500000
2 128 0.500000
2 129 0.500000
2 130 0.500000
2 131 0.500000
2 133 0.500000
2 136 0.500000
2 140 0.500000
3 4 0.500000
3 5 0.500000
3 6 0.500000
3 11 0.500000
3 14 0.500000
3 15 0.500000
3 22 0.500000
3 25 0.500000
3 26 0.500000
3 28 0.500000
3 31 0.500000
3 35 0.500000
3 37 0.500000
3 38 0.500000
3 39 0.500000
3 42 0.500000
3 43 0.500000
3 44 0.500000
3 45 0.500000
3 46 0.500000
3 47 0.500000
3 49 0.500000
3 52 0.500000
3 55 0.500000
3 57 0.500000
3 58 0.500000
3 59 0.500000
3 61 0.500000
3 62 0.500000
3 65 0.500000
3 69 0.500000
3 72 0.500000
3 73 0.500000
3 75 0.500000
3 77 0.500000
3 78 0.500000
3 81 0.500000
3 82 0.500000
3 84 0.500000
3 85 0.500000
3 86 0.500000
3 88 0.500000
3 89 0.500000
3 91 0.500000
3 92 0.500000
3 93 0.500000
3 95 0.500000
3 98 0.500000
3 101 0.500000
3 102 0.500000
3 103 0.500000
3 105 0.500000
3 108 0.500000
3 110 0.500000
3 115 0.500000
3 121 0.500000
3 124 0.500000
3 125 0.500000
3 128 0.500000
3 130 0.500000
3 132 0.500000
3 133 0.500000
3 135 0.500000
3 136 0.500000
4 8 0.500000
4 12 0.500000
4 13 0.500000
4 15 0.500000
4 16 0.500000
4 17 0.500000
4 18 0.500000
4 19 0.500000
4 20 0.500000
4 22 0.500000
4 26 0.500000
4 27 0.500000
4 29 0.500000
4 31 0.500000
4 34 0.500000
4 35 0.500000
4 36 0.500000
4 38 0.500000
4 39 0.500000
4 40 0.500000
4 42 0.500000
4 43 0.500000
4 46 0.500000
4 48 0.500000
4 49 0.500000
4 50 0.500000
4 51 0.500000
4 52 0.500000
4 53 0.500000
4 57 0.500000
4 61 0.500000
4 64 0.500000
4 66 0.500000
4 67 0.500000
4 68 0.500000
4 69 0.500000
4 70 0.500000
4 73 0.500000
4 74 0.500000
4 79 0.500000
4 80 0.500000
4 86 0.500000
4 89 0.500000
4 92 0.500000
4 93 0.500000
4 97 0.500000
4 100 0.500000
4 101 0.500000
4 103 0.500000
4 105 0.500000
4 106 0.500000
4 114 0.500000
4 115 0.500000
4 118 0.500000
4 119 0.500000
4 120 0.500000
4 122 0.500000
4 124 0.500000
4 128 0.500000
4 129 0.500000
4 131 0.500000
4 134 0.500000
4 135 0.500000
4 138 0.500000
4 139 0.500000
5 10 0.500000
5 11 0.500000
5 12 0.500000
5 17 0.500000
5 21 0.500000
5 22 0.500000
5 23 0.500000
5 25 0.500000
5 26 0.500000
5 29 0.500000
5 31 0.500000
5 32 0.500000
5 34 0.500000
5 40 0.500000
5 41 0.500000
5 43 0.500000
5 44 0.500000
5 45 0.500000
5 47 0.500000
5 49 0.500000
5 50 0.500000
5 51 0.500000
5 52 0.500000
5 54 0.500000
5 59 0.500000
5 62 0.500000
5 64 0.500000
5 66 0.500000
5 76 0.500000
5 77 0.500000
5 78 0.500000
5 80 0.500000
5 81 0.500000
5 83 0.500000
5 85 0.500000
5 88 0.500000
5 90 0.500000
5 94 0.500000
5 95 0.500000
5 97 0.500000
5 102 0.500000
5 105 0.500000
5 106 0.500000
5 110 0.500000
5 113 0.500000
5 114 0.500000
5 115 0.500000
5 116 0.500000
5 118 0.500000
5 119 0.500000
5 120 0.500000
5 122 0.500000
5 125 0.500000
5 126 0.500000
5 127 0.500000
5 131 0.500000
5 132 0.500000
5 133 0.500000
5 134 0.500000
5 135 0.500000
5 136 0.500000
5 140 0.500000
6 9 0.500000
6 10 0.500000
6 13 0.500000
6 15 0.500000
6 16 0.500000
6 17 0.500000
6 18 0.500000
6 19 0.500000
6 22 0.500000
6 23 0.500000
6 25 0.500000
6 27 0.500000
6 30 0.500000
6 31 0.500000
6 37 0.500000
6 39 0.500000
6 41 0.500000
6 42 0.500000
6 48 0.500000
6 49 0.500000
6 50 0.500000
6 51 0.500000
6 52 0.500000
6 53 0.500000
6 54 0.500000
6 55 0.500000
6 56 0.500000
6 58 0.500000
6 59 0.500000
6 60 0.500000
6 61 0.500000
6 62 0.500000
6 63 0.500000
6 64 0.500000
6 65 0.500000
6 71 0.500000
6 72 0.500000
6 74 0.500000
6 77 0.500000
6 78 0.500000
6 79 0.500000
6 80 0.500000
6 81 0.500000
6 86 0.500000
6 88 0.500000
6 89 0.500000
6 90 0.500000
6 92 0.500000
6 93 0.500000
6 94 0.500000
6 95 0.500000
6 97 0.500000
6 100 0.500000
6 105 0.500000
6 106 0.500000
6 107 0.500000
6 109 0.500000
6 111 0.500000
6 112 0.500000
6 114 0.500000
6 118 0.500000
6 121 0.500000
6 123 0.500000
6 124 0.500000
6 125 0.500000
6 126 0.500000
6 127 0.500000
6 133 0.500000
6 134 0.500000
6 135 0.500000
6 138 0.500000
6 140 0.500000
7 8 0.500000
7 9 0.500000
7 10 0.500000
7 11 0.500000
7 16 0.500000
7 19 0.500000
7 20 0.500000
7 22 0.500000
7 24 0.500000
7 27 0.500000
7 29 0.500000
7 30 0.500000
7 32 0.500000
7 33 0.500000
7 37 0.500000
7 38 0.500000
7 42 0.500000
7 44 0.500000
7 46 0.500000
7 50 0.500000
7 54 0.500000
7 55 0.500000
7 56 0.500000
7 57 0.500000
7 58 0.500000
7 59 0.500000
7 60 0.500000
7 61 0.500000
7 62 0.500000
7 64 0.500000
7 65 0.500000
7 67 0.500000
7 68 0.500000
7 69 0.500000
7 73 0.500000
7 75 0.500000
7 80 0.500000
7 82 0.500000
7 83 0.500000
7 87 0.500000
7 89 0.500000
7 92 0.500000
7 93 0.500000
7 94 0.500000
7 95 0.500000
7 99 0.500000
7 100 0.500000
7 102 0.500000
7 103 0.500000
7 105 0.500000
7 107 0.500000
7 108 0.500000
7 109 0.500000
7 110 0.500000
7 111 0.500000
7 112 0.500000
7 113 0.500000
7 114 0.500000
7 117 0.500000
7 118 0.500000
7 119 0.500000
7 120 0.500000
7 123 0.500000
7 125 0.500000
7 129 0.500000
7 135 0.500000
7 139 0.500000
8 9 0.500000
8 11 0.500000
8 13 0.500000
8 14 0.500000
8 15 0.500000
8 17 0.500000
8 18 0.500000
8 20 0.500000
8 21 0.500000
8 25 0.500000
8 26 0.500000
8 27 0.500000
8 30 0.500000
8 34 0.500000
8 38 0.500000
8 39 0.500000
8 40 0.500000
8 45 0.500000
8 46 0.500000
8 47 0.500000
8 49 0.500000
8 51 0.500000
8 53 0.500000
8 54 0.500000
8 58 0.500000
8 60 0.500000
8 62 0.500000
8 63 0.500000
8 64 0.500000
8 66 0.500000
8 68 0.500000
8 69 0.500000
8 72 0.500000
8 73 0.500000
8 75 0.500000
8 76 0.500000
8 77 0.500000
8 78 0.500000
8 79 0.500000
8 80 0.500000
8 82 0.500000
8 86 0.500000
8 87 0.500000
8 89 0.500000
8 91 0.500000
8 94 0.500000
8 95 0.500000
8 97 0.500000
8 99 0.500000
8 100 0.500000
8 102 0.500000
8 105 0.500000
8 108 0.500000
8 110 0.500000
8 113 0.500000
8 114 0.500000
8 115 0.500000
8 118 0.500000
8 120 0.500000
8 122 0.500000
8 124 0.500000
8 126 0.500000
8 129 0.500000
8 130 0.500000
8 133 0.500000
8 134 0.500000
8 136 0.500000
8 137 0.500000
8 138 0.500000
8 139 0.500000
9 12 0.500000
9 17 0.500000
9 22 0.500000
9 23 0.500000
9 24 0.500000
9 26 0.500000
9 29 0.500000
9 30 0.500000
9 31 0.500000
9 33 0.500000
9 34 0.500000
9 35 0.500000
9 36 0.500000
9 38 0.500000
9 39 0.500000
9 41 0.500000
9 43 0.500000
9 44 0.500000
9 46 0.500000
9 49 0.500000
9 50 0.500000
9 51 0.500000
9 53 0.500000
9 54 0.500000
9 55 0.500000
9 57 0.500000
9 59 0.500000
9 60 0.500000
9 61 0.500000
9 62 0.500000
9 63 0.500000
9 67 0.500000
9 68 0.500000
9 69 0.500000
9 70 0.500000
9 76 0.500000
9 77 0.500000
9 78 0.500000
9 81 0.500000
9 83 0.500000
9 84 0.500000
9 85 0.500000
9 90 0.500000
9 94 0.500000
9 95 0.500000
9 99 0.500000
9 102 0.500000
9 103 0.500000
9 105 0.500000
9 107 0.500000
9 108 0.500000
9 109 0.500000
9 114 0.500000
9 115 0.500000
9 117 0.500000
9 120 0.500000
9 121 0.500000
9 122 0.500000
9 128 0.500000
9 129 0.500000
9 130 0.500000
9 134 0.500000
9 135 0.500000
9 140 0.500000
10 11 0.500000
10 13 0.500000
10 15 0.500000
10 16 0.500000
10 19 0.500000
10 21 0.500000
10 22 0.500000
10 23 0.500000
10 25 0.500000
10 27 0.500000
10 28 0.500000
10 30 0.500000
10 32 0.500000
10 33 0.500000
10 35 0.500000
10 36 0.500000
10 38 0.500000
10 42 0.500000
10 44 0.500000
10 45 0.500000
10 46 0.500000
10 49 0.500000
10 52 0.500000
10 53 0.500000
10 54 0.500000
10 55 0.500000
10 56 0.500000
10 62 0.500000
10 63 0.500000
10 65 0.500000
10 69 0.500000
10 70 0.500000
10 72 0.500000
10 75 0.500000
10 76 0.500000
10 79 0.500000
10 80 0.500000
10 81 0.500000
10 82 0.500000
10 83 0.500000
10 90 0.500000
10 92 0.500000
10 94 0.500000
10 95 0.500000
10 96 0.500000
10 97 0.500000
10 98 0.500000
10 100 0.500000
10 101 0.500000
10 105 0.500000
10 111 0.500000
10 112 0.500000
10 114 0.500000
10 115 0.500000
10 118 0.500000
10 119 0.500000
10 120 0.500000
10 121 0.500000
10 122 0.500000
10 123 0.500000
10 124 0.500000
10 126 0.500000
10 128 0.500000
10 129 0.500000
10 130 0.500000
10 132 0.500000
10 137 0.500000
10 138 0.500000
10 139 0.500000
11 12 0.500000
11 14 0.500000
11 19 0.500000
11 24 0.500000
11 25 0.500000
11 26 0.500000
11 28 0.500000
11 30 0.500000
11 33 0.500000
11 34 0.500000
11 36 0.500000
11 37 0.500000
11 39 0.500000
11 42 0.500000
11 44 0.500000
11 45 0.500000
11 47 0.500000
11 48 0.500000
11 49 0.500000
11 53 0.500000
11 54 0.500000
11 58 0.500000
11 62 0.500000
11 66 0.500000
11 72 0.500000
11 73 0.500000
11 76 0.500000
11 79 0.500000
11 81 0.500000
11 83 0.500000
11 84 0.500000
11 85 0.500000
11 86 0.500000
11 88 0.500000
11 89 0.500000
11 91 0.500000
11 93 0.500000
11 95 0.500000
11 99 0.500000
11 100 0.500000
11 101 0.500000
11 102 0.500000
11 103 0.500000
11 104 0.500000
11 106 0.500000
11 107 0.500000
11 108 0.500000
11 110 0.500000
11 112 0.500000
11 113 0.500000
11 117 0.500000
11 118 0.500000
11 119 0.500000
11 121 0.500000
11 128 0.500000
11 129 0.500000
11 131 0.500000
11 134 0.500000
11 135 0.500000
11 136 0.500000
11 138 0.500000
11 140 0.500000
12 13 0.500000
12 14 0.500000
12 16 0.500000
12 17 0.500000
12 19 0.500000
12 21 0.500000
12 23 0.500000
12 28 0.500000
12 29 0.500000
12 34 0.500000
12 37 0.500000
12 39 0.500000
12 40 0.500000
12 41 0.500000
12 44 0.500000
12 46 0.500000
12 49 0.500000
12 50 0.500000
12 51 0.500000
12 55 0.500000
12 57 0.500000
12 58 0.500000
12 59 0.500000
12 64 0.500000
12 65 0.500000
12 67 0.500000
12 70 0.500000
12 71 0.500000
12 74 0.500000
12 77 0.500000
12 79 0.500000
12 80 0.500000
12 81 0.500000
12 82 0.500000
12 84 0.500000
12 85 0.500000
12 88 0.500000
12 89 0.500000
12 90 0.500000
12 91 0.500000
12 94 0.500000
12 96 0.500000
12 97 0.500000
12 99 0.500000
12 103 0.500000
12 104 0.500000
12 108 0.500000
12 110 0.500000
12 114 0.500000
12 116 0.500000
12 118 0.500000
12 121 0.500000
12 124 0.500000
12 125 0.500000
12 128 0.500000
12 130 0.500000
12 132 0.500000
12 134 0.500000
12 135 0.500000
12 138 0.500000
13 14 0.500000
13 19 0.500000
13 22 0.500000
13 24 0.500000
13 25 0.500000
13 27 0.500000
13 32 0.500000
13 33 0.500000
13 35 0.500000
13 37 0.500000
13 39 0.500000
13 44 0.500000
13 46 0.500000
13 49 0.500000
13 52 0.500000
13 56 0.500000
13 59 0.500000
13 61 0.500000
13 62 0.500000
13 63 0.500000
13 64 0.500000
13 65 0.500000
13 66 0.500000
13 67 0.500000
13 71 0.500000
13 74 0.500000
13 77 0.500000
13 78 0.500000
13 79 0.500000
13 83 0.500000
13 84 0.500000
13 85 0.500000
13 86 0.500000
13 88 0.500000
13 89 0.500000
13 90 0.500000
13 91 0.500000
13 92 0.500000
13 93 0.500000
13 95 0.500000
13 97 0.500000
13 98 0.500000
13 99 0.500000
13 102 0.500000
13 103 0.500000
13 104 0.500000
13 105 0.500000
13 106 0.500000
13 111 0.500000
13 113 0.500000
13 114 0.500000
13 115 0.500000
13 118 0.500000
13 121 0.500000
13 123 0.500000
13 125 0.500000
13 127 0.500000
13 128 0.500000
13 130 0.500000
13 131 0.500000
13 133 0.500000
13 135 0.500000
13 136 0.500000
13 138 0.500000
14 16 0.500000
14 18 0.500000
14 20 0.500000
14 21 0.500000
14 22 0.500000
14 25 0.500000
14 27 0.500000
14 28 0.500000
14 30 0.500000
14 33 0.500000
14 34 0.500000
14 37 0.500000
14 39 0.500000
14 40 0.500000
14 42 0.500000
14 45 0.500000
14 46 0.500000
14 47 0.500000
14 48 0.500000
14 49 0.500000
14 50 0.500000
14 51 0.500000
14 61 0.500000
14 63 0.500000
14 64 0.500000
14 66 0.500000
14 70 0.500000
14 71 0.500000
14 73 0.500000
14 74 0.500000
14 77 0.500000
14 78 0.500000
14 81 0.500000
14 83 0.500000
14 85 0.500000
14 86 0.500000
14 87 0.500000
14 88 0.500000
14 90 0.500000
14 94 0.500000
14 96 0.500000
14 97 0.500000
14 99 0.500000
14 101 0.500000
14 102 0.500000
14 103 0.500000
14 104 0.500000
14 109 0.500000
14 114 0.500000
14 116 0.500000
14 117 0.500000
14 118 0.500000
14 119 0.500000
14 120 0.500000
14 121 0.500000
14 122 0.500000
14 123 0.500000
14 124 0.500000
14 125 0.500000
14 126 0.500000
14 127 0.500000
14 128 0.500000
14 129 0.500000
14 130 0.500000
14 133 0.500000
14 136 0.500000
14 139 0.500000
14 140 0.500000
15 16 0.500000
15 17 0.500000
15 18 0.500000
15 19 0.500000
15 20 0.500000
15 25 0.500000
15 28 0.500000
15 31 0.500000
15 33 0.500000
15 34 0.500000
15 36 0.500000
15 38 0.500000
15 39 0.500000
15 42 0.500000
15 43 0.500000
15 44 0.500000
15 46 0.500000
15 51 0.500000
15 52 0.500000
15 53 0.500000
15 54 0.500000
15 56 0.500000
15 59 0.500000
15 60 0.500000
15 61 0.500000
15 63 0.500000
15 64 0.500000
15 65 0.500000
15 66 0.500000
15 71 0.500000
15 72 0.500000
15 74 0.500000
15 78 0.500000
15 82 0.500000
15 85 0.500000
15 87 0.500000
15 88 0.500000
15 89 0.500000
15 90 0.500000
15 91 0.500000
15 93 0.500000
15 94 0.500000
15 96 0.500000
15 98 0.500000
15 104 0.500000
15 106 0.500000
15 109 0.500000
15 111 0.500000
15 112 0.500000
15 113 0.500000
15 114 0.500000
15 116 0.500000
15 118 0.500000
15 119 0.500000
15 120 0.500000
15 121 0.500000
15 122 0.500000
15 124 0.500000
15 129 0.500000
15 131 0.500000
15 134 0.500000
15 135 0.500000
15 139 0.500000
16 18 0.500000
16 20 0.500000
16 21 0.500000
16 22 0.500000
16 23 0.500000
16 24 0.500000
16 26 0.500000
16 27 0.500000
16 28 0.500000
16 29 0.500000
16 32 0.500000
16 40 0.500000
16 41 0.500000
16 43 0.500000
16 45 0.500000
16 46 0.500000
16 47 0.500000
16 48 0.500000
16 51 0.500000
16 57 0.500000
16 60 0.500000
16 61 0.500000
16 62 0.500000
16 64 0.500000
16 71 0.500000
16 73 0.500000
16 77 0.500000
16 80 0.500000
16 81 0.500000
16 82 0.500000
16 83 0.500000
16 85 0.500000
16 86 0.500000
16 87 0.500000
16 88 0.500000
16 90 0.500000
16 91 0.500000
16 92 0.500000
16 93 0.500000
16 94 0.500000
16 98 0.500000
16 100 0.500000
16 104 0.500000
16 105 0.500000
16 106 0.500000
16 110 0.500000
16 112 0.500000
16 113 0.500000
16 116 0.500000
16 118 0.500000
16 123 0.500000
16 125 0.500000
16 126 0.500000
16 127 0.500000
16 128 0.500000
16 131 0.500000
16 134 0.500000
16 135 0.500000
16 138 0.500000
17 18 0.500000
17 21 0.500000
17 22 0.500000
17 24 0.500000
17 32 0.500000
17 33 0.500000
17 34 0.500000
17 38 0.500000
17 39 0.500000
17 40 0.500000
17 41 0.500000
17 43 0.500000
17 44 0.500000
17 48 0.500000
17 50 0.500000
17 51 0.500000
17 55 0.500000
17 59 0.500000
17 60 0.500000
17 61 0.500000
17 62 0.500000
17 64 0.500000
17 65 0.500000
17 66 0.500000
17 67 0.500000
17 68 0.500000
17 70 0.500000
17 73 0.500000
17 78 0.500000
17 82 0.500000
17 83 0.500000
17 84 0.500000
17 87 0.500000
17 88 0.500000
17 89 0.500000
17 90 0.500000
17 92 0.500000
17 94 0.500000
17 95 0.500000
17 101 0.500000
17 102 0.500000
17 109 0.500000
17 110 0.500000
17 113 0.500000
17 116 0.500000
17 120 0.500000
17 121 0.500000
17 122 0.500000
17 124 0.500000
17 126 0.500000
17 127 0.500000
17 129 0.500000
17 132 0.500000
17 136 0.500000
17 138 0.500000
17 139 0.500000
18 19 0.500000
18 23 0.500000
18 24 0.500000
18 25 0.500000
18 27 0.500000
18 28 0.500000
18 29 0.500000
18 30 0.500000
18 36 0.500000
18 37 0.500000
18 39 0.500000
18 42 0.500000
18 45 0.500000
18 48 0.500000
18 49 0.500000
18 51 0.500000
18 52 0.500000
18 53 0.500000
18 58 0.500000
18 59 0.500000
18 62 0.500000
18 63 0.500000
18 66 0.500000
18 67 0.500000
18 70 0.500000
18 72 0.500000
18 74 0.500000
18 76 0.500000
18 77 0.500000
18 78 0.500000
18 79 0.500000
18 81 0.500000
18 82 0.500000
18 83 0.500000
18 88 0.500000
18 89 0.500000
18 90 0.500000
18 91 0.500000
18 92 0.500000
18 97 0.500000
18 98 0.500000
18 102 0.500000
18 103 0.500000
18 105 0.500000
18 106 0.500000
18 107 0.500000
18 108 0.500000
18 110 0.500000
18 111 0.500000
18 115 0.500000
18 116 0.500000
18 118 0.500000
18 120 0.500000
18 122 0.500000
18 123 0.500000
18 124 0.500000
18 125 0.500000
18 126 0.500000
18 131 0.500000
18 132 0.500000
18 133 0.500000
18 134 0.500000
18 135 0.500000
18 137 0.500000
18 140 0.500000
19 24 0.500000
19 26 0.500000
19 30 0.500000
19 32 0.500000
19 34 0.500000
19 40 0.500000
19 41 0.500000
19 43 0.500000
19 44 0.500000
19 50 0.500000
19 51 0.500000
19 55 0.500000
19 56 0.500000
19 59 0.500000
19 62 0.500000
19 66 0.500000
19 69 0.500000
19 70 0.500000
19 74 0.500000
19 75 0.500000
19 77 0.500000
19 78 0.500000
19 79 0.500000
19 80 0.500000
19 82 0.500000
19 83 0.500000
19 86 0.500000
19 87 0.500000
19 90 0.500000
19 92 0.500000
19 93 0.500000
19 95 0.500000
19 97 0.500000
19 101 0.500000
19 104 0.500000
19 106 0.500000
19 107 0.500000
19 108 0.500000
19 112 0.500000
19 115 0.500000
19 116 0.500000
19 118 0.500000
19 120 0.500000
19 121 0.500000
19 123 0.500000
19 124 0.500000
19 127 0.500000
19 130 0.500000
19 133 0.500000
19 134 0.500000
19 135 0.500000
19 136 0.500000
19 137 0.500000
19 138 0.500000
19 140 0.500000
20 21 0.500000
20 23 0.500000
20 24 0.500000
20 25 0.500000
20 26 0.500000
20 27 0.500000
20 28 0.500000
20 32 0.500000
20 35 0.500000
20 36 0.500000
20 39 0.500000
20 41 0.500000
20 42 0.500000
20 44 0.500000
20 45 0.500000
20 46 0.500000
20 51 0.500000
20 52 0.500000
20 53 0.500000
20 57 0.500000
20 58 0.500000
20 60 0.500000
20 61 0.500000
20 62 0.500000
20 65 0.500000
20 66 0.500000
20 67 0.500000
20 68 0.500000
20 69 0.500000
20 70 0.500000
20 72 0.500000
20 74 0.500000
20 80 0.500000
20 81 0.500000
20 82 0.500000
20 83 0.500000
20 84 0.500000
20 85 0.500000
20 88 0.500000
20 89 0.500000
20 91 0.500000
20 93 0.500000
20 94 0.500000
20 95 0.500000
20 98 0.500000
20 99 0.500000
20 100 0.500000
20 101 0.500000
20 102 0.500000
20 103 0.500000
20 104 0.500000
20 105 0.500000
20 108 0.500000
20 110 0.500000
20 111 0.500000
20 112 0.500000
20 115 0.500000
20 116 0.500000
20 117 0.500000
20 118 0.500000
20 120 0.500000
20 124 0.500000
20 126 0.500000
20 128 0.500000
20 130 0.500000
20 131 0.500000
20 132 0.500000
20 135 0.500000
20 138 0.500000
20 139 0.500000
21 22 0.500000
21 24 0.500000
21 25 0.500000
21 27 0.500000
21 28 0.500000
21 30 0.500000
21 33 0.500000
21 34 0.500000
21 35 0.500000
21 36 0.500000
21 41 0.500000
21 42 0.500000
21 44 0.500000
21 46 0.500000
21 47 0.500000
21 50 0.500000
21 53 0.500000
21 54 0.500000
21 56 0.500000
21 60 0.500000
21 61 0.500000
21 62 0.500000
21 63 0.500000
21 64 0.500000
21 65 0.500000
21 66 0.500000
21 68 0.500000
21 69 0.500000
21 70 0.500000
21 72 0.500000
21 74 0.500000
21 78 0.500000
21 79 0.500000
21 81 0.500000
21 82 0.500000
21 84 0.500000
21 86 0.500000
21 87 0.500000
21 88 0.500000
21 91 0.500000
21 92 0.500000
21 93 0.500000
21 95 0.500000
21 97 0.500000
21 98 0.500000
21 99 0.500000
21 100 0.500000
21 101 0.500000
21 103 0.500000
21 104 0.500000
21 106 0.500000
21 112 0.500000
21 115 0.500000
21 116 0.500000
21 118 0.500000
21 121 0.500000
21 123 0.500000
21 124 0.500000
21 128 0.500000
21 129 0.500000
21 130 0.500000
21 134 0.500000
21 137 0.500000
22 23 0.500000
22 25 0.500000
22 30 0.500000
22 31 0.500000
22 32 0.500000
22 34 0.500000
22 35 0.500000
22 36 0.500000
22 39 0.500000
22 40 0.500000
22 42 0.500000
22 43 0.500000
22 45 0.500000
22 46 0.500000
22 47 0.500000
22 48 0.500000
22 49 0.500000
22 51 0.500000
22 53 0.500000
22 54 0.500000
22 55 0.500000
22 57 0.500000
22 59 0.500000
22 60 0.500000
22 65 0.500000
22 70 0.500000
22 71 0.500000
22 73 0.500000
22 74 0.500000
22 75 0.500000
22 77 0.500000
22 79 0.500000
22 80 0.500000
22 83 0.500000
22 85 0.500000
22 88 0.500000
22 89 0.500000
22 90 0.500000
22 95 0.500000
22 96 0.500000
22 98 0.500000
22 99 0.500000
22 100 0.500000
22 102 0.500000
22 103 0.500000
22 108 0.500000
22 112 0.500000
22 113 0.500000
22 115 0.500000
22 116 0.500000
22 117 0.500000
22 120 0.500000
22 121 0.500000
22 122 0.500000
22 123 0.500000
22 124 0.500000
22 125 0.500000
22 127 0.500000
22 128 0.500000
22 130 0.500000
22 131 0.500000
22 133 0.500000
22 134 0.500000
22 140 0.500000
23 24 0.500000
23 28 0.500000
23 29 0.500000
23 30 0.500000
23 34 0.500000
23 38 0.500000
23 39 0.500000
23 42 0.500000
23 43 0.500000
23 44 0.500000
23 48 0.500000
23 49 0.500000
23 52 0.500000
23 54 0.500000
23 58 0.500000
23 59 0.500000
23 61 0.500000
23 62 0.500000
23 64 0.500000
23 66 0.500000
23 67 0.500000
23 68 0.500000
23 69 0.500000
23 71 0.500000
23 74 0.500000
23 75 0.500000
23 77 0.500000
23 78 0.500000
23 85 0.500000
23 86 0.500000
23 89 0.500000
23 90 0.500000
23 92 0.500000
23 94 0.500000
23 96 0.500000
23 103 0.500000
23 105 0.500000
23 106 0.500000
23 107 0.500000
23 108 0.500000
23 109 0.500000
23 112 0.500000
23 115 0.500000
23 116 0.500000
23 117 0.500000
23 118 0.500000
23 120 0.500000
23 122 0.500000
23 124 0.500000
23 127 0.500000
23 129 0.500000
23 131 0.500000
23 132 0.500000
23 134 0.500000
23 135 0.500000
23 136 0.500000
23 138 0.500000
23 139 0.500000
23 140 0.500000
24 26 0.500000
24 27 0.500000
24 29 0.500000
24 32 0.500000
24 34 0.500000
24 36 0.500000
24 37 0.500000
24 42 0.500000
24 43 0.500000
24 47 0.500000
24 53 0.500000
24 54 0.500000
24 56 0.500000
24 57 0.500000
24 58 0.500000
24 59 0.500000
24 60 0.500000
24 61 0.500000
24 62 0.500000
24 63 0.500000
24 64 0.500000
24 67 0.500000
24 68 0.500000
24 70 0.500000
24 73 0.500000
24 74 0.500000
24 75 0.500000
24 76 0.500000
24 77 0.500000
24 78 0.500000
24 79 0.500000
24 81 0.500000
24 82 0.500000
24 86 0.500000
24 88 0.500000
24 89 0.500000
24 93 0.500000
24 94 0.500000
24 95 0.500000
24 97 0.500000
24 98 0.500000
24 100 0.500000
24 101 0.500000
24 104 0.500000
24 106 0.500000
24 107 0.500000
24 112 0.500000
24 116 0.500000
24 117 0.500000
24 120 0.500000
24 122 0.500000
24 123 0.500000
24 124 0.500000
24 125 0.500000
24 127 0.500000
24 130 0.500000
24 131 0.500000
24 139 0.500000
25 27 0.500000
25 29 0.500000
25 31 0.500000
25 32 0.500000
25 35 0.500000
25 36 0.500000
25 37 0.500000
25 39 0.500000
25 40 0.500000
25 44 0.500000
25 46 0.500000
25 49 0.500000
25 50 0.500000
25 51 0.500000
25 55 0.500000
25 56 0.500000
25 66 0.500000
25 68 0.500000
25 72 0.500000
25 74 0.500000
25 78 0.500000
25 79 0.500000
25 81 0.500000
25 87 0.500000
25 88 0.500000
25 93 0.500000
25 96 0.500000
25 97 0.500000
25 101 0.500000
25 102 0.500000
25 104 0.500000
25 107 0.500000
25 108 0.500000
25 112 0.500000
25 113 0.500000
25 115 0.500000
25 116 0.500000
25 117 0.500000
25 119 0.500000
25 123 0.500000
25 128 0.500000
25 130 0.500000
25 131 0.500000
25 132 0.500000
25 133 0.500000
25 134 0.500000
25 135 0.500000
25 136 0.500000
25 138 0.500000
26 28 0.500000
26 29 0.500000
26 30 0.500000
26 33 0.500000
26 37 0.500000
26 40 0.500000
26 43 0.500000
26 44 0.500000
26 45 0.500000
26 46 0.500000
26 49 0.500000
26 54 0.500000
26 55 0.500000
26 56 0.500000
26 59 0.500000
26 62 0.500000
26 68 0.500000
26 69 0.500000
26 71 0.500000
26 72 0.500000
26 74 0.500000
26 76 0.500000
26 77 0.500000
26 78 0.500000
26 79 0.500000
26 83 0.500000
26 84 0.500000
26 85 0.500000
26 86 0.500000
26 88 0.500000
26 89 0.500000
26 91 0.500000
26 93 0.500000
26 94 0.500000
26 96 0.500000
26 97 0.500000
26 98 0.500000
26 104 0.500000
26 106 0.500000
26 107 0.500000
26 109 0.500000
26 110 0.500000
26 113 0.500000
26 114 0.500000
26 115 0.500000
26 116 0.500000
26 117 0.500000
26 118 0.500000
26 119 0.500000
26 123 0.500000
26 124 0.500000
26 126 0.500000
26 127 0.500000
26 128 0.500000
26 131 0.500000
26 137 0.500000
26 139 0.500000
27 32 0.500000
27 36 0.500000
27 37 0.500000
27 39 0.500000
27 40 0.500000
27 41 0.500000
27 42 0.500000
27 43 0.500000
27 46 0.500000
27 47 0.500000
27 48 0.500000
27 49 0.500000
27 50 0.500000
27 51 0.500000
27 52 0.500000
27 53 0.500000
27 54 0.500000
27 58 0.500000
27 61 0.500000
27 62 0.500000
27 63 0.500000
27 64 0.500000
27 66 0.500000
27 69 0.500000
27 70 0.500000
27 71 0.500000
27 72 0.500000
27 74 0.500000
27 75 0.500000
27 77 0.500000
27 82 0.500000
27 85 0.500000
27 86 0.500000
27 87 0.500000
27 89 0.500000
27 91 0.500000
27 92 0.500000
27 93 0.500000
27 94 0.500000
27 99 0.500000
27 100 0.500000
27 101 0.500000
27 108 0.500000
27 110 0.500000
27 111 0.500000
27 112 0.500000
27 115 0.500000
27 120 0.500000
27 121 0.500000
27 127 0.500000
27 128 0.500000
27 131 0.500000
27 135 0.500000
27 136 0.500000
27 138 0.500000
28 31 0.500000
28 32 0.500000
28 34 0.500000
28 37 0.500000
28 42 0.500000
28 43 0.500000
28 44 0.500000
28 45 0.500000
28 47 0.500000
28 49 0.500000
28 52 0.500000
28 56 0.500000
28 57 0.500000
28 60 0.500000
28 64 0.500000
28 66 0.500000
28 68 0.500000
28 70 0.500000
28 71 0.500000
28 74 0.500000
28 75 0.500000
28 77 0.500000
28 79 0.500000
28 80 0.500000
28 84 0.500000
28 85 0.500000
28 86 0.500000
28 92 0.500000
28 96 0.500000
28 98 0.500000
28 100 0.500000
28 101 0.500000
28 102 0.500000
28 103 0.500000
28 107 0.500000
28 112 0.500000
28 114 0.500000
28 116 0.500000
28 117 0.500000
28 121 0.500000
28 125 0.500000
28 126 0.500000
28 128 0.500000
28 131 0.500000
28 132 0.500000
28 133 0.500000
28 137 0.500000
28 140 0.500000
29 32 0.500000
29 33 0.500000
29 36 0.500000
29 40 0.500000
29 41 0.500000
29 43 0.500000
29 44 0.500000
29 45 0.500000
29 46 0.500000
29 47 0.500000
29 48 0.500000
29 49 0.500000
29 50 0.500000
29 51 0.500000
29 52 0.500000
29 54 0.500000
29 55 0.500000
29 56 0.500000
29 59 0.500000
29 66 0.500000
29 68 0.500000
29 71 0.500000
29 73 0.500000
29 74 0.500000
29 75 0.500000
29 80 0.500000
29 81 0.500000
29 82 0.500000
29 83 0.500000
29 86 0.500000
29 87 0.500000
29 88 0.500000
29 90 0.500000
29 91 0.500000
29 92 0.500000
29 94 0.500000
29 96 0.500000
29 99 0.500000
29 100 0.500000
29 101 0.500000
29 104 0.500000
29 106 0.500000
29 110 0.500000
29 112 0.500000
29 113 0.500000
29 116 0.500000
29 119 0.500000
29 120 0.500000
29 122 0.500000
29 125 0.500000
29 126 0.500000
29 127 0.500000
29 132 0.500000
29 135 0.500000
29 137 0.500000
29 138 0.500000
29 139 0.500000
29 140 0.500000
30 32 0.500000
30 35 0.500000
30 37 0.500000
30 38 0.500000
30 39 0.500000
30 40 0.500000
30 42 0.500000
30 44 0.500000
30 45 0.500000
30 46 0.500000
30 50 0.500000
30 55 0.500000
30 56 0.500000
30 57 0.500000
30 59 0.500000
30 60 0.500000
30 61 0.500000
30 63 0.500000
30 64 0.500000
30 66 0.500000
30 69 0.500000
30 71 0.500000
30 73 0.500000
30 75 0.500000
30 79 0.500000
30 80 0.500000
30 81 0.500000
30 83 0.500000
30 85 0.500000
30 87 0.500000
30 92 0.500000
30 93 0.500000
30 95 0.500000
30 98 0.500000
30 99 0.500000
30 100 0.500000
30 102 0.500000
30 105 0.500000
30 106 0.500000
30 107 0.500000
30 108 0.500000
30 112 0.500000
30 114 0.500000
30 121 0.500000
30 126 0.500000
30 128 0.500000
30 133 0.500000
30 134 0.500000
30 136 0.500000
30 137 0.500000
30 139 0.500000
31 32 0.500000
31 36 0.500000
31 40 0.500000
31 41 0.500000
31 42 0.500000
31 43 0.500000
31 44 0.500000
31 45 0.500000
31 46 0.500000
31 47 0.500000
31 48 0.500000
31 52 0.500000
31 53 0.500000
31 54 0.500000
31 57 0.500000
31 58 0.500000
31 59 0.500000
31 60 0.500000
31 66 0.500000
31 67 0.500000
31 68 0.500000
31 72 0.500000
31 77 0.500000
31 79 0.500000
31 81 0.500000
31 82 0.500000
31 84 0.500000
31 85 0.500000
31 86 0.500000
31 87 0.500000
31 90 0.500000
31 92 0.500000
31 93 0.500000
31 94 0.500000
31 95 0.500000
31 99 0.500000
31 104 0.500000
31 108 0.500000
31 110 0.500000
31 113 0.500000
31 114 0.500000
31 115 0.500000
31 116 0.500000
31 117 0.500000
31 120 0.500000
31 127 0.500000
31 128 0.500000
31 132 0.500000
31 135 0.500000
31 136 0.500000
31 139 0.500000
32 34 0.500000
32 35 0.500000
32 37 0.500000
32 39 0.500000
32 40 0.500000
32 45 0.500000
32 46 0.500000
32 47 0.500000
32 48 0.500000
32 49 0.500000
32 52 0.500000
32 54 0.500000
32 59 0.500000
32 62 0.500000
32 65 0.500000
32 67 0.500000
32 69 0.500000
32 72 0.500000
32 74 0.500000
32 76 0.500000
32 78 0.500000
32 79 0.500000
32 87 0.500000
32 88 0.500000
32 89 0.500000
32 90 0.500000
32 91 0.500000
32 96 0.500000
32 101 0.500000
32 102 0.500000
32 103 0.500000
32 104 0.500000
32 108 0.500000
32 110 0.500000
32 112 0.500000
32 113 0.500000
32 114 0.500000
32 117 0.500000
32 119 0.500000
32 121 0.500000
32 122 0.500000
32 126 0.500000
32 127 0.500000
32 129 0.500000
32 130 0.500000
32 133 0.500000
32 136 0.500000
32 138 0.500000
32 140 0.500000
33 34 0.500000
33 35 0.500000
33 38 0.500000
33 39 0.500000
33 40 0.500000
33 41 0.500000
33 42 0.500000
33 44 0.500000
33 45 0.500000
33 48 0.500000
33 49 0.500000
33 50 0.500000
33 53 0.500000
33 54 0.500000
33 55 0.500000
33 56 0.500000
33 57 0.500000
33 60 0.500000
33 62 0.500000
33 64 0.500000
33 67 0.500000
33 70 0.500000
33 71 0.500000
33 73 0.500000
33 74 0.500000
33 75 0.500000
33 77 0.500000
33 78 0.500000
33 79 0.500000
33 80 0.500000
33 82 0.500000
33 84 0.500000
33 89 0.500000
33 90 0.500000
33 91 0.500000
33 92 0.500000
33 94 0.500000
33 95 0.500000
33 97 0.500000
33 98 0.500000
33 99 0.500000
33 100 0.500000
33 101 0.500000
33 102 0.500000
33 103 0.500000
33 105 0.500000
33 106 0.500000
33 110 0.500000
33 112 0.500000
33 114 0.500000
33 115 0.500000
33 116 0.500000
33 117 0.500000
33 118 0.500000
33 119 0.500000
33 122 0.500000
33 125 0.500000
33 127 0.500000
33 130 0.500000
33 131 0.500000
33 132 0.500000
33 134 0.500000
33 135 0.500000
33 137 0.500000
33 138 0.500000
33 139 0.500000
33 140 0.500000
34 35 0.500000
34 36 0.500000
34 37 0.500000
34 38 0.500000
34 39 0.500000
34 41 0.500000
34 42 0.500000
34 43 0.500000
34 44 0.500000
34 46 0.500000
34 48 0.500000
34 50 0.500000
34 54 0.500000
34 56 0.500000
34 60 0.500000
34 61 0.500000
34 62 0.500000
34 64 0.500000
34 68 0.500000
34 71 0.500000
34 72 0.500000
34 74 0.500000
34 78 0.500000
34 79 0.500000
34 80 0.500000
34 81 0.500000
34 82 0.500000
34 83 0.500000
34 87 0.500000
34 89 0.500000
34 90 0.500000
34 99 0.500000
34 103 0.500000
34 104 0.500000
34 108 0.500000
34 109 0.500000
34 110 0.500000
34 112 0.500000
34 113 0.500000
34 114 0.500000
34 119 0.500000
34 120 0.500000
34 123 0.500000
34 124 0.500000
34 125 0.500000
34 126 0.500000
34 128 0.500000
34 129 0.500000
34 133 0.500000
34 134 0.500000
34 135 0.500000
34 136 0.500000
34 137 0.500000
34 138 0.500000
34 139 0.500000
35 41 0.500000
35 44 0.500000
35 45 0.500000
35 48 0.500000
35 49 0.500000
35 50 0.500000
35 51 0.500000
35 53 0.500000
35 56 0.500000
35 58 0.500000
35 62 0.500000
35 63 0.500000
35 64 0.500000
35 66 0.500000
35 67 0.500000
35 70 0.500000
35 71 0.500000
35 73 0.500000
35 74 0.500000
35 75 0.500000
35 77 0.500000
35 78 0.500000
35 79 0.500000
35 81 0.500000
35 85 0.500000
35 86 0.500000
35 87 0.500000
35 88 0.500000
35 90 0.500000
35 91 0.500000
35 93 0.500000
35 94 0.500000
35 95 0.500000
35 98 0.500000
35 100 0.500000
35 102 0.500000
35 106 0.500000
35 110 0.500000
35 111 0.500000
35 115 0.500000
35 116 0.500000
35 118 0.500000
35 123 0.500000
35 125 0.500000
35 126 0.500000
35 127 0.500000
35 131 0.500000
35 139 0.500000
35 140 0.500000
36 37 0.500000
36 38 0.500000
36 39 0.500000
36 41 0.500000
36 42 0.500000
36 43 0.500000
36 44 0.500000
36 46 0.500000
36 49 0.500000
36 55 0.500000
36 57 0.500000
36 59 0.500000
36 60 0.500000
36 62 0.500000
36 63 0.500000
36 64 0.500000
36 66 0.500000
36 70 0.500000
36 72 0.500000
36 74 0.500000
36 75 0.500000
36 76 0.500000
36 77 0.500000
36 81 0.500000
36 82 0.500000
36 83 0.500000
36 86 0.500000
36 87 0.500000
36 88 0.500000
36 89 0.500000
36 91 0.500000
36 92 0.500000
36 94 0.500000
36 95 0.500000
36 96 0.500000
36 100 0.500000
36 102 0.500000
36 103 0.500000
36 106 0.500000
36 110 0.500000
36 113 0.500000
36 114 0.500000
36 119 0.500000
36 122 0.500000
36 124 0.500000
36 126 0.500000
36 128 0.500000
36 129 0.500000
36 130 0.500000
36 131 0.500000
36 134 0.500000
36 136 0.500000
36 139 0.500000
37 38 0.500000
37 40 0.500000
37 42 0.500000
37 43 0.500000
37 44 0.500000
37 48 0.500000
37 49 0.500000
37 50 0.500000
37 53 0.500000
37 54 0.500000
37 57 0.500000
37 68 0.500000
37 69 0.500000
37 70 0.500000
37 71 0.500000
37 72 0.500000
37 74 0.500000
37 75 0.500000
37 76 0.500000
37 77 0.500000
37 78 0.500000
37 81 0.500000
37 83 0.500000
37 85 0.500000
37 87 0.500000
37 88 0.500000
37 91 0.500000
37 92 0.500000
37 93 0.500000
37 95 0.500000
37 96 0.500000
37 97 0.500000
37 99 0.500000
37 100 0.500000
37 101 0.500000
37 102 0.500000
37 105 0.500000
37 107 0.500000
37 108 0.500000
37 111 0.500000
37 113 0.500000
37 114 0.500000
37 117 0.500000
37 118 0.500000
37 119 0.500000
37 125 0.500000
37 129 0.500000
37 130 0.500000
37 131 0.500000
37 132 0.500000
37 135 0.500000
37 136 0.500000
37 140 0.500000
38 40 0.500000
38 42 0.500000
38 43 0.500000
38 44 0.500000
38 45 0.500000
38 46 0.500000
38 49 0.500000
38 54 0.500000
38 57 0.500000
38 59 0.500000
38 60 0.500000
38 62 0.500000
38 65 0.500000
38 66 0.500000
38 68 0.500000
38 70 0.500000
38 74 0.500000
38 78 0.500000
38 79 0.500000
38 80 0.500000
38 81 0.500000
38 82 0.500000
38 84 0.500000
38 86 0.500000
38 89 0.500000
38 90 0.500000
38 92 0.500000
38 96 0.500000
38 98 0.500000
38 99 0.500000
38 100 0.500000
38 104 0.500000
38 107 0.500000
38 108 0.500000
38 110 0.500000
38 111 0.500000
38 114 0.500000
38 115 0.500000
38 117 0.500000
38 121 0.500000
38 122 0.500000
38 127 0.500000
38 130 0.500000
38 133 0.500000
38 135 0.500000
38 136 0.500000
38 138 0.500000
38 139 0.500000
38 140 0.500000
39 40 0.500000
39 41 0.500000
39 43 0.500000
39 44 0.500000
39 45 0.500000
39 47 0.500000
39 48 0.500000
39 49 0.500000
39 51 0.500000
39 53 0.500000
39 57 0.500000
39 58 0.500000
39 60 0.500000
39 61 0.500000
39 63 0.500000
39 64 0.500000
39 66 0.500000
39 69 0.500000
39 73 0.500000
39 75 0.500000
39 76 0.500000
39 81 0.500000
39 82 0.500000
39 84 0.500000
39 87 0.500000
39 90 0.500000
39 92 0.500000
39 93 0.500000
39 95 0.500000
39 103 0.500000
39 105 0.500000
39 106 0.500000
39 107 0.500000
39 110 0.500000
39 114 0.500000
39 115 0.500000
39 116 0.500000
39 120 0.500000
39 124 0.500000
39 125 0.500000
39 129 0.500000
39 130 0.500000
39 132 0.500000
39 133 0.500000
39 135 0.500000
39 138 0.500000
39 140 0.500000
40 42 0.500000
40 44 0.500000
40 45 0.500000
40 47 0.500000
40 52 0.500000
40 54 0.500000
40 55 0.500000
40 56 0.500000
40 58 0.500000
40 60 0.500000
40 64 0.500000
40 66 0.500000
40 67 0.500000
40 69 0.500000
40 70 0.500000
40 71 0.500000
40 72 0.500000
40 74 0.500000
40 80 0.500000
40 81 0.500000
40 82 0.500000
40 83 0.500000
40 85 0.500000
40 88 0.500000
40 89 0.500000
40 90 0.500000
40 93 0.500000
40 95 0.500000
40 96 0.500000
40 98 0.500000
40 102 0.500000
40 105 0.500000
40 106 0.500000
40 109 0.500000
40 110 0.500000
40 111 0.500000
40 112 0.500000
40 113 0.500000
40 114 0.500000
40 115 0.500000
40 116 0.500000
40 118 0.500000
40 119 0.500000
40 120 0.500000
40 121 0.500000
40 122 0.500000
40 123 0.500000
40 125 0.500000
40 126 0.500000
40 127 0.500000
40 128 0.500000
40 134 0.500000
40 137 0.500000
40 138 0.500000
41 42 0.500000
41 44 0.500000
41 45 0.500000
41 46 0.500000
41 47 0.500000
41 48 0.500000
41 50 0.500000
41 53 0.500000
41 55 0.500000
41 56 0.500000
41 57 0.500000
41 58 0.500000
41 62 0.500000
41 65 0.500000
41 67 0.500000
41 68 0.500000
41 69 0.500000
41 74 0.500000
41 76 0.500000
41 81 0.500000
41 82 0.500000
41 85 0.500000
41 86 0.500000
41 89 0.500000
41 90 0.500000
41 95 0.500000
41 96 0.500000
41 99 0.500000
41 100 0.500000
41 101 0.500000
41 102 0.500000
41 104 0.500000
41 105 0.500000
41 108 0.500000
41 110 0.500000
41 112 0.500000
41 117 0.500000
41 120 0.500000
41 125 0.500000
41 126 0.500000
41 131 0.500000
41 132 0.500000
41 133 0.500000
41 134 0.500000
41 135 0.500000
41 137 0.500000
42 43 0.500000
42 45 0.500000
42 46 0.500000
42 51 0.500000
42 53 0.500000
42 57 0.500000
42 58 0.500000
42 60 0.500000
42 61 0.500000
42 62 0.500000
42 63 0.500000
42 64 0.500000
42 65 0.500000
42 67 0.500000
42 70 0.500000
42 72 0.500000
42 73 0.500000
42 75 0.500000
42 77 0.500000
42 79 0.500000
42 82 0.500000
42 85 0.500000
42 86 0.500000
42 88 0.500000
42 91 0.500000
42 92 0.500000
42 94 0.500000
42 95 0.500000
42 96 0.500000
42 97 0.500000
42 98 0.500000
42 99 0.500000
42 100 0.500000
42 101 0.500000
42 105 0.500000
42 106 0.500000
42 109 0.500000
42 111 0.500000
42 117 0.500000
42 118 0.500000
42 120 0.500000
42 121 0.500000
42 123 0.500000
42 124 0.500000
42 125 0.500000
42 127 0.500000
42 128 0.500000
42 129 0.500000
42 131 0.500000
42 133 0.500000
42 135 0.500000
42 136 0.500000
42 140 0.500000
43 44 0.500000
43 46 0.500000
43 47 0.500000
43 48 0.500000
43 49 0.500000
43 50 0.500000
43 51 0.500000
43 54 0.500000
43 56 0.500000
43 57 0.500000
43 58 0.500000
43 59 0.500000
43 61 0.500000
43 65 0.500000
43 67 0.500000
43 68 0.500000
43 69 0.500000
43 71 0.500000
43 72 0.500000
43 73 0.500000
43 77 0.500000
43 78 0.500000
43 79 0.500000
43 80 0.500000
43 83 0.500000
43 84 0.500000
43 88 0.500000
43 90 0.500000
43 91 0.500000
43 96 0.500000
43 99 0.500000
43 102 0.500000
43 103 0.500000
43 104 0.500000
43 105 0.500000
43 106 0.500000
43 108 0.500000
43 109 0.500000
43 112 0.500000
43 116 0.500000
43 120 0.500000
43 122 0.500000
43 123 0.500000
43 125 0.500000
43 126 0.500000
43 129 0.500000
43 130 0.500000
43 131 0.500000
43 132 0.500000
43 133 0.500000
43 134 0.500000
43 135 0.500000
43 137 0.500000
43 139 0.500000
43 140 0.500000
44 48 0.500000
44 49 0.500000
44 52 0.500000
44 55 0.500000
44 59 0.500000
44 61 0.500000
44 62 0.500000
44 63 0.500000
44 65 0.500000
44 66 0.500000
44 67 0.500000
44 68 0.500000
44 72 0.500000
44 73 0.500000
44 74 0.500000
44 75 0.500000
44 77 0.500000
44 78 0.500000
44 79 0.500000
44 82 0.500000
44 84 0.500000
44 85 0.500000
44 88 0.500000
44 91 0.500000
44 92 0.500000
44 96 0.500000
44 98 0.500000
44 99 0.500000
44 104 0.500000
44 106 0.500000
44 108 0.500000
44 114 0.500000
44 115 0.500000
44 116 0.500000
44 117 0.500000
44 120 0.500000
44 122 0.500000
44 127 0.500000
44 128 0.500000
44 133 0.500000
44 137 0.500000
44 139 0.500000
44 140 0.500000
45 46 0.500000
45 48 0.500000
45 49 0.500000
45 54 0.500000
45 55 0.500000
45 58 0.500000
45 59 0.500000
45 61 0.500000
45 63 0.500000
45 66 0.500000
45 67 0.500000
45 68 0.500000
45 70 0.500000
45 73 0.500000
45 74 0.500000
45 76 0.500000
45 77 0.500000
45 79 0.500000
45 81 0.500000
45 82 0.500000
45 83 0.500000
45 86 0.500000
45 87 0.500000
45 88 0.500000
45 89 0.500000
45 90 0.500000
45 91 0.500000
45 92 0.500000
45 93 0.500000
45 96 0.500000
45 97 0.500000
45 98 0.500000
45 101 0.500000
45 102 0.500000
45 106 0.500000
45 107 0.500000
45 109 0.500000
45 111 0.500000
45 113 0.500000
45 116 0.500000
45 118 0.500000
45 120 0.500000
45 122 0.500000
45 124 0.500000
45 126 0.500000
45 127 0.500000
45 136 0.500000
45 137 0.500000
46 47 0.500000
46 54 0.500000
46 56 0.500000
46 58 0.500000
46 59 0.500000
46 60 0.500000
46 61 0.500000
46 62 0.500000
46 66 0.500000
46 68 0.500000
46 71 0.500000
46 72 0.500000
46 73 0.500000
46 75 0.500000
46 77 0.500000
46 78 0.500000
46 81 0.500000
46 82 0.500000
46 83 0.500000
46 86 0.500000
46 88 0.500000
46 90 0.500000
46 91 0.500000
46 95 0.500000
46 98 0.500000
46 99 0.500000
46 101 0.500000
46 102 0.500000
46 105 0.500000
46 106 0.500000
46 107 0.500000
46 108 0.500000
46 111 0.500000
46 112 0.500000
46 113 0.500000
46 116 0.500000
46 123 0.500000
46 124 0.500000
46 125 0.500000
46 126 0.500000
46 130 0.500000
46 131 0.500000
46 132 0.500000
46 133 0.500000
46 134 0.500000
46 138 0.500000
46 139 0.500000
47 49 0.500000
47 51 0.500000
47 53 0.500000
47 56 0.500000
47 58 0.500000
47 59 0.500000
47 60 0.500000
47 61 0.500000
47 65 0.500000
47 66 0.500000
47 68 0.500000
47 69 0.500000
47 75 0.500000
47 76 0.500000
47 80 0.500000
47 81 0.500000
47 83 0.500000
47 85 0.500000
47 86 0.500000
47 87 0.500000
47 89 0.500000
47 90 0.500000
47 91 0.500000
47 94 0.500000
47 95 0.500000
47 99 0.500000
47 100 0.500000
47 101 0.500000
47 102 0.500000
47 105 0.500000
47 109 0.500000
47 110 0.500000
47 113 0.500000
47 114 0.500000
47 119 0.500000
47 122 0.500000
47 124 0.500000
47 128 0.500000
47 131 0.500000
47 132 0.500000
47 134 0.500000
47 135 0.500000
47 136 0.500000
47 137 0.500000
47 139 0.500000
47 140 0.500000
48 49 0.500000
48 50 0.500000
48 53 0.500000
48 55 0.500000
48 57 0.500000
48 61 0.500000
48 63 0.500000
48 68 0.500000
48 69 0.500000
48 73 0.500000
48 76 0.500000
48 77 0.500000
48 79 0.500000
48 80 0.500000
48 81 0.500000
48 83 0.500000
48 84 0.500000
48 85 0.500000
48 86 0.500000
48 87 0.500000
48 89 0.500000
48 91 0.500000
48 92 0.500000
48 93 0.500000
48 95 0.500000
48 100 0.500000
48 102 0.500000
48 105 0.500000
48 106 0.500000
48 110 0.500000
48 111 0.500000
48 113 0.500000
48 115 0.500000
48 120 0.500000
48 121 0.500000
48 122 0.500000
48 123 0.500000
48 124 0.500000
48 125 0.500000
48 126 0.500000
48 128 0.500000
48 131 0.500000
48 132 0.500000
48 133 0.500000
48 134 0.500000
48 135 0.500000
48 138 0.500000
48 139 0.500000
48 140 0.500000
49 52 0.500000
49 57 0.500000
49 60 0.500000
49 61 0.500000
49 66 0.500000
49 69 0.500000
49 70 0.500000
49 74 0.500000
49 76 0.500000
49 77 0.500000
49 78 0.500000
49 80 0.500000
49 81 0.500000
49 83 0.500000
49 84 0.500000
49 86 0.500000
49 88 0.500000
49 89 0.500000
49 91 0.500000
49 92 0.500000
49 93 0.500000
49 94 0.500000
49 95 0.500000
49 98 0.500000
49 99 0.500000
49 102 0.500000
49 108 0.500000
49 112 0.500000
49 114 0.500000
49 121 0.500000
49 122 0.500000
49 125 0.500000
49 131 0.500000
49 132 0.500000
49 133 0.500000
49 134 0.500000
49 137 0.500000
49 138 0.500000
50 52 0.500000
50 53 0.500000
50 54 0.500000
50 55 0.500000
50 61 0.500000
50 63 0.500000
50 64 0.500000
50 65 0.500000
50 66 0.500000
50 68 0.500000
50 72 0.500000
50 73 0.500000
50 75 0.500000
50 78 0.500000
50 80 0.500000
50 82 0.500000
50 85 0.500000
50 86 0.500000
50 87 0.500000
50 88 0.500000
50 90 0.500000
50 91 0.500000
50 93 0.500000
50 94 0.500000
50 95 0.500000
50 97 0.500000
50 98 0.500000
50 100 0.500000
50 101 0.500000
50 102 0.500000
50 103 0.500000
50 104 0.500000
50 105 0.500000
50 113 0.500000
50 115 0.500000
50 116 0.500000
50 118 0.500000
50 119 0.500000
50 120 0.500000
50 121 0.500000
50 123 0.500000
50 124 0.500000
50 125 0.500000
50 126 0.500000
50 127 0.500000
50 129 0.500000
50 130 0.500000
50 133 0.500000
50 134 0.500000
50 137 0.500000
50 138 0.500000
50 139 0.500000
51 54 0.500000
51 58 0.500000
51 63 0.500000
51 64 0.500000
51 66 0.500000
51 68 0.500000
51 69 0.500000
51 72 0.500000
51 73 0.500000
51 74 0.500000
51 76 0.500000
51 77 0.500000
51 78 0.500000
51 81 0.500000
51 82 0.500000
51 83 0.500000
51 84 0.500000
51 86 0.500000
51 87 0.500000
51 88 0.500000
51 89 0.500000
51 93 0.500000
51 94 0.500000
51 95 0.500000
51 96 0.500000
51 97 0.500000
51 98 0.500000
51 100 0.500000
51 101 0.500000
51 103 0.500000
51 105 0.500000
51 107 0.500000
51 112 0.500000
51 113 0.500000
51 115 0.500000
51 117 0.500000
51 118 0.500000
51 119 0.500000
51 124 0.500000
51 125 0.500000
51 129 0.500000
51 130 0.500000
51 131 0.500000
51 132 0.500000
51 135 0.500000
51 140 0.500000
52 56 0.500000
52 57 0.500000
52 63 0.500000
52 65 0.500000
52 67 0.500000
52 68 0.500000
52 69 0.500000
52 70 0.500000
52 71 0.500000
52 74 0.500000
52 78 0.500000
52 79 0.500000
52 80 0.500000
52 81 0.500000
52 86 0.500000
52 87 0.500000
52 89 0.500000
52 90 0.500000
52 91 0.500000
52 92 0.500000
52 93 0.500000
52 95 0.500000
52 96 0.500000
52 97 0.500000
52 99 0.500000
52 100 0.500000
52 103 0.500000
52 109 0.500000
52 112 0.500000
52 113 0.500000
52 115 0.500000
52 118 0.500000
52 119 0.500000
52 120 0.500000
52 121 0.500000
52 122 0.500000
52 126 0.500000
52 127 0.500000
52 130 0.500000
52 131 0.500000
52 132 0.500000
52 134 0.500000
52 136 0.500000
52 138 0.500000
52 139 0.500000
52 140 0.500000
53 54 0.500000
53 57 0.500000
53 63 0.500000
53 64 0.500000
53 66 0.500000
53 70 0.500000
53 71 0.500000
53 76 0.500000
53 78 0.500000
53 80 0.500000
53 82 0.500000
53 84 0.500000
53 86 0.500000
53 87 0.500000
53 90 0.500000
53 91 0.500000
53 92 0.500000
53 93 0.500000
53 97 0.500000
53 98 0.500000
53 100 0.500000
53 104 0.500000
53 105 0.500000
53 108 0.500000
53 109 0.500000
53 110 0.500000
53 113 0.500000
53 120 0.500000
53 123 0.500000
53 124 0.500000
53 126 0.500000
53 127 0.500000
53 131 0.500000
53 132 0.500000
53 135 0.500000
54 56 0.500000
54 58 0.500000
54 59 0.500000
54 60 0.500000
54 61 0.500000
54 65 0.500000
54 67 0.500000
54 68 0.500000
54 69 0.500000
54 70 0.500000
54 71 0.500000
54 72 0.500000
54 73 0.500000
54 74 0.500000
54 78 0.500000
54 79 0.500000
54 82 0.500000
54 88 0.500000
54 89 0.500000
54 91 0.500000
54 93 0.500000
54 95 0.500000
54 96 0.500000
54 97 0.500000
54 100 0.500000
54 101 0.500000
54 103 0.500000
54 104 0.500000
54 105 0.500000
54 109 0.500000
54 110 0.500000
54 111 0.500000
54 112 0.500000
54 115 0.500000
54 116 0.500000
54 117 0.500000
54 118 0.500000
54 122 0.500000
54 126 0.500000
54 128 0.500000
54 130 0.500000
54 131 0.500000
54 139 0.500000
54 140 0.500000
55 62 0.500000
55 63 0.500000
55 65 0.500000
55 69 0.500000
55 76 0.500000
55 77 0.500000
55 79 0.500000
55 81 0.500000
55 82 0.500000
55 83 0.500000
55 84 0.500000
55 85 0.500000
55 87 0.500000
55 93 0.500000
55 94 0.500000
55 95 0.500000
55 97 0.500000
55 99 0.500000
55 101 0.500000
55 103 0.500000
55 108 0.500000
55 109 0.500000
55 110 0.500000
55 111 0.500000
55 112 0.500000
55 113 0.500000
55 117 0.500000
55 119 0.500000
55 120 0.500000
55 122 0.500000
55 123 0.500000
55 124 0.500000
55 125 0.500000
55 126 0.500000
55 128 0.500000
55 129 0.500000
55 130 0.500000
55 134 0.500000
55 135 0.500000
55 138 0.500000
55 139 0.500000
56 59 0.500000
56 61 0.500000
56 64 0.500000
56 65 0.500000
56 73 0.500000
56 74 0.500000
56 75 0.500000
56 76 0.500000
56 77 0.500000
56 78 0.500000
56 81 0.500000
56 84 0.500000
56 85 0.500000
56 87 0.500000
56 89 0.500000
56 92 0.500000
56 93 0.500000
56 95 0.500000
56 96 0.500000
56 98 0.500000
56 99 0.500000
56 100 0.500000
56 103 0.500000
56 105 0.500000
56 107 0.500000
56 110 0.500000
56 113 0.500000
56 115 0.500000
56 117 0.500000
56 118 0.500000
56 120 0.500000
56 121 0.500000
56 123 0.500000
56 125 0.500000
56 127 0.500000
56 129 0.500000
56 130 0.500000
56 131 0.500000
57 59 0.500000
57 64 0.500000
57 65 0.500000
57 66 0.500000
57 69 0.500000
57 70 0.500000
57 71 0.500000
57 72 0.500000
57 73 0.500000
57 75 0.500000
57 76 0.500000
57 77 0.500000
57 78 0.500000
57 79 0.500000
57 82 0.500000
57 84 0.500000
57 87 0.500000
57 89 0.500000
57 90 0.500000
57 91 0.500000
57 94 0.500000
57 95 0.500000
57 96 0.500000
57 100 0.500000
57 103 0.500000
57 104 0.500000
57 108 0.500000
57 109 0.500000
57 111 0.500000
57 114 0.500000
57 115 0.500000
57 116 0.500000
57 119 0.500000
57 121 0.500000
57 122 0.500000
57 127 0.500000
57 128 0.500000
57 132 0.500000
57 133 0.500000
57 134 0.500000
57 136 0.500000
57 138 0.500000
57 140 0.500000
58 59 0.500000
58 61 0.500000
58 63 0.500000
58 65 0.500000
58 66 0.500000
58 68 0.500000
58 70 0.500000
58 71 0.500000
58 72 0.500000
58 73 0.500000
58 74 0.500000
58 75 0.500000
58 76 0.500000
58 77 0.500000
58 78 0.500000
58 81 0.500000
58 83 0.500000
58 84 0.500000
58 87 0.500000
58 88 0.500000
58 94 0.500000
58 96 0.500000
58 97 0.500000
58 103 0.500000
58 106 0.500000
58 110 0.500000
58 111 0.500000
58 112 0.500000
58 113 0.500000
58 116 0.500000
58 118 0.500000
58 119 0.500000
58 121 0.500000
58 122 0.500000
58 123 0.500000
58 125 0.500000
58 126 0.500000
58 128 0.500000
58 131 0.500000
58 137 0.500000
58 138 0.500000
58 139 0.500000
59 61 0.500000
59 62 0.500000
59 66 0.500000
59 71 0.500000
59 74 0.500000
59 75 0.500000
59 76 0.500000
59 84 0.500000
59 85 0.500000
59 86 0.500000
59 88 0.500000
59 89 0.500000
59 90 0.500000
59 91 0.500000
59 93 0.500000
59 94 0.500000
59 95 0.500000
59 96 0.500000
59 97 0.500000
59 99 0.500000
59 102 0.500000
59 103 0.500000
59 108 0.500000
59 110 0.500000
59 114 0.500000
59 117 0.500000
59 118 0.500000
59 120 0.500000
59 121 0.500000
59 122 0.500000
59 123 0.500000
59 124 0.500000
59 127 0.500000
59 128 0.500000
59 129 0.500000
59 134 0.500000
59 136 0.500000
59 138 0.500000
60 61 0.500000
60 64 0.500000
60 67 0.500000
60 68 0.500000
60 70 0.500000
60 76 0.500000
60 77 0.500000
60 78 0.500000
60 79 0.500000
60 80 0.500000
60 83 0.500000
60 86 0.500000
60 87 0.500000
60 90 0.500000
60 95 0.500000
60 98 0.500000
60 102 0.500000
60 103 0.500000
60 104 0.500000
60 105 0.500000
60 106 0.500000
60 109 0.500000
60 110 0.500000
60 111 0.500000
60 112 0.500000
60 113 0.500000
60 114 0.500000
60 115 0.500000
60 117 0.500000
60 121 0.500000
60 122 0.500000
60 124 0.500000
60 125 0.500000
60 128 0.500000
60 129 0.500000
60 130 0.500000
60 131 0.500000
60 132 0.500000
60 133 0.500000
60 134 0.500000
60 135 0.500000
60 137 0.500000
60 138 0.500000
60 139 0.500000
60 140 0.500000
61 63 0.500000
61 64 0.500000
61 65 0.500000
61 69 0.500000
61 70 0.500000
61 72 0.500000
61 74 0.500000
61 77 0.500000
61 79 0.500000
61 80 0.500000
61 82 0.500000
61 84 0.500000
61 86 0.500000
61 87 0.500000
61 89 0.500000
61 91 0.500000
61 96 0.500000
61 101 0.500000
61 103 0.500000
61 104 0.500000
61 105 0.500000
61 107 0.500000
61 111 0.500000
61 113 0.500000
61 114 0.500000
61 115 0.500000
61 117 0.500000
61 119 0.500000
61 120 0.500000
61 121 0.500000
61 122 0.500000
61 123 0.500000
61 127 0.500000
61 128 0.500000
61 129 0.500000
61 130 0.500000
61 131 0.500000
61 133 0.500000
61 134 0.500000
61 136 0.500000
61 137 0.500000
61 139 0.500000
62 65 0.500000
62 66 0.500000
62 67 0.500000
62 68 0.500000
62 69 0.500000
62 71 0.500000
62 72 0.500000
62 73 0.500000
62 74 0.500000
62 75 0.500000
62 78 0.500000
62 80 0.500000
62 82 0.500000
62 83 0.500000
62 85 0.500000
62 86 0.500000
62 87 0.500000
62 88 0.500000
62 89 0.500000
62 92 0.500000
62 93 0.500000
62 94 0.500000
62 97 0.500000
62 98 0.500000
62 99 0.500000
62 100 0.500000
62 102 0.500000
62 103 0.500000
62 104 0.500000
62 105 0.500000
62 106 0.500000
62 108 0.500000
62 110 0.500000
62 115 0.500000
62 117 0.500000
62 122 0.500000
62 130 0.500000
62 133 0.500000
62 134 0.500000
62 135 0.500000
62 138 0.500000
62 139 0.500000
62 140 0.500000
63 65 0.500000
63 66 0.500000
63 69 0.500000
63 70 0.500000
63 71 0.500000
63 75 0.500000
63 77 0.500000
63 80 0.500000
63 81 0.500000
63 83 0.500000
63 84 0.500000
63 87 0.500000
63 88 0.500000
63 90 0.500000
63 91 0.500000
63 93 0.500000
63 95 0.500000
63 98 0.500000
63 99 0.500000
63 100 0.500000
63 101 0.500000
63 102 0.500000
63 103 0.500000
63 104 0.500000
63 106 0.500000
63 115 0.500000
63 123 0.500000
63 127 0.500000
63 129 0.500000
63 130 0.500000
63 133 0.500000
63 134 0.500000
63 135 0.500000
63 140 0.500000
64 65 0.500000
64 66 0.500000
64 71 0.500000
64 73 0.500000
64 80 0.500000
64 81 0.500000
64 84 0.500000
64 87 0.500000
64 88 0.500000
64 90 0.500000
64 91 0.500000
64 93 0.500000
64 94 0.500000
64 97 0.500000
64 103 0.500000
64 106 0.500000
64 108 0.500000
64 110 0.500000
64 112 0.500000
64 114 0.500000
64 116 0.500000
64 118 0.500000
64 126 0.500000
64 127 0.500000
64 130 0.500000
64 132 0.500000
64 135 0.500000
64 138 0.500000
65 66 0.500000
65 67 0.500000
65 68 0.500000
65 72 0.500000
65 78 0.500000
65 79 0.500000
65 80 0.500000
65 84 0.500000
65 86 0.500000
65 87 0.500000
65 88 0.500000
65 89 0.500000
65 90 0.500000
65 95 0.500000
65 99 0.500000
65 100 0.500000
65 101 0.500000
65 104 0.500000
65 106 0.500000
65 109 0.500000
65 111 0.500000
65 113 0.500000
65 114 0.500000
65 115 0.500000
65 116 0.500000
65 117 0.500000
65 118 0.500000
65 119 0.500000
65 120 0.500000
65 121 0.500000
65 125 0.500000
65 126 0.500000
65 127 0.500000
65 131 0.500000
65 133 0.500000
65 134 0.500000
65 138 0.500000
65 139 0.500000
65 140 0.500000
66 72 0.500000
66 73 0.500000
66 78 0.500000
66 80 0.500000
66 81 0.500000
66 83 0.500000
66 84 0.500000
66 89 0.500000
66 90 0.500000
66 93 0.500000
66 94 0.500000
66 95 0.500000
66 96 0.500000
66 97 0.500000
66 98 0.500000
66 100 0.500000
66 104 0.500000
66 107 0.500000
66 108 0.500000
66 111 0.500000
66 113 0.500000
66 115 0.500000
66 117 0.500000
66 118 0.500000
66 119 0.500000
66 120 0.500000
66 121 0.500000
66 126 0.500000
66 129 0.500000
66 131 0.500000
66 132 0.500000
66 134 0.500000
66 135 0.500000
66 136 0.500000
66 137 0.500000
66 138 0.500000
66 140 0.500000
67 68 0.500000
67 70 0.500000
67 71 0.500000
67 73 0.500000
67 74 0.500000
67 77 0.500000
67 79 0.500000
67 80 0.500000
67 83 0.500000
67 84 0.500000
67 85 0.500000
67 89 0.500000
67 90 0.500000
67 91 0.500000
67 92 0.500000
67 93 0.500000
67 94 0.500000
67 99 0.500000
67 102 0.500000
67 103 0.500000
67 106 0.500000
67 107 0.500000
67 109 0.500000
67 110 0.500000
67 111 0.500000
67 113 0.500000
67 117 0.500000
67 119 0.500000
67 120 0.500000
67 121 0.500000
67 122 0.500000
67 123 0.500000
67 126 0.500000
67 128 0.500000
67 131 0.500000
67 133 0.500000
67 134 0.500000
67 135 0.500000
67 136 0.500000
67 137 0.500000
67 138 0.500000
67 139 0.500000
67 140 0.500000
68 69 0.500000
68 71 0.500000
68 73 0.500000
68 75 0.500000
68 77 0.500000
68 79 0.500000
68 80 0.500000
68 87 0.500000
68 88 0.500000
68 89 0.500000
68 90 0.500000
68 93 0.500000
68 94 0.500000
68 95 0.500000
68 96 0.500000
68 97 0.500000
68 98 0.500000
68 99 0.500000
68 100 0.500000
68 101 0.500000
68 102 0.500000
68 103 0.500000
68 104 0.500000
68 105 0.500000
68 107 0.500000
68 108 0.500000
68 109 0.500000
68 111 0.500000
68 112 0.500000
68 113 0.500000
68 114 0.500000
68 115 0.500000
68 117 0.500000
68 121 0.500000
68 123 0.500000
68 125 0.500000
68 126 0.500000
68 129 0.500000
68 130 0.500000
68 133 0.500000
68 137 0.500000
68 139 0.500000
68 140 0.500000
69 71 0.500000
69 72 0.500000
69 74 0.500000
69 75 0.500000
69 77 0.500000
69 78 0.500000
69 81 0.500000
69 87 0.500000
69 90 0.500000
69 91 0.500000
69 92 0.500000
69 93 0.500000
69 94 0.500000
69 95 0.500000
69 97 0.500000
69 100 0.500000
69 103 0.500000
69 104 0.500000
69 105 0.500000
69 110 0.500000
69 111 0.500000
69 113 0.500000
69 114 0.500000
69 115 0.500000
69 117 0.500000
69 118 0.500000
69 120 0.500000
69 123 0.500000
69 127 0.500000
69 128 0.500000
69 129 0.500000
69 133 0.500000
69 134 0.500000
69 136 0.500000
69 137 0.500000
69 140 0.500000
70 72 0.500000
70 73 0.500000
70 75 0.500000
70 76 0.500000
70 78 0.500000
70 79 0.500000
70 80 0.500000
70 83 0.500000
70 89 0.500000
70 90 0.500000
70 94 0.500000
70 96 0.500000
70 100 0.500000
70 104 0.500000
70 108 0.500000
70 111 0.500000
70 112 0.500000
70 113 0.500000
70 114 0.500000
70 115 0.500000
70 117 0.500000
70 119 0.500000
70 122 0.500000
70 123 0.500000
70 124 0.500000
70 125 0.500000
70 126 0.500000
70 128 0.500000
70 131 0.500000
70 133 0.500000
70 137 0.500000
70 139 0.500000
71 72 0.500000
71 73 0.500000
71 75 0.500000
71 77 0.500000
71 79 0.500000
71 81 0.500000
71 83 0.500000
71 86 0.500000
71 89 0.500000
71 90 0.500000
71 92 0.500000
71 93 0.500000
71 94 0.500000
71 95 0.500000
71 97 0.500000
71 100 0.500000
71 103 0.500000
71 105 0.500000
71 106 0.500000
71 109 0.500000
71 111 0.500000
71 112 0.500000
71 115 0.500000
71 117 0.500000
71 118 0.500000
71 120 0.500000
71 122 0.500000
71 123 0.500000
71 124 0.500000
71 126 0.500000
71 128 0.500000
71 132 0.500000
71 133 0.500000
71 135 0.500000
71 136 0.500000
71 137 0.500000
71 139 0.500000
72 75 0.500000
72 77 0.500000
72 78 0.500000
72 81 0.500000
72 83 0.500000
72 84 0.500000
72 85 0.500000
72 87 0.500000
72 88 0.500000
72 93 0.500000
72 95 0.500000
72 97 0.500000
72 101 0.500000
72 103 0.500000
72 107 0.500000
72 108 0.500000
72 109 0.500000
72 110 0.500000
72 111 0.500000
72 112 0.500000
72 115 0.500000
72 116 0.500000
72 117 0.500000
72 121 0.500000
72 122 0.500000
72 124 0.500000
72 129 0.500000
72 134 0.500000
72 136 0.500000
72 137 0.500000
72 140 0.500000
73 76 0.500000
73 79 0.500000
73 80 0.500000
73 81 0.500000
73 82 0.500000
73 83 0.500000
73 84 0.500000
73 86 0.500000
73 87 0.500000
73 88 0.500000
73 89 0.500000
73 91 0.500000
73 92 0.500000
73 94 0.500000
73 98 0.500000
73 104 0.500000
73 105 0.500000
73 106 0.500000
73 109 0.500000
73 110 0.500000
73 111 0.500000
73 113 0.500000
73 114 0.500000
73 116 0.500000
73 118 0.500000
73 119 0.500000
73 120 0.500000
73 121 0.500000
73 122 0.500000
73 123 0.500000
73 125 0.500000
73 126 0.500000
73 127 0.500000
73 128 0.500000
73 133 0.500000
73 134 0.500000
73 135 0.500000
73 136 0.500000
73 137 0.500000
74 75 0.500000
74 78 0.500000
74 81 0.500000
74 82 0.500000
74 86 0.500000
74 88 0.500000
74 89 0.500000
74 90 0.500000
74 96 0.500000
74 97 0.500000
74 99 0.500000
74 100 0.500000
74 101 0.500000
74 109 0.500000
74 110 0.500000
74 111 0.500000
74 116 0.500000
74 119 0.500000
74 121 0.500000
74 122 0.500000
74 126 0.500000
74 129 0.500000
74 130 0.500000
74 134 0.500000
74 136 0.500000
74 138 0.500000
75 79 0.500000
75 80 0.500000
75 83 0.500000
75 84 0.500000
75 87 0.500000
75 88 0.500000
75 89 0.500000
75 90 0.500000
75 91 0.500000
75 95 0.500000
75 96 0.500000
75 97 0.500000
75 101 0.500000
75 104 0.500000
75 109 0.500000
75 110 0.500000
75 111 0.500000
75 113 0.500000
75 115 0.500000
75 116 0.500000
75 117 0.500000
75 118 0.500000
75 119 0.500000
75 120 0.500000
75 122 0.500000
75 126 0.500000
75 130 0.500000
75 131 0.500000
75 132 0.500000
75 135 0.500000
75 137 0.500000
76 77 0.500000
76 80 0.500000
76 81 0.500000
76 84 0.500000
76 85 0.500000
76 87 0.500000
76 88 0.500000
76 89 0.500000
76 90 0.500000
76 93 0.500000
76 97 0.500000
76 98 0.500000
76 99 0.500000
76 100 0.500000
76 103 0.500000
76 105 0.500000
76 106 0.500000
76 107 0.500000
76 108 0.500000
76 109 0.500000
76 112 0.500000
76 113 0.500000
76 116 0.500000
76 117 0.500000
76 119 0.500000
76 121 0.500000
76 124 0.500000
76 128 0.500000
76 131 0.500000
76 132 0.500000
76 133 0.500000
76 134 0.500000
76 135 0.500000
76 136 0.500000
76 137 0.500000
77 81 0.500000
77 82 0.500000
77 83 0.500000
77 85 0.500000
77 87 0.500000
77 89 0.500000
77 92 0.500000
77 97 0.500000
77 99 0.500000
77 100 0.500000
77 102 0.500000
77 103 0.500000
77 104 0.500000
77 105 0.500000
77 107 0.500000
77 108 0.500000
77 109 0.500000
77 110 0.500000
77 116 0.500000
77 120 0.500000
77 122 0.500000
77 123 0.500000
77 125 0.500000
77 129 0.500000
77 130 0.500000
77 131 0.500000
77 132 0.500000
77 135 0.500000
77 137 0.500000
77 139 0.500000
77 140 0.500000
78 80 0.500000
78 83 0.500000
78 84 0.500000
78 85 0.500000
78 90 0.500000
78 94 0.500000
78 95 0.500000
78 96 0.500000
78 98 0.500000
78 99 0.500000
78 100 0.500000
78 103 0.500000
78 104 0.500000
78 105 0.500000
78 107 0.500000
78 108 0.500000
78 112 0.500000
78 114 0.500000
78 121 0.500000
78 123 0.500000
78 126 0.500000
78 129 0.500000
78 131 0.500000
78 133 0.500000
78 135 0.500000
78 136 0.500000
78 139 0.500000
78 140 0.500000
79 80 0.500000
79 84 0.500000
79 87 0.500000
79 90 0.500000
79 91 0.500000
79 92 0.500000
79 94 0.500000
79 101 0.500000
79 103 0.500000
79 104 0.500000
79 110 0.500000
79 111 0.500000
79 112 0.500000
79 113 0.500000
79 114 0.500000
79 117 0.500000
79 119 0.500000
79 120 0.500000
79 122 0.500000
79 123 0.500000
79 125 0.500000
79 126 0.500000
79 127 0.500000
79 130 0.500000
79 131 0.500000
79 132 0.500000
79 135 0.500000
79 136 0.500000
79 137 0.500000
79 138 0.500000
80 82 0.500000
80 83 0.500000
80 85 0.500000
80 86 0.500000
80 88 0.500000
80 89 0.500000
80 90 0.500000
80 92 0.500000
80 93 0.500000
80 95 0.500000
80 96 0.500000
80 97 0.500000
80 100 0.500000
80 106 0.500000
80 107 0.500000
80 108 0.500000
80 109 0.500000
80 110 0.500000
80 112 0.500000
80 113 0.500000
80 114 0.500000
80 115 0.500000
80 117 0.500000
80 118 0.500000
80 120 0.500000
80 123 0.500000
80 124 0.500000
80 126 0.500000
80 127 0.500000
80 131 0.500000
80 132 0.500000
80 133 0.500000
80 134 0.500000
80 135 0.500000
80 137 0.500000
80 140 0.500000
81 82 0.500000
81 83 0.500000
81 84 0.500000
81 85 0.500000
81 87 0.500000
81 91 0.500000
81 93 0.500000
81 97 0.500000
81 98 0.500000
81 100 0.500000
81 101 0.500000
81 102 0.500000
81 103 0.500000
81 105 0.500000
81 107 0.500000
81 108 0.500000
81 114 0.500000
81 117 0.500000
81 120 0.500000
81 124 0.500000
81 128 0.500000
81 130 0.500000
81 132 0.500000
81 135 0.500000
81 136 0.500000
81 138 0.500000
81 139 0.500000
82 84 0.500000
82 86 0.500000
82 87 0.500000
82 88 0.500000
82 91 0.500000
82 92 0.500000
82 93 0.500000
82 95 0.500000
82 96 0.500000
82 97 0.500000
82 98 0.500000
82 101 0.500000
82 102 0.500000
82 106 0.500000
82 109 0.500000
82 110 0.500000
82 111 0.500000
82 113 0.500000
82 114 0.500000
82 115 0.500000
82 117 0.500000
82 118 0.500000
82 119 0.500000
82 122 0.500000
82 125 0.500000
82 127 0.500000
82 128 0.500000
82 130 0.500000
82 131 0.500000
82 132 0.500000
82 134 0.500000
82 135 0.500000
82 137 0.500000
82 138 0.500000
82 140 0.500000
83 84 0.500000
83 88 0.500000
83 89 0.500000
83 90 0.500000
83 91 0.500000
83 92 0.500000
83 94 0.500000
83 96 0.500000
83 97 0.500000
83 99 0.500000
83 100 0.500000
83 102 0.500000
83 103 0.500000
83 104 0.500000
83 107 0.500000
83 108 0.500000
83 109 0.500000
83 110 0.500000
83 113 0.500000
83 114 0.500000
83 115 0.500000
83 118 0.500000
83 119 0.500000
83 122 0.500000
83 124 0.500000
83 125 0.500000
83 126 0.500000
83 127 0.500000
83 128 0.500000
83 133 0.500000
83 134 0.500000
83 136 0.500000
83 137 0.500000
83 138 0.500000
83 139 0.500000
84 88 0.500000
84 89 0.500000
84 90 0.500000
84 94 0.500000
84 97 0.500000
84 98 0.500000
84 99 0.500000
84 102 0.500000
84 103 0.500000
84 106 0.500000
84 107 0.500000
84 108 0.500000
84 113 0.500000
84 115 0.500000
84 118 0.500000
84 119 0.500000
84 122 0.500000
84 124 0.500000
84 126 0.500000
84 127 0.500000
84 128 0.500000
84 131 0.500000
84 132 0.500000
84 133 0.500000
84 134 0.500000
84 135 0.500000
84 137 0.500000
85 86 0.500000
85 90 0.500000
85 96 0.500000
85 103 0.500000
85 105 0.500000
85 106 0.500000
85 107 0.500000
85 108 0.500000
85 109 0.500000
85 111 0.500000
85 113 0.500000
85 116 0.500000
85 117 0.500000
85 118 0.500000
85 120 0.500000
85 125 0.500000
85 129 0.500000
85 131 0.500000
85 133 0.500000
85 136 0.500000
85 139 0.500000
85 140 0.500000
86 87 0.500000
86 91 0.500000
86 95 0.500000
86 96 0.500000
86 100 0.500000
86 104 0.500000
86 106 0.500000
86 107 0.500000
86 108 0.500000
86 112 0.500000
86 117 0.500000
86 122 0.500000
86 123 0.500000
86 127 0.500000
86 131 0.500000
86 132 0.500000
86 135 0.500000
86 136 0.500000
86 137 0.500000
86 138 0.500000
86 139 0.500000
87 88 0.500000
87 90 0.500000
87 92 0.500000
87 93 0.500000
87 95 0.500000
87 96 0.500000
87 98 0.500000
87 103 0.500000
87 104 0.500000
87 105 0.500000
87 106 0.500000
87 107 0.500000
87 113 0.500000
87 114 0.500000
87 115 0.500000
87 117 0.500000
87 118 0.500000
87 119 0.500000
87 120 0.500000
87 121 0.500000
87 122 0.500000
87 123 0.500000
87 124 0.500000
87 126 0.500000
87 127 0.500000
87 128 0.500000
87 130 0.500000
87 131 0.500000
87 133 0.500000
87 135 0.500000
87 137 0.500000
87 138 0.500000
87 139 0.500000
88 91 0.500000
88 92 0.500000
88 93 0.500000
88 94 0.500000
88 95 0.500000
88 96 0.500000
88 97 0.500000
88 98 0.500000
88 100 0.500000
88 102 0.500000
88 105 0.500000
88 106 0.500000
88 110 0.500000
88 111 0.500000
88 112 0.500000
88 113 0.500000
88 114 0.500000
88 115 0.500000
88 116 0.500000
88 119 0.500000
88 121 0.500000
88 128 0.500000
88 131 0.500000
88 133 0.500000
88 135 0.500000
88 139 0.500000
88 140 0.500000
89 90 0.500000
89 91 0.500000
89 92 0.500000
89 93 0.500000
89 95 0.500000
89 99 0.500000
89 103 0.500000
89 108 0.500000
89 109 0.500000
89 110 0.500000
89 116 0.500000
89 117 0.500000
89 118 0.500000
89 120 0.500000
89 122 0.500000
89 123 0.500000
89 125 0.500000
89 128 0.500000
89 130 0.500000
89 131 0.500000
89 133 0.500000
89 135 0.500000
89 137 0.500000
89 140 0.500000
90 93 0.500000
90 95 0.500000
90 96 0.500000
90 99 0.500000
90 100 0.500000
90 105 0.500000
90 106 0.500000
90 110 0.500000
90 111 0.500000
90 113 0.500000
90 114 0.500000
90 116 0.500000
90 117 0.500000
90 118 0.500000
90 120 0.500000
90 123 0.500000
90 124 0.500000
90 125 0.500000
90 126 0.500000
90 127 0.500000
90 128 0.500000
90 130 0.500000
90 132 0.500000
90 133 0.500000
90 134 0.500000
90 137 0.500000
91 92 0.500000
91 94 0.500000
91 97 0.500000
91 98 0.500000
91 99 0.500000
91 100 0.500000
91 104 0.500000
91 106 0.500000
91 108 0.500000
91 112 0.500000
91 114 0.500000
91 115 0.500000
91 120 0.500000
91 121 0.500000
91 124 0.500000
91 125 0.500000
91 126 0.500000
91 127 0.500000
91 128 0.500000
91 132 0.500000
91 133 0.500000
91 134 0.500000
91 139 0.500000
92 95 0.500000
92 98 0.500000
92 99 0.500000
92 100 0.500000
92 104 0.500000
92 105 0.500000
92 106 0.500000
92 107 0.500000
92 108 0.500000
92 109 0.500000
92 112 0.500000
92 113 0.500000
92 114 0.500000
92 115 0.500000
92 117 0.500000
92 120 0.500000
92 121 0.500000
92 123 0.500000
92 124 0.500000
92 125 0.500000
92 128 0.500000
92 129 0.500000
92 130 0.500000
92 131 0.500000
92 132 0.500000
92 136 0.500000
92 137 0.500000
93 94 0.500000
93 96 0.500000
93 98 0.500000
93 99 0.500000
93 101 0.500000
93 104 0.500000
93 105 0.500000
93 106 0.500000
93 107 0.500000
93 110 0.500000
93 111 0.500000
93 112 0.500000
93 118 0.500000
93 119 0.500000
93 123 0.500000
93 126 0.500000
93 128 0.500000
93 129 0.500000
93 130 0.500000
93 131 0.500000
93 134 0.500000
93 135 0.500000
93 136 0.500000
93 138 0.500000
93 139 0.500000
94 95 0.500000
94 98 0.500000
94 100 0.500000
94 101 0.500000
94 103 0.500000
94 104 0.500000
94 105 0.500000
94 106 0.500000
94 108 0.500000
94 109 0.500000
94 111 0.500000
94 112 0.500000
94 113 0.500000
94 116 0.500000
94 122 0.500000
94 123 0.500000
94 124 0.500000
94 125 0.500000
94 126 0.500000
94 129 0.500000
94 134 0.500000
94 135 0.500000
94 136 0.500000
94 137 0.500000
94 139 0.500000
94 140 0.500000
95 97 0.500000
95 100 0.500000
95 104 0.500000
95 105 0.500000
95 106 0.500000
95 109 0.500000
95 110 0.500000
95 112 0.500000
95 113 0.500000
95 117 0.500000
95 122 0.500000
95 123 0.500000
95 125 0.500000
95 126 0.500000
95 128 0.500000
95 129 0.500000
95 130 0.500000
95 131 0.500000
95 132 0.500000
95 133 0.500000
95 134 0.500000
95 136 0.500000
95 139 0.500000
96 98 0.500000
96 99 0.500000
96 100 0.500000
96 102 0.500000
96 106 0.500000
96 108 0.500000
96 112 0.500000
96 113 0.500000
96 115 0.500000
96 118 0.500000
96 120 0.500000
96 121 0.500000
96 122 0.500000
96 123 0.500000
96 128 0.500000
96 133 0.500000
96 137 0.500000
96 139 0.500000
97 99 0.500000
97 100 0.500000
97 101 0.500000
97 102 0.500000
97 103 0.500000
97 109 0.500000
97 111 0.500000
97 116 0.500000
97 118 0.500000
97 119 0.500000
97 120 0.500000
97 122 0.500000
97 126 0.500000
97 128 0.500000
97 129 0.500000
97 130 0.500000
97 131 0.500000
97 132 0.500000
97 136 0.500000
97 137 0.500000
97 139 0.500000
97 140 0.500000
98 100 0.500000
98 102 0.500000
98 104 0.500000
98 106 0.500000
98 107 0.500000
98 108 0.500000
98 115 0.500000
98 116 0.500000
98 121 0.500000
98 123 0.500000
98 126 0.500000
98 128 0.500000
98 132 0.500000
98 133 0.500000
98 135 0.500000
98 136 0.500000
99 100 0.500000
99 101 0.500000
99 102 0.500000
99 105 0.500000
99 107 0.500000
99 108 0.500000
99 110 0.500000
99 111 0.500000
99 113 0.500000
99 114 0.500000
99 115 0.500000
99 117 0.500000
99 120 0.500000
99 123 0.500000
99 124 0.500000
99 126 0.500000
99 128 0.500000
99 130 0.500000
99 135 0.500000
99 137 0.500000
99 138 0.500000
99 139 0.500000
99 140 0.500000
100 101 0.500000
100 103 0.500000
100 104 0.500000
100 107 0.500000
100 108 0.500000
100 109 0.500000
100 110 0.500000
100 120 0.500000
100 122 0.500000
100 125 0.500000
100 127 0.500000
100 129 0.500000
100 130 0.500000
100 131 0.500000
100 132 0.500000
100 133 0.500000
100 138 0.500000
100 139 0.500000
101 102 0.500000
101 104 0.500000
101 106 0.500000
101 108 0.500000
101 109 0.500000
101 110 0.500000
101 111 0.500000
101 112 0.500000
101 113 0.500000
101 114 0.500000
101 115 0.500000
101 117 0.500000
101 118 0.500000
101 119 0.500000
101 121 0.500000
101 123 0.500000
101 126 0.500000
101 128 0.500000
101 133 0.500000
101 134 0.500000
101 135 0.500000
101 139 0.500000
101 140 0.500000
102 105 0.500000
102 111 0.500000
102 113 0.500000
102 116 0.500000
102 118 0.500000
102 120 0.500000
102 121 0.500000
102 123 0.500000
102 124 0.500000
102 125 0.500000
102 129 0.500000
102 139 0.500000
103 105 0.500000
103 108 0.500000
103 109 0.500000
103 110 0.500000
103 112 0.500000
103 115 0.500000
103 116 0.500000
103 117 0.500000
103 118 0.500000
103 120 0.500000
103 121 0.500000
103 125 0.500000
103 126 0.500000
103 128 0.500000
103 130 0.500000
103 132 0.500000
103 133 0.500000
103 140 0.500000
104 105 0.500000
104 111 0.500000
104 112 0.500000
104 115 0.500000
104 119 0.500000
104 121 0.500000
104 122 0.500000
104 125 0.500000
104 129 0.500000
104 131 0.500000
104 132 0.500000
104 136 0.500000
104 138 0.500000
104 140 0.500000
105 106 0.500000
105 111 0.500000
105 112 0.500000
105 113 0.500000
105 114 0.500000
105 115 0.500000
105 116 0.500000
105 123 0.500000
105 124 0.500000
105 125 0.500000
105 128 0.500000
105 132 0.500000
105 134 0.500000
105 138 0.500000
105 139 0.500000
106 107 0.500000
106 108 0.500000
106 110 0.500000
106 116 0.500000
106 119 0.500000
106 120 0.500000
106 122 0.500000
106 123 0.500000
106 124 0.500000
106 126 0.500000
106 129 0.500000
106 136 0.500000
106 137 0.500000
106 138 0.500000
106 140 0.500000
107 111 0.500000
107 112 0.500000
107 115 0.500000
107 116 0.500000
107 117 0.500000
107 119 0.500000
107 121 0.500000
107 123 0.500000
107 128 0.500000
107 129 0.500000
107 131 0.500000
107 132 0.500000
107 137 0.500000
107 138 0.500000
107 139 0.500000
108 110 0.500000
108 111 0.500000
108 114 0.500000
108 116 0.500000
108 118 0.500000
108 122 0.500000
108 123 0.500000
108 124 0.500000
108 125 0.500000
108 126 0.500000
108 128 0.500000
108 130 0.500000
108 131 0.500000
108 132 0.500000
108 138 0.500000
108 140 0.500000
109 110 0.500000
109 112 0.500000
109 113 0.500000
109 114 0.500000
109 118 0.500000
109 119 0.500000
109 120 0.500000
109 121 0.500000
109 124 0.500000
109 129 0.500000
109 130 0.500000
109 132 0.500000
109 133 0.500000
109 134 0.500000
109 136 0.500000
109 137 0.500000
109 140 0.500000
110 111 0.500000
110 113 0.500000
110 117 0.500000
110 119 0.500000
110 121 0.500000
110 122 0.500000
110 124 0.500000
110 128 0.500000
110 129 0.500000
110 130 0.500000
110 132 0.500000
110 133 0.500000
110 134 0.500000
110 135 0.500000
110 137 0.500000
111 112 0.500000
111 113 0.500000
111 115 0.500000
111 116 0.500000
111 118 0.500000
111 119 0.500000
111 120 0.500000
111 121 0.500000
111 128 0.500000
111 130 0.500000
111 132 0.500000
111 136 0.500000
111 137 0.500000
111 139 0.500000
112 113 0.500000
112 115 0.500000
112 117 0.500000
112 118 0.500000
112 119 0.500000
112 121 0.500000
112 126 0.500000
112 129 0.500000
112 130 0.500000
112 132 0.500000
112 133 0.500000
112 134 0.500000
112 135 0.500000
112 136 0.500000
112 138 0.500000
112 140 0.500000
113 117 0.500000
113 119 0.500000
113 124 0.500000
113 126 0.500000
113 129 0.500000
113 130 0.500000
113 132 0.500000
113 134 0.500000
113 137 0.500000
113 139 0.500000
114 115 0.500000
114 118 0.500000
114 119 0.500000
114 120 0.500000
114 121 0.500000
114 125 0.500000
114 126 0.500000
114 127 0.500000
114 128 0.500000
114 130 0.500000
114 133 0.500000
114 137 0.500000
114 140 0.500000
115 116 0.500000
115 117 0.500000
115 118 0.500000
115 119 0.500000
115 120 0.500000
115 123 0.500000
115 124 0.500000
115 125 0.500000
115 128 0.500000
115 131 0.500000
115 133 0.500000
115 134 0.500000
115 139 0.500000
116 117 0.500000
116 120 0.500000
116 125 0.500000
116 126 0.500000
116 127 0.500000
116 129 0.500000
116 130 0.500000
116 131 0.500000
116 132 0.500000
116 134 0.500000
116 136 0.500000
116 137 0.500000
116 138 0.500000
117 118 0.500000
117 119 0.500000
117 120 0.500000
117 121 0.500000
117 122 0.500000
117 125 0.500000
117 127 0.500000
117 128 0.500000
117 129 0.500000
117 132 0.500000
117 136 0.500000
117 138 0.500000
117 140 0.500000
118 122 0.500000
118 125 0.500000
118 129 0.500000
118 131 0.500000
118 132 0.500000
118 133 0.500000
118 134 0.500000
118 135 0.500000
118 137 0.500000
118 140 0.500000
119 122 0.500000
119 124 0.500000
119 125 0.500000
119 126 0.500000
119 127 0.500000
119 129 0.500000
119 130 0.500000
119 131 0.500000
119 133 0.500000
119 135 0.500000
119 137 0.500000
119 138 0.500000
119 140 0.500000
120 122 0.500000
120 123 0.500000
120 127 0.500000
120 128 0.500000
120 130 0.500000
120 131 0.500000
120 133 0.500000
120 134 0.500000
120 135 0.500000
120 136 0.500000
120 140 0.500000
121 125 0.500000
121 126 0.500000
121 127 0.500000
121 129 0.500000
121 131 0.500000
121 132 0.500000
121 134 0.500000
121 137 0.500000
121 138 0.500000
121 140 0.500000
122 125 0.500000
122 130 0.500000
122 132 0.500000
122 133 0.500000
122 134 0.500000
122 135 0.500000
122 136 0.500000
122 140 0.500000
123 124 0.500000
123 125 0.500000
123 128 0.500000
123 130 0.500000
123 131 0.500000
123 132 0.500000
123 136 0.500000
123 137 0.500000
123 139 0.500000
123 140 0.500000
124 126 0.500000
124 129 0.500000
124 133 0.500000
124 134 0.500000
124 135 0.500000
124 136 0.500000
124 137 0.500000
124 138 0.500000
124 140 0.500000
125 127 0.500000
125 128 0.500000
125 130 0.500000
125 132 0.500000
125 134 0.500000
125 135 0.500000
125 136 0.500000
125 137 0.500000
125 138 0.500000
125 139 0.500000
125 140 0.500000
126 133 0.500000
126 135 0.500000
126 136 0.500000
126 138 0.500000
126 139 0.500000
127 128 0.500000
127 130 0.500000
127 131 0.500000
127 133 0.500000
127 134 0.500000
127 135 0.500000
127 136 0.500000
127 137 0.500000
128 132 0.500000
128 133 0.500000
128 135 0.500000
128 136 0.500000
129 130 0.500000
129 131 0.500000
129 133 0.500000
129 137 0.500000
129 138 0.500000
129 140 0.500000
130 132 0.500000
130 133 0.500000
130 135 0.500000
130 136 0.500000
130 137 0.500000
130 138 0.500000
130 140 0.500000
131 134 0.500000
131 135 0.500000
131 136 0.500000
131 139 0.500000
132 133 0.500000
132 134 0.500000
132 138 0.500000
132 139 0.500000
132 140 0.500000
133 134 0.500000
133 136 0.500000
133 137 0.500000
133 139 0.500000
133 140 0.500000
134 138 0.500000
135 137 0.500000
135 139 0.500000
135 140 0.500000
137 138 0.500000
138 139 0.500000
138 140 0.500000
