140 35 2433
1 10 0.500000
1 15 0.500000
1 22 0.500000
1 23 0.500000
1 27 0.500000
1 29 0.500000
1 34 0.500000
1 35 0.500000
1 36 0.500000
1 37 0.500000
1 40 0.500000
1 41 0.500000
1 44 0.500000
1 59 0.500000
1 68 0.500000
1 70 0.500000
1 72 0.500000
1 73 0.500000
1 75 0.500000
1 78 0.500000
1 90 0.500000
1 94 0.500000
1 97 0.500000
1 102 0.500000
1 106 0.500000
1 116 0.500000
1 119 0.500000
1 122 0.500000
1 125 0.500000
1 132 0.500000
1 137 0.500000
2 3 0.500000
2 5 0.500000
2 8 0.500000
2 11 0.500000
2 33 0.500000
2 36 0.500000
2 39 0.500000
2 43 0.500000
2 45 0.500000
2 47 0.500000
2 52 0.500000
2 59 0.500000
2 64 0.500000
2 66 0.500000
2 67 0.500000
2 70 0.500000
2 72 0.500000
2 78 0.500000
2 79 0.500000
2 81 0.500000
2 84 0.500000
2 95 0.500000
2 97 0.500000
2 100 0.500000
2 101 0.500000
2 102 0.500000
2 103 0.500000
2 104 0.500000
2 108 0.500000
2 110 0.500000
2 117 0.500000
2 120 0.500000
2 123 0.500000
2 130 0.500000
2 139 0.500000
3 6 0.500000
3 11 0.500000
3 27 0.500000
3 28 0.500000
3 36 0.500000
3 41 0.500000
3 46 0.500000
3 50 0.500000
3 53 0.500000
3 54 0.500000
3 55 0.500000
3 56 0.500000
3 59 0.500000
3 60 0.500000
3 61 0.500000
3 64 0.500000
3 65 0.500000
3 66 0.500000
3 77 0.500000
3 78 0.500000
3 79 0.500000
3 83 0.500000
3 90 0.500000
3 93 0.500000
3 94 0.500000
3 99 0.500000
3 101 0.500000
3 104 0.500000
3 107 0.500000
3 109 0.500000
3 112 0.500000
3 116 0.500000
3 119 0.500000
3 120 0.500000
3 127 0.500000
3 134 0.500000
3 136 0.500000
3 140 0.500000
4 8 0.500000
4 11 0.500000
4 25 0.500000
4 28 0.500000
4 32 0.500000
4 38 0.500000
4 39 0.500000
4 47 0.500000
4 48 0.500000
4 51 0.500000
4 53 0.500000
4 55 0.500000
4 63 0.500000
4 67 0.500000
4 77 0.500000
4 80 0.500000
4 82 0.500000
4 83 0.500000
4 86 0.500000
4 96 0.500000
4 98 0.500000
4 104 0.500000
4 110 0.500000
4 122 0.500000
4 124 0.500000
4 127 0.500000
4 129 0.500000
5 7 0.500000
5 8 0.500000
5 10 0.500000
5 12 0.500000
5 14 0.500000
5 17 0.500000
5 18 0.500000
5 24 0.500000
5 28 0.500000
5 29 0.500000
5 33 0.500000
5 50 0.500000
5 57 0.500000
5 60 0.500000
5 63 0.500000
5 66 0.500000
5 73 0.500000
5 77 0.500000
5 79 0.500000
5 80 0.500000
5 82 0.500000
5 84 0.500000
5 90 0.500000
5 91 0.500000
5 93 0.500000
5 102 0.500000
5 106 0.500000
5 111 0.500000
5 119 0.500000
5 123 0.500000
5 128 0.500000
5 129 0.500000
5 131 0.500000
5 132 0.500000
6 9 0.500000
6 10 0.500000
6 15 0.500000
6 19 0.500000
6 21 0.500000
6 26 0.500000
6 36 0.500000
6 37 0.500000
6 38 0.500000
6 42 0.500000
6 46 0.500000
6 51 0.500000
6 52 0.500000
6 69 0.500000
6 71 0.500000
6 76 0.500000
6 88 0.500000
6 90 0.500000
6 95 0.500000
6 99 0.500000
6 102 0.500000
6 104 0.500000
6 105 0.500000
6 116 0.500000
6 120 0.500000
6 124 0.500000
6 137 0.500000
7 8 0.500000
7 10 0.500000
7 11 0.500000
7 19 0.500000
7 22 0.500000
7 28 0.500000
7 32 0.500000
7 36 0.500000
7 48 0.500000
7 50 0.500000
7 54 0.500000
7 55 0.500000
7 68 0.500000
7 69 0.500000
7 82 0.500000
7 87 0.500000
7 88 0.500000
7 93 0.500000
7 94 0.500000
7 95 0.500000
7 96 0.500000
7 97 0.500000
7 102 0.500000
7 103 0.500000
7 104 0.500000
7 106 0.500000
7 107 0.500000
7 109 0.500000
7 113 0.500000
7 116 0.500000
7 119 0.500000
7 124 0.500000
7 128 0.500000
7 132 0.500000
7 135 0.500000
7 136 0.500000
7 138 0.500000
7 139 0.500000
7 140 0.500000
8 10 0.500000
8 19 0.500000
8 25 0.500000
8 28 0.500000
8 29 0.500000
8 42 0.500000
8 46 0.500000
8 48 0.500000
8 49 0.500000
8 51 0.500000
8 54 0.500000
8 55 0.500000
8 56 0.500000
8 57 0.500000
8 62 0.500000
8 64 0.500000
8 65 0.500000
8 69 0.500000
8 71 0.500000
8 72 0.500000
8 78 0.500000
8 81 0.500000
8 86 0.500000
8 87 0.500000
8 90 0.500000
8 98 0.500000
8 106 0.500000
8 111 0.500000
8 115 0.500000
8 119 0.500000
8 125 0.500000
8 126 0.500000
8 132 0.500000
8 139 0.500000
9 10 0.500000
9 12 0.500000
9 15 0.500000
9 16 0.500000
9 20 0.500000
9 21 0.500000
9 28 0.500000
9 29 0.500000
9 30 0.500000
9 33 0.500000
9 37 0.500000
9 38 0.500000
9 44 0.500000
9 46 0.500000
9 54 0.500000
9 59 0.500000
9 60 0.500000
9 63 0.500000
9 64 0.500000
9 71 0.500000
9 79 0.500000
9 80 0.500000
9 81 0.500000
9 87 0.500000
9 102 0.500000
9 104 0.500000
9 107 0.500000
9 109 0.500000
9 112 0.500000
9 116 0.500000
9 117 0.500000
9 121 0.500000
9 125 0.500000
9 138 0.500000
9 139 0.500000
10 14 0.500000
10 15 0.500000
10 16 0.500000
10 25 0.500000
10 34 0.500000
10 35 0.500000
10 43 0.500000
10 49 0.500000
10 52 0.500000
10 57 0.500000
10 61 0.500000
10 63 0.500000
10 65 0.500000
10 67 0.500000
10 71 0.500000
10 72 0.500000
10 78 0.500000
10 80 0.500000
10 92 0.500000
10 93 0.500000
10 95 0.500000
10 96 0.500000
10 99 0.500000
10 102 0.500000
10 104 0.500000
10 107 0.500000
10 109 0.500000
10 112 0.500000
10 119 0.500000
10 121 0.500000
10 126 0.500000
10 129 0.500000
10 130 0.500000
10 134 0.500000
10 136 0.500000
10 137 0.500000
10 139 0.500000
10 140 0.500000
11 13 0.500000
11 16 0.500000
11 26 0.500000
11 29 0.500000
11 38 0.500000
11 40 0.500000
11 46 0.500000
11 49 0.500000
11 53 0.500000
11 54 0.500000
11 57 0.500000
11 59 0.500000
11 60 0.500000
11 64 0.500000
11 72 0.500000
11 77 0.500000
11 81 0.500000
11 83 0.500000
11 86 0.500000
11 87 0.500000
11 91 0.500000
11 93 0.500000
11 95 0.500000
11 106 0.500000
11 111 0.500000
11 112 0.500000
11 116 0.500000
11 121 0.500000
11 129 0.500000
11 130 0.500000
11 132 0.500000
11 133 0.500000
11 138 0.500000
11 139 0.500000
12 14 0.500000
12 15 0.500000
12 16 0.500000
12 26 0.500000
12 27 0.500000
12 30 0.500000
12 31 0.500000
12 35 0.500000
12 38 0.500000
12 39 0.500000
12 42 0.500000
12 44 0.500000
12 45 0.500000
12 46 0.500000
12 58 0.500000
12 69 0.500000
12 71 0.500000
12 75 0.500000
12 80 0.500000
12 91 0.500000
12 98 0.500000
12 99 0.500000
12 103 0.500000
12 107 0.500000
12 108 0.500000
12 112 0.500000
12 118 0.500000
12 121 0.500000
12 128 0.500000
12 131 0.500000
12 134 0.500000
12 135 0.500000
12 139 0.500000
12 140 0.500000
13 14 0.500000
13 19 0.500000
13 21 0.500000
13 23 0.500000
13 24 0.500000
13 26 0.500000
13 31 0.500000
13 35 0.500000
13 36 0.500000
13 38 0.500000
13 43 0.500000
13 56 0.500000
13 57 0.500000
13 58 0.500000
13 59 0.500000
13 65 0.500000
13 67 0.500000
13 75 0.500000
13 86 0.500000
13 87 0.500000
13 95 0.500000
13 99 0.500000
13 111 0.500000
13 115 0.500000
13 119 0.500000
13 120 0.500000
13 129 0.500000
13 132 0.500000
14 20 0.500000
14 21 0.500000
14 22 0.500000
14 26 0.500000
14 34 0.500000
14 36 0.500000
14 38 0.500000
14 49 0.500000
14 51 0.500000
14 52 0.500000
14 59 0.500000
14 61 0.500000
14 62 0.500000
14 69 0.500000
14 73 0.500000
14 80 0.500000
14 81 0.500000
14 97 0.500000
14 99 0.500000
14 103 0.500000
14 106 0.500000
14 109 0.500000
14 122 0.500000
14 126 0.500000
14 129 0.500000
14 130 0.500000
14 132 0.500000
15 20 0.500000
15 24 0.500000
15 29 0.500000
15 30 0.500000
15 32 0.500000
15 33 0.500000
15 34 0.500000
15 36 0.500000
15 37 0.500000
15 55 0.500000
15 60 0.500000
15 65 0.500000
15 70 0.500000
15 77 0.500000
15 78 0.500000
15 85 0.500000
15 89 0.500000
15 91 0.500000
15 95 0.500000
15 96 0.500000
15 99 0.500000
15 102 0.500000
15 103 0.500000
15 110 0.500000
15 112 0.500000
15 116 0.500000
15 124 0.500000
15 125 0.500000
15 126 0.500000
15 133 0.500000
15 137 0.500000
15 140 0.500000
16 25 0.500000
16 28 0.500000
16 31 0.500000
16 35 0.500000
16 42 0.500000
16 44 0.500000
16 45 0.500000
16 67 0.500000
16 68 0.500000
16 71 0.500000
16 73 0.500000
16 74 0.500000
16 77 0.500000
16 82 0.500000
16 85 0.500000
16 87 0.500000
16 90 0.500000
16 96 0.500000
16 98 0.500000
16 105 0.500000
16 111 0.500000
16 112 0.500000
16 125 0.500000
16 133 0.500000
16 138 0.500000
17 20 0.500000
17 27 0.500000
17 37 0.500000
17 43 0.500000
17 47 0.500000
17 48 0.500000
17 50 0.500000
17 54 0.500000
17 63 0.500000
17 64 0.500000
17 66 0.500000
17 69 0.500000
17 73 0.500000
17 77 0.500000
17 78 0.500000
17 79 0.500000
17 83 0.500000
17 88 0.500000
17 90 0.500000
17 92 0.500000
17 109 0.500000
17 110 0.500000
17 111 0.500000
17 114 0.500000
17 127 0.500000
17 128 0.500000
17 132 0.500000
17 136 0.500000
17 139 0.500000
18 22 0.500000
18 27 0.500000
18 29 0.500000
18 31 0.500000
18 39 0.500000
18 40 0.500000
18 43 0.500000
18 45 0.500000
18 46 0.500000
18 56 0.500000
18 61 0.500000
18 62 0.500000
18 66 0.500000
18 75 0.500000
18 83 0.500000
18 87 0.500000
18 88 0.500000
18 89 0.500000
18 90 0.500000
18 103 0.500000
18 104 0.500000
18 114 0.500000
18 117 0.500000
18 124 0.500000
18 125 0.500000
18 126 0.500000
18 127 0.500000
18 135 0.500000
18 139 0.500000
19 20 0.500000
19 23 0.500000
19 24 0.500000
19 30 0.500000
19 31 0.500000
19 48 0.500000
19 58 0.500000
19 59 0.500000
19 60 0.500000
19 61 0.500000
19 62 0.500000
19 63 0.500000
19 65 0.500000
19 68 0.500000
19 73 0.500000
19 76 0.500000
19 77 0.500000
19 88 0.500000
19 90 0.500000
19 98 0.500000
19 102 0.500000
19 103 0.500000
19 107 0.500000
19 117 0.500000
19 119 0.500000
19 126 0.500000
19 132 0.500000
19 136 0.500000
20 26 0.500000
20 27 0.500000
20 30 0.500000
20 32 0.500000
20 43 0.500000
20 52 0.500000
20 59 0.500000
20 61 0.500000
20 66 0.500000
20 67 0.500000
20 77 0.500000
20 79 0.500000
20 82 0.500000
20 85 0.500000
20 86 0.500000
20 92 0.500000
20 107 0.500000
20 108 0.500000
20 112 0.500000
20 119 0.500000
20 121 0.500000
20 123 0.500000
20 124 0.500000
20 127 0.500000
20 133 0.500000
20 134 0.500000
20 136 0.500000
21 26 0.500000
21 27 0.500000
21 28 0.500000
21 35 0.500000
21 36 0.500000
21 61 0.500000
21 62 0.500000
21 64 0.500000
21 66 0.500000
21 67 0.500000
21 68 0.500000
21 71 0.500000
21 72 0.500000
21 73 0.500000
21 75 0.500000
21 78 0.500000
21 80 0.500000
21 90 0.500000
21 95 0.500000
21 96 0.500000
21 97 0.500000
21 102 0.500000
21 104 0.500000
21 107 0.500000
21 113 0.500000
21 116 0.500000
21 119 0.500000
21 120 0.500000
21 121 0.500000
21 124 0.500000
21 125 0.500000
21 134 0.500000
21 136 0.500000
22 25 0.500000
22 31 0.500000
22 32 0.500000
22 35 0.500000
22 39 0.500000
22 40 0.500000
22 41 0.500000
22 47 0.500000
22 49 0.500000
22 52 0.500000
22 53 0.500000
22 56 0.500000
22 57 0.500000
22 60 0.500000
22 61 0.500000
22 62 0.500000
22 64 0.500000
22 65 0.500000
22 66 0.500000
22 67 0.500000
22 68 0.500000
22 70 0.500000
22 72 0.500000
22 76 0.500000
22 77 0.500000
22 82 0.500000
22 101 0.500000
22 102 0.500000
22 103 0.500000
22 105 0.500000
22 110 0.500000
22 113 0.500000
22 114 0.500000
22 120 0.500000
22 124 0.500000
22 129 0.500000
22 131 0.500000
22 134 0.500000
22 137 0.500000
22 138 0.500000
22 139 0.500000
23 25 0.500000
23 34 0.500000
23 46 0.500000
23 47 0.500000
23 50 0.500000
23 52 0.500000
23 59 0.500000
23 64 0.500000
23 67 0.500000
23 71 0.500000
23 72 0.500000
23 76 0.500000
23 79 0.500000
23 80 0.500000
23 86 0.500000
23 88 0.500000
23 89 0.500000
23 90 0.500000
23 91 0.500000
23 94 0.500000
23 99 0.500000
23 107 0.500000
23 110 0.500000
23 112 0.500000
23 121 0.500000
23 122 0.500000
23 124 0.500000
23 127 0.500000
23 132 0.500000
23 133 0.500000
23 134 0.500000
23 135 0.500000
23 136 0.500000
23 137 0.500000
23 139 0.500000
24 30 0.500000
24 39 0.500000
24 41 0.500000
24 46 0.500000
24 48 0.500000
24 49 0.500000
24 50 0.500000
24 51 0.500000
24 56 0.500000
24 57 0.500000
24 67 0.500000
24 68 0.500000
24 69 0.500000
24 70 0.500000
24 72 0.500000
24 81 0.500000
24 84 0.500000
24 91 0.500000
24 93 0.500000
24 94 0.500000
24 99 0.500000
24 100 0.500000
24 119 0.500000
24 123 0.500000
24 128 0.500000
24 130 0.500000
24 138 0.500000
24 140 0.500000
25 26 0.500000
25 35 0.500000
25 42 0.500000
25 44 0.500000
25 47 0.500000
25 54 0.500000
25 55 0.500000
25 58 0.500000
25 69 0.500000
25 70 0.500000
25 77 0.500000
25 88 0.500000
25 91 0.500000
25 106 0.500000
25 109 0.500000
25 111 0.500000
25 113 0.500000
25 117 0.500000
25 120 0.500000
25 121 0.500000
25 128 0.500000
25 131 0.500000
25 133 0.500000
25 136 0.500000
25 137 0.500000
25 139 0.500000
26 30 0.500000
26 41 0.500000
26 44 0.500000
26 46 0.500000
26 48 0.500000
26 51 0.500000
26 55 0.500000
26 61 0.500000
26 65 0.500000
26 69 0.500000
26 74 0.500000
26 79 0.500000
26 81 0.500000
26 88 0.500000
26 90 0.500000
26 94 0.500000
26 97 0.500000
26 116 0.500000
26 118 0.500000
26 119 0.500000
26 123 0.500000
26 129 0.500000
26 132 0.500000
26 136 0.500000
26 138 0.500000
27 30 0.500000
27 31 0.500000
27 32 0.500000
27 35 0.500000
27 42 0.500000
27 50 0.500000
27 52 0.500000
27 54 0.500000
27 55 0.500000
27 57 0.500000
27 59 0.500000
27 60 0.500000
27 63 0.500000
27 65 0.500000
27 68 0.500000
27 73 0.500000
27 80 0.500000
27 83 0.500000
27 84 0.500000
27 92 0.500000
27 93 0.500000
27 96 0.500000
27 98 0.500000
27 99 0.500000
27 100 0.500000
27 101 0.500000
27 103 0.500000
27 109 0.500000
27 111 0.500000
27 114 0.500000
27 115 0.500000
27 126 0.500000
27 132 0.500000
27 133 0.500000
27 136 0.500000
27 137 0.500000
27 138 0.500000
28 34 0.500000
28 37 0.500000
28 39 0.500000
28 42 0.500000
28 45 0.500000
28 52 0.500000
28 53 0.500000
28 55 0.500000
28 56 0.500000
28 63 0.500000
28 65 0.500000
28 72 0.500000
28 74 0.500000
28 75 0.500000
28 77 0.500000
28 80 0.500000
28 83 0.500000
28 94 0.500000
28 96 0.500000
28 99 0.500000
28 102 0.500000
28 103 0.500000
28 104 0.500000
28 105 0.500000
28 111 0.500000
28 113 0.500000
28 118 0.500000
28 120 0.500000
28 121 0.500000
28 131 0.500000
28 133 0.500000
28 140 0.500000
29 30 0.500000
29 31 0.500000
29 35 0.500000
29 37 0.500000
29 46 0.500000
29 48 0.500000
29 49 0.500000
29 51 0.500000
29 58 0.500000
29 60 0.500000
29 62 0.500000
29 65 0.500000
29 84 0.500000
29 86 0.500000
29 90 0.500000
29 96 0.500000
29 98 0.500000
29 104 0.500000
29 109 0.500000
29 114 0.500000
29 120 0.500000
29 121 0.500000
29 123 0.500000
29 124 0.500000
29 136 0.500000
30 31 0.500000
30 33 0.500000
30 36 0.500000
30 38 0.500000
30 42 0.500000
30 45 0.500000
30 48 0.500000
30 49 0.500000
30 53 0.500000
30 64 0.500000
30 69 0.500000
30 76 0.500000
30 78 0.500000
30 81 0.500000
30 83 0.500000
30 90 0.500000
30 91 0.500000
30 95 0.500000
30 101 0.500000
30 104 0.500000
30 105 0.500000
30 109 0.500000
30 115 0.500000
30 129 0.500000
30 132 0.500000
30 134 0.500000
30 136 0.500000
30 138 0.500000
30 140 0.500000
31 36 0.500000
31 38 0.500000
31 42 0.500000
31 50 0.500000
31 54 0.500000
31 61 0.500000
31 68 0.500000
31 77 0.500000
31 81 0.500000
31 83 0.500000
31 85 0.500000
31 88 0.500000
31 91 0.500000
31 92 0.500000
31 94 0.500000
31 95 0.500000
31 98 0.500000
31 105 0.500000
31 111 0.500000
31 115 0.500000
31 117 0.500000
31 118 0.500000
31 123 0.500000
31 126 0.500000
31 132 0.500000
31 134 0.500000
31 138 0.500000
31 139 0.500000
32 37 0.500000
32 39 0.500000
32 46 0.500000
32 47 0.500000
32 49 0.500000
32 56 0.500000
32 57 0.500000
32 59 0.500000
32 61 0.500000
32 63 0.500000
32 68 0.500000
32 70 0.500000
32 71 0.500000
32 85 0.500000
32 88 0.500000
32 89 0.500000
32 90 0.500000
32 91 0.500000
32 97 0.500000
32 98 0.500000
32 101 0.500000
32 103 0.500000
32 108 0.500000
32 116 0.500000
32 118 0.500000
32 122 0.500000
32 124 0.500000
32 128 0.500000
32 130 0.500000
32 134 0.500000
32 137 0.500000
33 40 0.500000
33 41 0.500000
33 48 0.500000
33 50 0.500000
33 53 0.500000
33 55 0.500000
33 61 0.500000
33 63 0.500000
33 64 0.500000
33 70 0.500000
33 75 0.500000
33 77 0.500000
33 79 0.500000
33 87 0.500000
33 90 0.500000
33 93 0.500000
33 95 0.500000
33 107 0.500000
33 112 0.500000
33 131 0.500000
33 133 0.500000
33 134 0.500000
33 135 0.500000
34 41 0.500000
34 43 0.500000
34 51 0.500000
34 54 0.500000
34 55 0.500000
34 62 0.500000
34 63 0.500000
34 66 0.500000
34 69 0.500000
34 70 0.500000
34 81 0.500000
34 89 0.500000
34 93 0.500000
34 95 0.500000
34 96 0.500000
34 105 0.500000
34 108 0.500000
34 110 0.500000
34 111 0.500000
34 119 0.500000
34 120 0.500000
34 125 0.500000
34 127 0.500000
34 128 0.500000
34 134 0.500000
34 135 0.500000
34 137 0.500000
34 138 0.500000
35 39 0.500000
35 42 0.500000
35 48 0.500000
35 49 0.500000
35 58 0.500000
35 60 0.500000
35 61 0.500000
35 69 0.500000
35 71 0.500000
35 80 0.500000
35 81 0.500000
35 84 0.500000
35 86 0.500000
35 91 0.500000
35 105 0.500000
35 106 0.500000
35 111 0.500000
35 117 0.500000
35 118 0.500000
35 132 0.500000
35 137 0.500000
35 139 0.500000
36 38 0.500000
36 48 0.500000
36 57 0.500000
36 67 0.500000
36 71 0.500000
36 72 0.500000
36 73 0.500000
36 76 0.500000
36 79 0.500000
36 82 0.500000
36 83 0.500000
36 84 0.500000
36 87 0.500000
36 95 0.500000
36 101 0.500000
36 102 0.500000
36 110 0.500000
36 116 0.500000
36 120 0.500000
36 121 0.500000
36 122 0.500000
36 125 0.500000
37 38 0.500000
37 41 0.500000
37 44 0.500000
37 50 0.500000
37 60 0.500000
37 63 0.500000
37 64 0.500000
37 67 0.500000
37 72 0.500000
37 76 0.500000
37 80 0.500000
37 85 0.500000
37 86 0.500000
37 87 0.500000
37 89 0.500000
37 92 0.500000
37 94 0.500000
37 95 0.500000
37 97 0.500000
37 98 0.500000
37 101 0.500000
37 108 0.500000
37 124 0.500000
37 125 0.500000
37 131 0.500000
38 40 0.500000
38 41 0.500000
38 44 0.500000
38 46 0.500000
38 60 0.500000
38 62 0.500000
38 64 0.500000
38 67 0.500000
38 70 0.500000
38 76 0.500000
38 77 0.500000
38 78 0.500000
38 81 0.500000
38 91 0.500000
38 92 0.500000
38 98 0.500000
38 99 0.500000
38 102 0.500000
38 110 0.500000
38 113 0.500000
38 114 0.500000
38 116 0.500000
38 117 0.500000
38 126 0.500000
38 127 0.500000
38 128 0.500000
38 130 0.500000
38 138 0.500000
39 43 0.500000
39 44 0.500000
39 45 0.500000
39 48 0.500000
39 53 0.500000
39 55 0.500000
39 56 0.500000
39 67 0.500000
39 69 0.500000
39 76 0.500000
39 78 0.500000
39 79 0.500000
39 80 0.500000
39 81 0.500000
39 93 0.500000
39 95 0.500000
39 101 0.500000
39 104 0.500000
39 106 0.500000
39 107 0.500000
39 110 0.500000
39 111 0.500000
39 114 0.500000
39 115 0.500000
39 118 0.500000
39 119 0.500000
39 130 0.500000
39 136 0.500000
40 56 0.500000
40 58 0.500000
40 59 0.500000
40 61 0.500000
40 62 0.500000
40 64 0.500000
40 72 0.500000
40 73 0.500000
40 91 0.500000
40 96 0.500000
40 104 0.500000
40 106 0.500000
40 116 0.500000
40 137 0.500000
40 140 0.500000
41 42 0.500000
41 46 0.500000
41 49 0.500000
41 51 0.500000
41 60 0.500000
41 61 0.500000
41 66 0.500000
41 71 0.500000
41 77 0.500000
41 80 0.500000
41 94 0.500000
41 97 0.500000
41 104 0.500000
41 106 0.500000
41 113 0.500000
41 114 0.500000
41 119 0.500000
41 130 0.500000
41 134 0.500000
41 138 0.500000
42 43 0.500000
42 44 0.500000
42 53 0.500000
42 57 0.500000
42 64 0.500000
42 69 0.500000
42 71 0.500000
42 72 0.500000
42 88 0.500000
42 89 0.500000
42 94 0.500000
42 95 0.500000
42 97 0.500000
42 106 0.500000
42 108 0.500000
42 109 0.500000
42 114 0.500000
42 116 0.500000
42 119 0.500000
42 123 0.500000
42 126 0.500000
42 127 0.500000
42 133 0.500000
43 46 0.500000
43 51 0.500000
43 53 0.500000
43 55 0.500000
43 62 0.500000
43 67 0.500000
43 68 0.500000
43 73 0.500000
43 74 0.500000
43 77 0.500000
43 78 0.500000
43 83 0.500000
43 95 0.500000
43 96 0.500000
43 98 0.500000
43 99 0.500000
43 100 0.500000
43 103 0.500000
43 111 0.500000
43 114 0.500000
43 116 0.500000
43 117 0.500000
43 122 0.500000
43 123 0.500000
43 131 0.500000
43 136 0.500000
44 48 0.500000
44 51 0.500000
44 52 0.500000
44 53 0.500000
44 62 0.500000
44 64 0.500000
44 67 0.500000
44 70 0.500000
44 77 0.500000
44 80 0.500000
44 83 0.500000
44 86 0.500000
44 88 0.500000
44 100 0.500000
44 104 0.500000
44 108 0.500000
44 118 0.500000
44 131 0.500000
44 132 0.500000
44 135 0.500000
44 136 0.500000
44 137 0.500000
45 58 0.500000
45 59 0.500000
45 61 0.500000
45 63 0.500000
45 67 0.500000
45 73 0.500000
45 77 0.500000
45 83 0.500000
45 85 0.500000
45 87 0.500000
45 88 0.500000
45 90 0.500000
45 93 0.500000
45 98 0.500000
45 103 0.500000
45 104 0.500000
45 106 0.500000
45 109 0.500000
45 115 0.500000
45 118 0.500000
45 121 0.500000
45 123 0.500000
45 125 0.500000
45 127 0.500000
45 134 0.500000
45 139 0.500000
46 47 0.500000
46 54 0.500000
46 55 0.500000
46 56 0.500000
46 62 0.500000
46 65 0.500000
46 66 0.500000
46 72 0.500000
46 75 0.500000
46 77 0.500000
46 80 0.500000
46 81 0.500000
46 82 0.500000
46 83 0.500000
46 86 0.500000
46 87 0.500000
46 89 0.500000
46 90 0.500000
46 94 0.500000
46 96 0.500000
46 100 0.500000
46 110 0.500000
46 119 0.500000
46 121 0.500000
46 125 0.500000
46 132 0.500000
47 51 0.500000
47 52 0.500000
47 68 0.500000
47 70 0.500000
47 73 0.500000
47 80 0.500000
47 84 0.500000
47 87 0.500000
47 93 0.500000
47 94 0.500000
47 95 0.500000
47 97 0.500000
47 98 0.500000
47 99 0.500000
47 100 0.500000
47 101 0.500000
47 105 0.500000
47 107 0.500000
47 110 0.500000
47 117 0.500000
47 118 0.500000
47 127 0.500000
47 134 0.500000
47 136 0.500000
47 138 0.500000
48 49 0.500000
48 50 0.500000
48 54 0.500000
48 55 0.500000
48 58 0.500000
48 59 0.500000
48 72 0.500000
48 82 0.500000
48 99 0.500000
48 100 0.500000
48 102 0.500000
48 110 0.500000
48 114 0.500000
48 115 0.500000
48 116 0.500000
48 119 0.500000
48 135 0.500000
49 50 0.500000
49 51 0.500000
49 53 0.500000
49 57 0.500000
49 64 0.500000
49 65 0.500000
49 66 0.500000
49 69 0.500000
49 74 0.500000
49 75 0.500000
49 77 0.500000
49 80 0.500000
49 87 0.500000
49 89 0.500000
49 93 0.500000
49 99 0.500000
49 104 0.500000
49 109 0.500000
49 111 0.500000
49 115 0.500000
49 122 0.500000
49 125 0.500000
49 127 0.500000
49 130 0.500000
49 131 0.500000
49 133 0.500000
49 140 0.500000
50 52 0.500000
50 53 0.500000
50 57 0.500000
50 58 0.500000
50 59 0.500000
50 61 0.500000
50 64 0.500000
50 67 0.500000
50 75 0.500000
50 77 0.500000
50 82 0.500000
50 84 0.500000
50 92 0.500000
50 95 0.500000
50 98 0.500000
50 103 0.500000
50 106 0.500000
50 112 0.500000
50 114 0.500000
50 121 0.500000
50 132 0.500000
50 134 0.500000
50 135 0.500000
50 138 0.500000
50 140 0.500000
51 53 0.500000
51 62 0.500000
51 65 0.500000
51 72 0.500000
51 74 0.500000
51 76 0.500000
51 78 0.500000
51 81 0.500000
51 83 0.500000
51 86 0.500000
51 88 0.500000
51 89 0.500000
51 93 0.500000
51 95 0.500000
51 97 0.500000
51 105 0.500000
51 111 0.500000
51 117 0.500000
51 118 0.500000
51 124 0.500000
51 129 0.500000
51 131 0.500000
51 135 0.500000
52 54 0.500000
52 56 0.500000
52 57 0.500000
52 60 0.500000
52 62 0.500000
52 67 0.500000
52 72 0.500000
52 79 0.500000
52 88 0.500000
52 93 0.500000
52 97 0.500000
52 100 0.500000
52 102 0.500000
52 107 0.500000
52 109 0.500000
52 110 0.500000
52 111 0.500000
52 122 0.500000
52 125 0.500000
52 128 0.500000
52 131 0.500000
52 132 0.500000
52 136 0.500000
53 54 0.500000
53 60 0.500000
53 69 0.500000
53 72 0.500000
53 75 0.500000
53 78 0.500000
53 84 0.500000
53 85 0.500000
53 95 0.500000
53 97 0.500000
53 98 0.500000
53 100 0.500000
53 104 0.500000
53 113 0.500000
53 115 0.500000
53 125 0.500000
53 129 0.500000
53 130 0.500000
53 134 0.500000
54 55 0.500000
54 56 0.500000
54 60 0.500000
54 62 0.500000
54 80 0.500000
54 82 0.500000
54 90 0.500000
54 92 0.500000
54 98 0.500000
54 106 0.500000
54 119 0.500000
54 125 0.500000
54 126 0.500000
54 137 0.500000
55 58 0.500000
55 63 0.500000
55 68 0.500000
55 70 0.500000
55 71 0.500000
55 73 0.500000
55 74 0.500000
55 75 0.500000
55 80 0.500000
55 81 0.500000
55 82 0.500000
55 84 0.500000
55 86 0.500000
55 87 0.500000
55 90 0.500000
55 95 0.500000
55 99 0.500000
55 105 0.500000
55 106 0.500000
55 107 0.500000
55 111 0.500000
55 112 0.500000
55 113 0.500000
55 114 0.500000
55 123 0.500000
55 124 0.500000
55 125 0.500000
55 127 0.500000
55 136 0.500000
55 137 0.500000
56 62 0.500000
56 65 0.500000
56 73 0.500000
56 74 0.500000
56 80 0.500000
56 81 0.500000
56 86 0.500000
56 89 0.500000
56 93 0.500000
56 95 0.500000
56 102 0.500000
56 106 0.500000
56 112 0.500000
56 116 0.500000
56 117 0.500000
56 121 0.500000
56 123 0.500000
56 129 0.500000
56 131 0.500000
56 139 0.500000
57 60 0.500000
57 64 0.500000
57 66 0.500000
57 69 0.500000
57 72 0.500000
57 75 0.500000
57 85 0.500000
57 86 0.500000
57 87 0.500000
57 90 0.500000
57 97 0.500000
57 100 0.500000
57 102 0.500000
57 104 0.500000
57 108 0.500000
57 113 0.500000
57 114 0.500000
57 116 0.500000
57 123 0.500000
57 126 0.500000
57 131 0.500000
57 137 0.500000
58 63 0.500000
58 69 0.500000
58 71 0.500000
58 73 0.500000
58 76 0.500000
58 82 0.500000
58 83 0.500000
58 91 0.500000
58 92 0.500000
58 94 0.500000
58 96 0.500000
58 99 0.500000
58 100 0.500000
58 101 0.500000
58 107 0.500000
58 109 0.500000
58 115 0.500000
58 116 0.500000
58 117 0.500000
58 128 0.500000
58 136 0.500000
59 62 0.500000
59 67 0.500000
59 70 0.500000
59 91 0.500000
59 92 0.500000
59 93 0.500000
59 95 0.500000
59 98 0.500000
59 111 0.500000
59 113 0.500000
59 116 0.500000
59 122 0.500000
59 124 0.500000
59 132 0.500000
59 139 0.500000
60 68 0.500000
60 70 0.500000
60 74 0.500000
60 75 0.500000
60 76 0.500000
60 79 0.500000
60 88 0.500000
60 98 0.500000
60 99 0.500000
60 104 0.500000
60 111 0.500000
60 114 0.500000
60 115 0.500000
60 116 0.500000
60 121 0.500000
60 136 0.500000
60 139 0.500000
61 62 0.500000
61 63 0.500000
61 74 0.500000
61 75 0.500000
61 76 0.500000
61 78 0.500000
61 80 0.500000
61 90 0.500000
61 91 0.500000
61 96 0.500000
61 104 0.500000
61 105 0.500000
61 107 0.500000
61 110 0.500000
61 114 0.500000
61 115 0.500000
61 122 0.500000
61 124 0.500000
61 127 0.500000
61 130 0.500000
61 132 0.500000
61 133 0.500000
61 137 0.500000
62 64 0.500000
62 67 0.500000
62 75 0.500000
62 77 0.500000
62 80 0.500000
62 84 0.500000
62 87 0.500000
62 91 0.500000
62 97 0.500000
62 102 0.500000
62 105 0.500000
62 107 0.500000
62 110 0.500000
62 113 0.500000
62 115 0.500000
62 117 0.500000
62 121 0.500000
62 126 0.500000
62 127 0.500000
62 139 0.500000
63 64 0.500000
63 66 0.500000
63 68 0.500000
63 69 0.500000
63 73 0.500000
63 77 0.500000
63 79 0.500000
63 80 0.500000
63 82 0.500000
63 84 0.500000
63 87 0.500000
63 89 0.500000
63 92 0.500000
63 95 0.500000
63 97 0.500000
63 107 0.500000
63 116 0.500000
63 120 0.500000
63 123 0.500000
63 125 0.500000
63 132 0.500000
63 135 0.500000
63 136 0.500000
63 140 0.500000
64 65 0.500000
64 67 0.500000
64 74 0.500000
64 77 0.500000
64 81 0.500000
64 82 0.500000
64 90 0.500000
64 93 0.500000
64 95 0.500000
64 99 0.500000
64 102 0.500000
64 108 0.500000
64 119 0.500000
64 121 0.500000
64 123 0.500000
64 124 0.500000
64 125 0.500000
64 126 0.500000
64 127 0.500000
64 128 0.500000
64 131 0.500000
64 132 0.500000
64 136 0.500000
64 140 0.500000
65 76 0.500000
65 82 0.500000
65 85 0.500000
65 86 0.500000
65 91 0.500000
65 97 0.500000
65 105 0.500000
65 116 0.500000
65 122 0.500000
65 125 0.500000
65 127 0.500000
65 137 0.500000
65 139 0.500000
65 140 0.500000
66 68 0.500000
66 82 0.500000
66 83 0.500000
66 86 0.500000
66 99 0.500000
66 103 0.500000
66 114 0.500000
66 118 0.500000
66 119 0.500000
66 120 0.500000
66 123 0.500000
66 130 0.500000
66 134 0.500000
66 135 0.500000
66 138 0.500000
66 140 0.500000
67 68 0.500000
67 76 0.500000
67 77 0.500000
67 89 0.500000
67 97 0.500000
67 102 0.500000
67 103 0.500000
67 106 0.500000
67 107 0.500000
67 110 0.500000
67 111 0.500000
67 112 0.500000
67 117 0.500000
67 123 0.500000
67 130 0.500000
67 135 0.500000
68 77 0.500000
68 81 0.500000
68 85 0.500000
68 86 0.500000
68 91 0.500000
68 96 0.500000
68 99 0.500000
68 101 0.500000
68 104 0.500000
68 106 0.500000
68 114 0.500000
68 117 0.500000
68 120 0.500000
68 128 0.500000
68 129 0.500000
68 132 0.500000
69 93 0.500000
69 100 0.500000
69 105 0.500000
69 109 0.500000
69 110 0.500000
69 111 0.500000
69 112 0.500000
69 113 0.500000
69 115 0.500000
69 117 0.500000
69 118 0.500000
69 121 0.500000
69 124 0.500000
69 131 0.500000
70 79 0.500000
70 85 0.500000
70 88 0.500000
70 97 0.500000
70 104 0.500000
70 105 0.500000
70 110 0.500000
70 114 0.500000
70 123 0.500000
70 124 0.500000
70 126 0.500000
70 127 0.500000
70 130 0.500000
70 131 0.500000
70 132 0.500000
70 137 0.500000
70 138 0.500000
70 139 0.500000
71 73 0.500000
71 74 0.500000
71 78 0.500000
71 83 0.500000
71 86 0.500000
71 90 0.500000
71 95 0.500000
71 96 0.500000
71 100 0.500000
71 107 0.500000
71 111 0.500000
71 118 0.500000
71 119 0.500000
71 126 0.500000
71 134 0.500000
71 137 0.500000
71 138 0.500000
72 73 0.500000
72 88 0.500000
72 89 0.500000
72 92 0.500000
72 99 0.500000
72 108 0.500000
72 112 0.500000
72 114 0.500000
72 117 0.500000
72 122 0.500000
72 124 0.500000
72 128 0.500000
72 132 0.500000
72 134 0.500000
72 136 0.500000
73 76 0.500000
73 77 0.500000
73 85 0.500000
73 89 0.500000
73 92 0.500000
73 95 0.500000
73 98 0.500000
73 100 0.500000
73 108 0.500000
73 110 0.500000
73 111 0.500000
73 114 0.500000
73 119 0.500000
73 128 0.500000
73 140 0.500000
74 78 0.500000
74 83 0.500000
74 84 0.500000
74 89 0.500000
74 91 0.500000
74 95 0.500000
74 98 0.500000
74 99 0.500000
74 102 0.500000
74 104 0.500000
74 105 0.500000
74 110 0.500000
74 112 0.500000
74 115 0.500000
74 118 0.500000
74 119 0.500000
74 120 0.500000
74 123 0.500000
74 124 0.500000
74 125 0.500000
74 126 0.500000
74 131 0.500000
74 139 0.500000
75 80 0.500000
75 86 0.500000
75 94 0.500000
75 96 0.500000
75 97 0.500000
75 105 0.500000
75 107 0.500000
75 108 0.500000
75 116 0.500000
75 117 0.500000
75 120 0.500000
75 126 0.500000
75 129 0.500000
75 131 0.500000
75 137 0.500000
75 138 0.500000
75 139 0.500000
76 78 0.500000
76 81 0.500000
76 82 0.500000
76 86 0.500000
76 89 0.500000
76 92 0.500000
76 93 0.500000
76 102 0.500000
76 106 0.500000
76 110 0.500000
76 114 0.500000
76 115 0.500000
76 135 0.500000
77 82 0.500000
77 89 0.500000
77 92 0.500000
77 95 0.500000
77 98 0.500000
77 99 0.500000
77 105 0.500000
77 115 0.500000
77 116 0.500000
77 120 0.500000
77 124 0.500000
77 127 0.500000
77 129 0.500000
77 132 0.500000
77 134 0.500000
78 82 0.500000
78 92 0.500000
78 95 0.500000
78 96 0.500000
78 103 0.500000
78 105 0.500000
78 106 0.500000
78 110 0.500000
78 115 0.500000
78 120 0.500000
78 121 0.500000
78 123 0.500000
78 126 0.500000
78 130 0.500000
78 139 0.500000
79 81 0.500000
79 87 0.500000
79 98 0.500000
79 99 0.500000
79 105 0.500000
79 120 0.500000
79 127 0.500000
79 131 0.500000
79 132 0.500000
79 135 0.500000
79 137 0.500000
79 139 0.500000
79 140 0.500000
80 82 0.500000
80 83 0.500000
80 87 0.500000
80 89 0.500000
80 93 0.500000
80 101 0.500000
80 104 0.500000
80 106 0.500000
80 118 0.500000
80 120 0.500000
80 121 0.500000
80 130 0.500000
80 134 0.500000
80 136 0.500000
80 137 0.500000
81 87 0.500000
81 88 0.500000
81 89 0.500000
81 91 0.500000
81 93 0.500000
81 98 0.500000
81 101 0.500000
81 104 0.500000
81 111 0.500000
81 113 0.500000
81 121 0.500000
81 124 0.500000
81 127 0.500000
81 129 0.500000
81 131 0.500000
81 134 0.500000
81 135 0.500000
81 136 0.500000
81 140 0.500000
82 93 0.500000
82 95 0.500000
82 99 0.500000
82 103 0.500000
82 104 0.500000
82 107 0.500000
82 111 0.500000
82 114 0.500000
82 118 0.500000
82 119 0.500000
82 120 0.500000
82 123 0.500000
82 137 0.500000
83 102 0.500000
83 110 0.500000
83 112 0.500000
83 119 0.500000
83 122 0.500000
83 123 0.500000
83 125 0.500000
83 126 0.500000
83 134 0.500000
83 135 0.500000
83 138 0.500000
84 88 0.500000
84 89 0.500000
84 90 0.500000
84 91 0.500000
84 92 0.500000
84 93 0.500000
84 97 0.500000
84 102 0.500000
84 111 0.500000
84 120 0.500000
84 121 0.500000
84 123 0.500000
84 127 0.500000
84 130 0.500000
84 133 0.500000
84 138 0.500000
84 140 0.500000
85 86 0.500000
85 89 0.500000
85 91 0.500000
85 92 0.500000
85 94 0.500000
85 97 0.500000
85 98 0.500000
85 100 0.500000
85 101 0.500000
85 102 0.500000
85 103 0.500000
85 104 0.500000
85 105 0.500000
85 110 0.500000
85 113 0.500000
85 116 0.500000
85 118 0.500000
85 123 0.500000
85 126 0.500000
85 128 0.500000
85 132 0.500000
85 133 0.500000
85 138 0.500000
85 140 0.500000
86 87 0.500000
86 89 0.500000
86 91 0.500000
86 97 0.500000
86 100 0.500000
86 102 0.500000
86 107 0.500000
86 110 0.500000
86 111 0.500000
86 116 0.500000
86 118 0.500000
86 123 0.500000
86 127 0.500000
86 128 0.500000
86 132 0.500000
86 137 0.500000
86 138 0.500000
87 96 0.500000
87 98 0.500000
87 101 0.500000
87 103 0.500000
87 106 0.500000
87 108 0.500000
87 110 0.500000
87 114 0.500000
87 118 0.500000
87 119 0.500000
87 120 0.500000
87 121 0.500000
87 132 0.500000
87 134 0.500000
87 136 0.500000
87 139 0.500000
88 89 0.500000
88 95 0.500000
88 96 0.500000
88 105 0.500000
88 110 0.500000
88 114 0.500000
88 118 0.500000
88 120 0.500000
88 121 0.500000
88 125 0.500000
88 126 0.500000
88 127 0.500000
88 129 0.500000
88 133 0.500000
88 134 0.500000
88 138 0.500000
88 140 0.500000
89 92 0.500000
89 94 0.500000
89 96 0.500000
89 105 0.500000
89 106 0.500000
89 119 0.500000
89 123 0.500000
89 124 0.500000
89 128 0.500000
89 129 0.500000
89 139 0.500000
90 95 0.500000
90 99 0.500000
90 103 0.500000
90 121 0.500000
90 124 0.500000
90 125 0.500000
90 128 0.500000
90 132 0.500000
90 138 0.500000
91 93 0.500000
91 98 0.500000
91 101 0.500000
91 103 0.500000
91 104 0.500000
91 107 0.500000
91 108 0.500000
91 110 0.500000
91 112 0.500000
91 115 0.500000
91 116 0.500000
91 118 0.500000
91 119 0.500000
91 123 0.500000
91 126 0.500000
91 130 0.500000
91 131 0.500000
91 132 0.500000
91 133 0.500000
91 134 0.500000
91 140 0.500000
92 99 0.500000
92 116 0.500000
92 119 0.500000
92 121 0.500000
92 129 0.500000
92 130 0.500000
92 132 0.500000
92 133 0.500000
92 134 0.500000
93 97 0.500000
93 105 0.500000
93 124 0.500000
93 126 0.500000
94 95 0.500000
94 102 0.500000
94 104 0.500000
94 106 0.500000
94 117 0.500000
94 132 0.500000
95 97 0.500000
95 102 0.500000
95 107 0.500000
95 111 0.500000
95 116 0.500000
95 118 0.500000
95 121 0.500000
95 122 0.500000
95 127 0.500000
95 132 0.500000
95 140 0.500000
96 99 0.500000
96 101 0.500000
96 102 0.500000
96 104 0.500000
96 115 0.500000
96 117 0.500000
96 121 0.500000
96 124 0.500000
96 127 0.500000
96 134 0.500000
96 138 0.500000
96 140 0.500000
97 98 0.500000
97 100 0.500000
97 103 0.500000
97 107 0.500000
97 108 0.500000
97 123 0.500000
97 124 0.500000
97 127 0.500000
97 140 0.500000
98 102 0.500000
98 105 0.500000
98 106 0.500000
98 108 0.500000
98 109 0.500000
98 112 0.500000
98 117 0.500000
98 119 0.500000
98 120 0.500000
98 123 0.500000
98 129 0.500000
98 131 0.500000
99 100 0.500000
99 101 0.500000
99 103 0.500000
99 108 0.500000
99 110 0.500000
99 114 0.500000
99 116 0.500000
99 119 0.500000
99 120 0.500000
99 122 0.500000
99 123 0.500000
99 126 0.500000
99 133 0.500000
99 136 0.500000
100 104 0.500000
100 105 0.500000
100 108 0.500000
100 111 0.500000
100 114 0.500000
100 120 0.500000
100 122 0.500000
100 123 0.500000
100 124 0.500000
100 125 0.500000
100 133 0.500000
100 134 0.500000
100 139 0.500000
101 104 0.500000
101 106 0.500000
101 108 0.500000
101 119 0.500000
101 120 0.500000
101 129 0.500000
101 131 0.500000
101 138 0.500000
102 103 0.500000
102 104 0.500000
102 108 0.500000
102 111 0.500000
102 114 0.500000
102 118 0.500000
102 120 0.500000
102 130 0.500000
102 136 0.500000
102 137 0.500000
102 139 0.500000
103 107 0.500000
103 115 0.500000
103 118 0.500000
103 130 0.500000
103 138 0.500000
104 109 0.500000
104 112 0.500000
104 116 0.500000
104 125 0.500000
105 108 0.500000
105 109 0.500000
105 124 0.500000
105 127 0.500000
105 128 0.500000
105 137 0.500000
105 139 0.500000
105 140 0.500000
106 108 0.500000
106 109 0.500000
106 116 0.500000
106 117 0.500000
106 123 0.500000
106 134 0.500000
106 135 0.500000
106 136 0.500000
106 137 0.500000
106 138 0.500000
107 108 0.500000
107 113 0.500000
107 128 0.500000
107 130 0.500000
107 134 0.500000
108 120 0.500000
108 127 0.500000
108 129 0.500000
108 131 0.500000
108 138 0.500000
109 114 0.500000
109 118 0.500000
109 122 0.500000
109 123 0.500000
109 124 0.500000
109 126 0.500000
109 129 0.500000
109 133 0.500000
109 134 0.500000
109 136 0.500000
110 121 0.500000
110 122 0.500000
110 124 0.500000
110 125 0.500000
110 129 0.500000
110 135 0.500000
110 136 0.500000
111 116 0.500000
111 125 0.500000
111 129 0.500000
111 139 0.500000
112 114 0.500000
112 124 0.500000
112 130 0.500000
112 139 0.500000
113 114 0.500000
113 115 0.500000
113 116 0.500000
113 122 0.500000
113 123 0.500000
113 131 0.500000
113 132 0.500000
113 133 0.500000
113 139 0.500000
114 119 0.500000
114 121 0.500000
114 123 0.500000
114 132 0.500000
115 117 0.500000
115 118 0.500000
115 122 0.500000
115 125 0.500000
115 126 0.500000
115 127 0.500000
115 128 0.500000
115 130 0.500000
115 135 0.500000
116 120 0.500000
116 122 0.500000
116 125 0.500000
116 127 0.500000
116 129 0.500000
116 134 0.500000
116 139 0.500000
116 140 0.500000
117 119 0.500000
117 120 0.500000
117 121 0.500000
117 122 0.500000
117 123 0.500000
117 128 0.500000
117 129 0.500000
117 130 0.500000
117 135 0.500000
117 138 0.500000
118 119 0.500000
118 121 0.500000
118 123 0.500000
118 124 0.500000
118 125 0.500000
118 126 0.500000
118 130 0.500000
118 131 0.500000
118 132 0.500000
118 133 0.500000
118 136 0.500000
119 127 0.500000
119 129 0.500000
119 131 0.500000
119 133 0.500000
119 137 0.500000
119 138 0.500000
119 140 0.500000
120 126 0.500000
120 127 0.500000
120 136 0.500000
121 125 0.500000
121 126 0.500000
121 127 0.500000
121 128 0.500000
121 130 0.500000
121 137 0.500000
121 138 0.500000
122 125 0.500000
122 131 0.500000
122 132 0.500000
122 135 0.500000
122 137 0.500000
123 125 0.500000
124 126 0.500000
124 134 0.500000
124 135 0.500000
124 140 0.500000
125 131 0.500000
125 132 0.500000
125 133 0.500000
125 137 0.500000
126 129 0.500000
126 130 0.500000
126 135 0.500000
126 136 0.500000
126 137 0.500000
127 134 0.500000
128 131 0.500000
128 132 0.500000
128 134 0.500000
129 130 0.500000
129 131 0.500000
129 132 0.500000
129 137 0.500000
129 139 0.500000
130 131 0.500000
130 132 0.500000
130 135 0.500000
130 139 0.500000
130 140 0.500000
131 138 0.500000
132 134 0.500000
132 137 0.500000
133 134 0.500000
134 136 0.500000
134 138 0.500000
134 140 0.500000
136 137 0.500000
137 138 0.500000
137 139 0.500000
