140 70 2433
1 8 0.500000
1 10 0.500000
1 13 0.500000
1 25 0.500000
1 32 0.500000
1 41 0.500000
1 42 0.500000
1 50 0.500000
1 51 0.500000
1 56 0.500000
1 69 0.500000
1 75 0.500000
1 79 0.500000
1 86 0.500000
1 92 0.500000
1 95 0.500000
1 96 0.500000
1 101 0.500000
1 105 0.500000
1 113 0.500000
1 117 0.500000
1 118 0.500000
1 122 0.500000
1 132 0.500000
1 137 0.500000
2 3 0.500000
2 12 0.500000
2 13 0.500000
2 16 0.500000
2 19 0.500000
2 24 0.500000
2 27 0.500000
2 29 0.500000
2 30 0.500000
2 36 0.500000
2 42 0.500000
2 46 0.500000
2 48 0.500000
2 50 0.500000
2 57 0.500000
2 61 0.500000
2 62 0.500000
2 66 0.500000
2 68 0.500000
2 70 0.500000
2 76 0.500000
2 78 0.500000
2 79 0.500000
2 85 0.500000
2 90 0.500000
2 91 0.500000
2 99 0.500000
2 101 0.500000
2 103 0.500000
2 106 0.500000
2 107 0.500000
2 115 0.500000
2 117 0.500000
2 122 0.500000
2 123 0.500000
2 124 0.500000
2 130 0.500000
2 131 0.500000
2 137 0.500000
2 138 0.500000
2 140 0.500000
3 7 0.500000
3 9 0.500000
3 21 0.500000
3 24 0.500000
3 34 0.500000
3 36 0.500000
3 38 0.500000
3 40 0.500000
3 47 0.500000
3 48 0.500000
3 57 0.500000
3 58 0.500000
3 61 0.500000
3 70 0.500000
3 72 0.500000
3 79 0.500000
3 91 0.500000
3 92 0.500000
3 101 0.500000
3 105 0.500000
3 106 0.500000
3 107 0.500000
3 109 0.500000
3 114 0.500000
3 115 0.500000
3 116 0.500000
3 117 0.500000
3 118 0.500000
3 120 0.500000
3 122 0.500000
3 123 0.500000
3 125 0.500000
3 127 0.500000
3 129 0.500000
4 7 0.500000
4 9 0.500000
4 13 0.500000
4 17 0.500000
4 20 0.500000
4 21 0.500000
4 31 0.500000
4 32 0.500000
4 33 0.500000
4 45 0.500000
4 46 0.500000
4 48 0.500000
4 55 0.500000
4 59 0.500000
4 61 0.500000
4 62 0.500000
4 66 0.500000
4 67 0.500000
4 71 0.500000
4 75 0.500000
4 81 0.500000
4 82 0.500000
4 93 0.500000
4 94 0.500000
4 96 0.500000
4 109 0.500000
4 126 0.500000
4 135 0.500000
4 137 0.500000
5 11 0.500000
5 12 0.500000
5 18 0.500000
5 21 0.500000
5 24 0.500000
5 25 0.500000
5 27 0.500000
5 29 0.500000
5 32 0.500000
5 48 0.500000
5 49 0.500000
5 53 0.500000
5 61 0.500000
5 62 0.500000
5 81 0.500000
5 86 0.500000
5 88 0.500000
5 89 0.500000
5 90 0.500000
5 97 0.500000
5 100 0.500000
5 102 0.500000
5 104 0.500000
5 108 0.500000
5 110 0.500000
5 119 0.500000
5 124 0.500000
5 125 0.500000
6 9 0.500000
6 10 0.500000
6 12 0.500000
6 16 0.500000
6 18 0.500000
6 21 0.500000
6 23 0.500000
6 28 0.500000
6 30 0.500000
6 31 0.500000
6 36 0.500000
6 41 0.500000
6 47 0.500000
6 50 0.500000
6 56 0.500000
6 57 0.500000
6 62 0.500000
6 64 0.500000
6 74 0.500000
6 78 0.500000
6 79 0.500000
6 80 0.500000
6 91 0.500000
6 93 0.500000
6 105 0.500000
6 110 0.500000
6 112 0.500000
6 113 0.500000
6 123 0.500000
6 128 0.500000
6 132 0.500000
6 133 0.500000
6 138 0.500000
7 11 0.500000
7 19 0.500000
7 21 0.500000
7 22 0.500000
7 30 0.500000
7 34 0.500000
7 35 0.500000
7 37 0.500000
7 38 0.500000
7 39 0.500000
7 40 0.500000
7 42 0.500000
7 53 0.500000
7 58 0.500000
7 62 0.500000
7 64 0.500000
7 65 0.500000
7 66 0.500000
7 69 0.500000
7 71 0.500000
7 72 0.500000
7 73 0.500000
7 75 0.500000
7 77 0.500000
7 78 0.500000
7 81 0.500000
7 83 0.500000
7 85 0.500000
7 90 0.500000
7 100 0.500000
7 102 0.500000
7 111 0.500000
7 113 0.500000
7 128 0.500000
7 129 0.500000
7 130 0.500000
7 132 0.500000
7 135 0.500000
7 136 0.500000
7 138 0.500000
8 9 0.500000
8 11 0.500000
8 12 0.500000
8 24 0.500000
8 30 0.500000
8 33 0.500000
8 36 0.500000
8 39 0.500000
8 40 0.500000
8 47 0.500000
8 57 0.500000
8 60 0.500000
8 67 0.500000
8 71 0.500000
8 76 0.500000
8 79 0.500000
8 84 0.500000
8 90 0.500000
8 94 0.500000
8 99 0.500000
8 100 0.500000
8 111 0.500000
8 116 0.500000
8 117 0.500000
8 120 0.500000
8 129 0.500000
8 140 0.500000
9 21 0.500000
9 25 0.500000
9 26 0.500000
9 30 0.500000
9 31 0.500000
9 51 0.500000
9 52 0.500000
9 54 0.500000
9 56 0.500000
9 59 0.500000
9 62 0.500000
9 71 0.500000
9 73 0.500000
9 74 0.500000
9 78 0.500000
9 80 0.500000
9 83 0.500000
9 86 0.500000
9 87 0.500000
9 92 0.500000
9 95 0.500000
9 96 0.500000
9 99 0.500000
9 100 0.500000
9 105 0.500000
9 118 0.500000
9 119 0.500000
9 121 0.500000
9 123 0.500000
9 127 0.500000
9 130 0.500000
9 139 0.500000
10 13 0.500000
10 16 0.500000
10 17 0.500000
10 22 0.500000
10 25 0.500000
10 30 0.500000
10 31 0.500000
10 33 0.500000
10 41 0.500000
10 47 0.500000
10 48 0.500000
10 52 0.500000
10 53 0.500000
10 60 0.500000
10 67 0.500000
10 71 0.500000
10 72 0.500000
10 79 0.500000
10 80 0.500000
10 85 0.500000
10 87 0.500000
10 88 0.500000
10 96 0.500000
10 105 0.500000
10 121 0.500000
10 123 0.500000
10 125 0.500000
10 129 0.500000
10 135 0.500000
11 15 0.500000
11 20 0.500000
11 21 0.500000
11 27 0.500000
11 29 0.500000
11 34 0.500000
11 42 0.500000
11 43 0.500000
11 44 0.500000
11 56 0.500000
11 63 0.500000
11 66 0.500000
11 67 0.500000
11 78 0.500000
11 79 0.500000
11 80 0.500000
11 84 0.500000
11 90 0.500000
11 93 0.500000
11 94 0.500000
11 98 0.500000
11 101 0.500000
11 102 0.500000
11 111 0.500000
11 112 0.500000
11 114 0.500000
11 118 0.500000
11 129 0.500000
11 130 0.500000
11 134 0.500000
11 135 0.500000
11 140 0.500000
12 16 0.500000
12 29 0.500000
12 33 0.500000
12 36 0.500000
12 43 0.500000
12 44 0.500000
12 46 0.500000
12 49 0.500000
12 57 0.500000
12 58 0.500000
12 59 0.500000
12 60 0.500000
12 66 0.500000
12 72 0.500000
12 75 0.500000
12 76 0.500000
12 78 0.500000
12 81 0.500000
12 86 0.500000
12 89 0.500000
12 105 0.500000
12 110 0.500000
12 114 0.500000
12 117 0.500000
12 124 0.500000
12 126 0.500000
12 128 0.500000
12 131 0.500000
12 139 0.500000
12 140 0.500000
13 26 0.500000
13 29 0.500000
13 30 0.500000
13 31 0.500000
13 41 0.500000
13 42 0.500000
13 45 0.500000
13 53 0.500000
13 54 0.500000
13 63 0.500000
13 65 0.500000
13 66 0.500000
13 73 0.500000
13 74 0.500000
13 77 0.500000
13 83 0.500000
13 86 0.500000
13 91 0.500000
13 94 0.500000
13 97 0.500000
13 101 0.500000
13 102 0.500000
13 104 0.500000
13 107 0.500000
13 108 0.500000
13 109 0.500000
13 110 0.500000
13 116 0.500000
13 123 0.500000
13 125 0.500000
13 127 0.500000
13 130 0.500000
13 133 0.500000
14 16 0.500000
14 18 0.500000
14 20 0.500000
14 23 0.500000
14 24 0.500000
14 38 0.500000
14 39 0.500000
14 42 0.500000
14 54 0.500000
14 65 0.500000
14 69 0.500000
14 74 0.500000
14 76 0.500000
14 80 0.500000
14 82 0.500000
14 89 0.500000
14 95 0.500000
14 103 0.500000
14 105 0.500000
14 107 0.500000
14 113 0.500000
14 119 0.500000
14 123 0.500000
14 126 0.500000
14 128 0.500000
14 138 0.500000
15 17 0.500000
15 19 0.500000
15 22 0.500000
15 23 0.500000
15 24 0.500000
15 32 0.500000
15 35 0.500000
15 39 0.500000
15 46 0.500000
15 47 0.500000
15 49 0.500000
15 52 0.500000
15 54 0.500000
15 61 0.500000
15 64 0.500000
15 68 0.500000
15 70 0.500000
15 76 0.500000
15 77 0.500000
15 80 0.500000
15 82 0.500000
15 87 0.500000
15 93 0.500000
15 94 0.500000
15 95 0.500000
15 98 0.500000
15 99 0.500000
15 107 0.500000
15 111 0.500000
15 120 0.500000
15 122 0.500000
15 129 0.500000
15 130 0.500000
15 131 0.500000
15 135 0.500000
15 138 0.500000
16 18 0.500000
16 20 0.500000
16 25 0.500000
16 33 0.500000
16 35 0.500000
16 37 0.500000
16 38 0.500000
16 42 0.500000
16 45 0.500000
16 49 0.500000
16 52 0.500000
16 58 0.500000
16 63 0.500000
16 65 0.500000
16 72 0.500000
16 76 0.500000
16 78 0.500000
16 97 0.500000
16 103 0.500000
16 107 0.500000
16 111 0.500000
16 114 0.500000
16 115 0.500000
16 122 0.500000
16 123 0.500000
16 130 0.500000
16 133 0.500000
16 140 0.500000
17 21 0.500000
17 22 0.500000
17 25 0.500000
17 26 0.500000
17 29 0.500000
17 33 0.500000
17 34 0.500000
17 36 0.500000
17 38 0.500000
17 41 0.500000
17 58 0.500000
17 59 0.500000
17 67 0.500000
17 69 0.500000
17 70 0.500000
17 71 0.500000
17 72 0.500000
17 80 0.500000
17 85 0.500000
17 87 0.500000
17 98 0.500000
17 104 0.500000
17 105 0.500000
17 106 0.500000
17 112 0.500000
17 114 0.500000
17 115 0.500000
17 119 0.500000
17 140 0.500000
18 21 0.500000
18 23 0.500000
18 25 0.500000
18 28 0.500000
18 37 0.500000
18 39 0.500000
18 41 0.500000
18 44 0.500000
18 47 0.500000
18 49 0.500000
18 53 0.500000
18 56 0.500000
18 61 0.500000
18 62 0.500000
18 65 0.500000
18 69 0.500000
18 90 0.500000
18 94 0.500000
18 96 0.500000
18 101 0.500000
18 103 0.500000
18 106 0.500000
18 112 0.500000
18 113 0.500000
18 121 0.500000
18 126 0.500000
18 131 0.500000
19 21 0.500000
19 22 0.500000
19 23 0.500000
19 32 0.500000
19 33 0.500000
19 38 0.500000
19 39 0.500000
19 40 0.500000
19 41 0.500000
19 46 0.500000
19 56 0.500000
19 57 0.500000
19 60 0.500000
19 67 0.500000
19 68 0.500000
19 71 0.500000
19 73 0.500000
19 76 0.500000
19 77 0.500000
19 80 0.500000
19 82 0.500000
19 90 0.500000
19 92 0.500000
19 93 0.500000
19 94 0.500000
19 108 0.500000
19 109 0.500000
19 111 0.500000
19 112 0.500000
19 113 0.500000
19 116 0.500000
19 117 0.500000
19 119 0.500000
19 120 0.500000
19 121 0.500000
19 123 0.500000
19 125 0.500000
19 127 0.500000
19 131 0.500000
19 134 0.500000
19 140 0.500000
20 23 0.500000
20 25 0.500000
20 27 0.500000
20 32 0.500000
20 35 0.500000
20 42 0.500000
20 44 0.500000
20 46 0.500000
20 49 0.500000
20 50 0.500000
20 57 0.500000
20 60 0.500000
20 76 0.500000
20 80 0.500000
20 84 0.500000
20 88 0.500000
20 89 0.500000
20 91 0.500000
20 96 0.500000
20 101 0.500000
20 106 0.500000
20 108 0.500000
20 111 0.500000
20 112 0.500000
20 113 0.500000
20 114 0.500000
20 120 0.500000
20 131 0.500000
20 133 0.500000
20 140 0.500000
21 23 0.500000
21 25 0.500000
21 27 0.500000
21 29 0.500000
21 35 0.500000
21 37 0.500000
21 49 0.500000
21 50 0.500000
21 56 0.500000
21 60 0.500000
21 68 0.500000
21 71 0.500000
21 79 0.500000
21 80 0.500000
21 90 0.500000
21 100 0.500000
21 102 0.500000
21 106 0.500000
21 109 0.500000
21 112 0.500000
21 116 0.500000
21 117 0.500000
21 118 0.500000
21 121 0.500000
21 129 0.500000
21 131 0.500000
21 133 0.500000
21 135 0.500000
22 28 0.500000
22 30 0.500000
22 31 0.500000
22 33 0.500000
22 37 0.500000
22 38 0.500000
22 40 0.500000
22 44 0.500000
22 47 0.500000
22 48 0.500000
22 49 0.500000
22 52 0.500000
22 56 0.500000
22 57 0.500000
22 58 0.500000
22 59 0.500000
22 62 0.500000
22 64 0.500000
22 68 0.500000
22 71 0.500000
22 72 0.500000
22 75 0.500000
22 82 0.500000
22 85 0.500000
22 103 0.500000
22 105 0.500000
22 110 0.500000
22 111 0.500000
22 113 0.500000
22 117 0.500000
22 118 0.500000
22 121 0.500000
22 127 0.500000
22 137 0.500000
22 138 0.500000
23 26 0.500000
23 30 0.500000
23 32 0.500000
23 37 0.500000
23 40 0.500000
23 44 0.500000
23 45 0.500000
23 46 0.500000
23 50 0.500000
23 53 0.500000
23 55 0.500000
23 59 0.500000
23 61 0.500000
23 67 0.500000
23 77 0.500000
23 79 0.500000
23 83 0.500000
23 84 0.500000
23 87 0.500000
23 90 0.500000
23 92 0.500000
23 98 0.500000
23 105 0.500000
23 110 0.500000
23 112 0.500000
23 115 0.500000
23 117 0.500000
23 120 0.500000
23 129 0.500000
23 130 0.500000
23 135 0.500000
23 137 0.500000
24 25 0.500000
24 30 0.500000
24 35 0.500000
24 43 0.500000
24 44 0.500000
24 54 0.500000
24 55 0.500000
24 56 0.500000
24 58 0.500000
24 59 0.500000
24 64 0.500000
24 69 0.500000
24 70 0.500000
24 72 0.500000
24 76 0.500000
24 77 0.500000
24 84 0.500000
24 85 0.500000
24 86 0.500000
24 91 0.500000
24 92 0.500000
24 98 0.500000
24 101 0.500000
24 109 0.500000
24 111 0.500000
24 113 0.500000
24 114 0.500000
24 116 0.500000
24 117 0.500000
24 121 0.500000
24 124 0.500000
24 126 0.500000
24 133 0.500000
24 137 0.500000
24 138 0.500000
24 140 0.500000
25 27 0.500000
25 30 0.500000
25 37 0.500000
25 39 0.500000
25 42 0.500000
25 46 0.500000
25 48 0.500000
25 49 0.500000
25 53 0.500000
25 54 0.500000
25 60 0.500000
25 62 0.500000
25 63 0.500000
25 64 0.500000
25 65 0.500000
25 70 0.500000
25 77 0.500000
25 80 0.500000
25 98 0.500000
25 105 0.500000
25 120 0.500000
25 122 0.500000
25 127 0.500000
25 131 0.500000
25 133 0.500000
25 137 0.500000
26 30 0.500000
26 36 0.500000
26 40 0.500000
26 44 0.500000
26 46 0.500000
26 47 0.500000
26 48 0.500000
26 49 0.500000
26 51 0.500000
26 53 0.500000
26 54 0.500000
26 62 0.500000
26 67 0.500000
26 69 0.500000
26 70 0.500000
26 82 0.500000
26 89 0.500000
26 92 0.500000
26 99 0.500000
26 101 0.500000
26 103 0.500000
26 106 0.500000
26 108 0.500000
26 111 0.500000
26 114 0.500000
26 115 0.500000
26 118 0.500000
26 120 0.500000
26 123 0.500000
26 124 0.500000
26 132 0.500000
26 135 0.500000
26 137 0.500000
26 138 0.500000
27 28 0.500000
27 37 0.500000
27 45 0.500000
27 49 0.500000
27 50 0.500000
27 51 0.500000
27 52 0.500000
27 53 0.500000
27 55 0.500000
27 59 0.500000
27 60 0.500000
27 63 0.500000
27 67 0.500000
27 72 0.500000
27 95 0.500000
27 104 0.500000
27 106 0.500000
27 108 0.500000
27 111 0.500000
27 113 0.500000
27 116 0.500000
27 125 0.500000
27 129 0.500000
28 29 0.500000
28 31 0.500000
28 35 0.500000
28 41 0.500000
28 44 0.500000
28 52 0.500000
28 54 0.500000
28 56 0.500000
28 62 0.500000
28 72 0.500000
28 80 0.500000
28 85 0.500000
28 87 0.500000
28 88 0.500000
28 93 0.500000
28 95 0.500000
28 98 0.500000
28 108 0.500000
28 111 0.500000
28 115 0.500000
28 124 0.500000
28 137 0.500000
28 138 0.500000
29 40 0.500000
29 45 0.500000
29 52 0.500000
29 59 0.500000
29 60 0.500000
29 62 0.500000
29 63 0.500000
29 64 0.500000
29 66 0.500000
29 68 0.500000
29 72 0.500000
29 74 0.500000
29 86 0.500000
29 89 0.500000
29 93 0.500000
29 99 0.500000
29 100 0.500000
29 101 0.500000
29 104 0.500000
29 115 0.500000
29 116 0.500000
29 121 0.500000
29 123 0.500000
29 124 0.500000
29 129 0.500000
29 133 0.500000
29 134 0.500000
29 140 0.500000
30 36 0.500000
30 43 0.500000
30 47 0.500000
30 48 0.500000
30 50 0.500000
30 52 0.500000
30 54 0.500000
30 60 0.500000
30 61 0.500000
30 63 0.500000
30 65 0.500000
30 66 0.500000
30 67 0.500000
30 68 0.500000
30 70 0.500000
30 79 0.500000
30 84 0.500000
30 91 0.500000
30 94 0.500000
30 101 0.500000
30 105 0.500000
30 109 0.500000
30 111 0.500000
30 117 0.500000
30 121 0.500000
30 125 0.500000
30 130 0.500000
30 131 0.500000
30 132 0.500000
30 133 0.500000
30 134 0.500000
30 135 0.500000
30 137 0.500000
31 37 0.500000
31 40 0.500000
31 41 0.500000
31 42 0.500000
31 62 0.500000
31 73 0.500000
31 79 0.500000
31 80 0.500000
31 83 0.500000
31 86 0.500000
31 88 0.500000
31 91 0.500000
31 92 0.500000
31 99 0.500000
31 102 0.500000
31 104 0.500000
31 106 0.500000
31 107 0.500000
31 108 0.500000
31 112 0.500000
31 116 0.500000
31 124 0.500000
31 127 0.500000
31 134 0.500000
31 139 0.500000
32 33 0.500000
32 34 0.500000
32 36 0.500000
32 39 0.500000
32 42 0.500000
32 45 0.500000
32 48 0.500000
32 51 0.500000
32 52 0.500000
32 53 0.500000
32 65 0.500000
32 70 0.500000
32 75 0.500000
32 90 0.500000
32 91 0.500000
32 96 0.500000
32 97 0.500000
32 103 0.500000
32 105 0.500000
32 109 0.500000
32 115 0.500000
32 118 0.500000
32 121 0.500000
32 125 0.500000
32 130 0.500000
32 131 0.500000
32 132 0.500000
32 137 0.500000
33 38 0.500000
33 50 0.500000
33 55 0.500000
33 65 0.500000
33 66 0.500000
33 73 0.500000
33 77 0.500000
33 79 0.500000
33 80 0.500000
33 81 0.500000
33 85 0.500000
33 97 0.500000
33 98 0.500000
33 103 0.500000
33 105 0.500000
33 113 0.500000
33 118 0.500000
33 119 0.500000
33 121 0.500000
33 122 0.500000
33 123 0.500000
33 124 0.500000
33 131 0.500000
33 133 0.500000
34 43 0.500000
34 49 0.500000
34 57 0.500000
34 70 0.500000
34 71 0.500000
34 75 0.500000
34 77 0.500000
34 78 0.500000
34 83 0.500000
34 92 0.500000
34 94 0.500000
34 100 0.500000
34 107 0.500000
34 108 0.500000
34 111 0.500000
34 129 0.500000
34 138 0.500000
35 36 0.500000
35 38 0.500000
35 40 0.500000
35 45 0.500000
35 48 0.500000
35 55 0.500000
35 58 0.500000
35 69 0.500000
35 71 0.500000
35 77 0.500000
35 79 0.500000
35 80 0.500000
35 84 0.500000
35 90 0.500000
35 91 0.500000
35 92 0.500000
35 93 0.500000
35 94 0.500000
35 98 0.500000
35 102 0.500000
35 111 0.500000
35 113 0.500000
35 139 0.500000
36 39 0.500000
36 46 0.500000
36 50 0.500000
36 51 0.500000
36 52 0.500000
36 56 0.500000
36 59 0.500000
36 60 0.500000
36 70 0.500000
36 71 0.500000
36 72 0.500000
36 75 0.500000
36 84 0.500000
36 86 0.500000
36 87 0.500000
36 97 0.500000
36 98 0.500000
36 100 0.500000
36 101 0.500000
36 109 0.500000
36 112 0.500000
36 113 0.500000
36 114 0.500000
36 115 0.500000
36 117 0.500000
36 121 0.500000
36 122 0.500000
36 129 0.500000
36 134 0.500000
36 138 0.500000
37 38 0.500000
37 39 0.500000
37 40 0.500000
37 49 0.500000
37 53 0.500000
37 56 0.500000
37 64 0.500000
37 67 0.500000
37 79 0.500000
37 83 0.500000
37 84 0.500000
37 91 0.500000
37 92 0.500000
37 107 0.500000
37 108 0.500000
37 115 0.500000
37 118 0.500000
37 119 0.500000
37 120 0.500000
37 122 0.500000
37 126 0.500000
37 128 0.500000
37 131 0.500000
37 134 0.500000
37 136 0.500000
37 137 0.500000
37 139 0.500000
38 43 0.500000
38 44 0.500000
38 45 0.500000
38 47 0.500000
38 48 0.500000
38 50 0.500000
38 51 0.500000
38 63 0.500000
38 68 0.500000
38 70 0.500000
38 71 0.500000
38 73 0.500000
38 78 0.500000
38 84 0.500000
38 85 0.500000
38 86 0.500000
38 88 0.500000
38 89 0.500000
38 94 0.500000
38 95 0.500000
38 97 0.500000
38 98 0.500000
38 100 0.500000
38 106 0.500000
38 115 0.500000
38 116 0.500000
38 117 0.500000
38 122 0.500000
38 123 0.500000
38 132 0.500000
38 136 0.500000
39 40 0.500000
39 43 0.500000
39 49 0.500000
39 51 0.500000
39 58 0.500000
39 61 0.500000
39 64 0.500000
39 76 0.500000
39 78 0.500000
39 80 0.500000
39 81 0.500000
39 82 0.500000
39 86 0.500000
39 87 0.500000
39 88 0.500000
39 94 0.500000
39 97 0.500000
39 98 0.500000
39 107 0.500000
39 110 0.500000
39 112 0.500000
39 114 0.500000
39 116 0.500000
39 118 0.500000
39 122 0.500000
39 123 0.500000
39 125 0.500000
39 127 0.500000
39 136 0.500000
39 138 0.500000
39 139 0.500000
39 140 0.500000
40 42 0.500000
40 52 0.500000
40 57 0.500000
40 58 0.500000
40 59 0.500000
40 62 0.500000
40 63 0.500000
40 67 0.500000
40 69 0.500000
40 70 0.500000
40 73 0.500000
40 75 0.500000
40 77 0.500000
40 87 0.500000
40 96 0.500000
40 106 0.500000
40 110 0.500000
40 114 0.500000
40 117 0.500000
40 118 0.500000
40 123 0.500000
40 128 0.500000
40 130 0.500000
40 135 0.500000
40 136 0.500000
41 56 0.500000
41 58 0.500000
41 60 0.500000
41 67 0.500000
41 77 0.500000
41 78 0.500000
41 81 0.500000
41 83 0.500000
41 85 0.500000
41 89 0.500000
41 90 0.500000
41 93 0.500000
41 94 0.500000
41 95 0.500000
41 96 0.500000
41 97 0.500000
41 98 0.500000
41 102 0.500000
41 105 0.500000
41 108 0.500000
41 113 0.500000
41 119 0.500000
41 120 0.500000
41 123 0.500000
41 124 0.500000
41 133 0.500000
41 136 0.500000
41 138 0.500000
41 140 0.500000
42 44 0.500000
42 51 0.500000
42 58 0.500000
42 62 0.500000
42 63 0.500000
42 64 0.500000
42 65 0.500000
42 66 0.500000
42 68 0.500000
42 69 0.500000
42 74 0.500000
42 77 0.500000
42 78 0.500000
42 82 0.500000
42 83 0.500000
42 88 0.500000
42 91 0.500000
42 94 0.500000
42 96 0.500000
42 101 0.500000
42 102 0.500000
42 106 0.500000
42 107 0.500000
42 108 0.500000
42 110 0.500000
42 112 0.500000
42 113 0.500000
42 114 0.500000
42 119 0.500000
42 123 0.500000
42 124 0.500000
42 125 0.500000
42 130 0.500000
42 131 0.500000
42 133 0.500000
42 135 0.500000
43 45 0.500000
43 52 0.500000
43 53 0.500000
43 55 0.500000
43 59 0.500000
43 73 0.500000
43 75 0.500000
43 80 0.500000
43 83 0.500000
43 90 0.500000
43 94 0.500000
43 99 0.500000
43 111 0.500000
43 115 0.500000
43 121 0.500000
43 134 0.500000
43 137 0.500000
44 46 0.500000
44 47 0.500000
44 56 0.500000
44 57 0.500000
44 67 0.500000
44 69 0.500000
44 73 0.500000
44 75 0.500000
44 82 0.500000
44 85 0.500000
44 87 0.500000
44 88 0.500000
44 100 0.500000
44 101 0.500000
44 104 0.500000
44 107 0.500000
44 112 0.500000
44 117 0.500000
44 124 0.500000
45 48 0.500000
45 50 0.500000
45 52 0.500000
45 61 0.500000
45 69 0.500000
45 86 0.500000
45 89 0.500000
45 92 0.500000
45 93 0.500000
45 94 0.500000
45 96 0.500000
45 97 0.500000
45 98 0.500000
45 102 0.500000
45 104 0.500000
45 116 0.500000
45 118 0.500000
45 120 0.500000
45 124 0.500000
45 125 0.500000
45 126 0.500000
45 127 0.500000
45 131 0.500000
45 136 0.500000
45 137 0.500000
46 52 0.500000
46 56 0.500000
46 60 0.500000
46 70 0.500000
46 75 0.500000
46 84 0.500000
46 92 0.500000
46 94 0.500000
46 95 0.500000
46 97 0.500000
46 107 0.500000
46 108 0.500000
46 109 0.500000
46 113 0.500000
46 115 0.500000
46 116 0.500000
46 117 0.500000
46 119 0.500000
46 120 0.500000
46 122 0.500000
46 134 0.500000
46 137 0.500000
46 140 0.500000
47 52 0.500000
47 56 0.500000
47 61 0.500000
47 62 0.500000
47 64 0.500000
47 73 0.500000
47 76 0.500000
47 85 0.500000
47 88 0.500000
47 103 0.500000
47 112 0.500000
47 124 0.500000
47 126 0.500000
47 127 0.500000
47 131 0.500000
47 133 0.500000
47 135 0.500000
47 136 0.500000
47 139 0.500000
48 51 0.500000
48 57 0.500000
48 63 0.500000
48 64 0.500000
48 66 0.500000
48 74 0.500000
48 84 0.500000
48 90 0.500000
48 92 0.500000
48 95 0.500000
48 96 0.500000
48 100 0.500000
48 110 0.500000
48 112 0.500000
48 115 0.500000
48 116 0.500000
48 117 0.500000
48 119 0.500000
48 120 0.500000
48 129 0.500000
48 132 0.500000
48 133 0.500000
48 136 0.500000
48 139 0.500000
49 54 0.500000
49 58 0.500000
49 66 0.500000
49 69 0.500000
49 72 0.500000
49 74 0.500000
49 78 0.500000
49 79 0.500000
49 81 0.500000
49 82 0.500000
49 96 0.500000
49 98 0.500000
49 105 0.500000
49 110 0.500000
49 115 0.500000
49 120 0.500000
49 123 0.500000
49 131 0.500000
49 133 0.500000
49 134 0.500000
49 135 0.500000
49 140 0.500000
50 59 0.500000
50 61 0.500000
50 62 0.500000
50 66 0.500000
50 67 0.500000
50 73 0.500000
50 76 0.500000
50 77 0.500000
50 78 0.500000
50 79 0.500000
50 82 0.500000
50 88 0.500000
50 90 0.500000
50 91 0.500000
50 92 0.500000
50 93 0.500000
50 95 0.500000
50 102 0.500000
50 105 0.500000
50 112 0.500000
50 115 0.500000
50 118 0.500000
50 119 0.500000
50 125 0.500000
50 126 0.500000
50 130 0.500000
50 135 0.500000
50 137 0.500000
50 138 0.500000
51 52 0.500000
51 54 0.500000
51 60 0.500000
51 63 0.500000
51 88 0.500000
51 89 0.500000
51 98 0.500000
51 100 0.500000
51 102 0.500000
51 107 0.500000
51 112 0.500000
51 117 0.500000
51 133 0.500000
51 140 0.500000
52 53 0.500000
52 57 0.500000
52 58 0.500000
52 59 0.500000
52 61 0.500000
52 65 0.500000
52 66 0.500000
52 67 0.500000
52 69 0.500000
52 70 0.500000
52 77 0.500000
52 79 0.500000
52 82 0.500000
52 83 0.500000
52 86 0.500000
52 96 0.500000
52 98 0.500000
52 104 0.500000
52 112 0.500000
52 113 0.500000
52 114 0.500000
52 115 0.500000
52 118 0.500000
52 119 0.500000
52 120 0.500000
52 121 0.500000
52 122 0.500000
52 127 0.500000
52 133 0.500000
53 56 0.500000
53 58 0.500000
53 60 0.500000
53 62 0.500000
53 64 0.500000
53 66 0.500000
53 69 0.500000
53 71 0.500000
53 74 0.500000
53 76 0.500000
53 81 0.500000
53 82 0.500000
53 91 0.500000
53 98 0.500000
53 102 0.500000
53 108 0.500000
53 110 0.500000
53 115 0.500000
53 120 0.500000
53 127 0.500000
53 128 0.500000
53 139 0.500000
54 58 0.500000
54 62 0.500000
54 76 0.500000
54 77 0.500000
54 78 0.500000
54 79 0.500000
54 81 0.500000
54 86 0.500000
54 92 0.500000
54 93 0.500000
54 95 0.500000
54 97 0.500000
54 99 0.500000
54 111 0.500000
54 116 0.500000
54 121 0.500000
54 127 0.500000
54 131 0.500000
54 135 0.500000
55 57 0.500000
55 59 0.500000
55 62 0.500000
55 64 0.500000
55 69 0.500000
55 70 0.500000
55 84 0.500000
55 91 0.500000
55 92 0.500000
55 94 0.500000
55 95 0.500000
55 109 0.500000
55 113 0.500000
55 119 0.500000
55 121 0.500000
55 122 0.500000
55 123 0.500000
55 130 0.500000
55 132 0.500000
55 136 0.500000
56 68 0.500000
56 69 0.500000
56 73 0.500000
56 81 0.500000
56 93 0.500000
56 96 0.500000
56 97 0.500000
56 99 0.500000
56 101 0.500000
56 105 0.500000
56 111 0.500000
56 117 0.500000
56 119 0.500000
56 122 0.500000
56 127 0.500000
56 129 0.500000
56 134 0.500000
56 140 0.500000
57 58 0.500000
57 65 0.500000
57 66 0.500000
57 71 0.500000
57 72 0.500000
57 73 0.500000
57 89 0.500000
57 91 0.500000
57 98 0.500000
57 99 0.500000
57 100 0.500000
57 108 0.500000
57 109 0.500000
57 110 0.500000
57 111 0.500000
57 123 0.500000
57 127 0.500000
57 134 0.500000
57 137 0.500000
58 60 0.500000
58 62 0.500000
58 65 0.500000
58 66 0.500000
58 71 0.500000
58 90 0.500000
58 91 0.500000
58 97 0.500000
58 101 0.500000
58 104 0.500000
58 111 0.500000
58 114 0.500000
58 120 0.500000
58 123 0.500000
58 133 0.500000
58 134 0.500000
59 60 0.500000
59 63 0.500000
59 66 0.500000
59 71 0.500000
59 76 0.500000
59 86 0.500000
59 90 0.500000
59 100 0.500000
59 105 0.500000
59 106 0.500000
59 114 0.500000
59 119 0.500000
59 121 0.500000
59 127 0.500000
59 128 0.500000
59 133 0.500000
59 136 0.500000
59 140 0.500000
60 62 0.500000
60 64 0.500000
60 70 0.500000
60 77 0.500000
60 84 0.500000
60 88 0.500000
60 92 0.500000
60 95 0.500000
60 96 0.500000
60 110 0.500000
60 114 0.500000
60 120 0.500000
60 123 0.500000
60 124 0.500000
60 125 0.500000
60 136 0.500000
60 138 0.500000
61 70 0.500000
61 73 0.500000
61 78 0.500000
61 84 0.500000
61 97 0.500000
61 103 0.500000
61 105 0.500000
61 106 0.500000
61 112 0.500000
61 117 0.500000
61 121 0.500000
61 123 0.500000
61 126 0.500000
61 130 0.500000
62 67 0.500000
62 68 0.500000
62 78 0.500000
62 89 0.500000
62 93 0.500000
62 97 0.500000
62 102 0.500000
62 103 0.500000
62 104 0.500000
62 107 0.500000
62 108 0.500000
62 111 0.500000
62 114 0.500000
62 118 0.500000
62 120 0.500000
62 123 0.500000
62 124 0.500000
62 129 0.500000
62 130 0.500000
62 131 0.500000
62 132 0.500000
63 65 0.500000
63 66 0.500000
63 70 0.500000
63 72 0.500000
63 76 0.500000
63 78 0.500000
63 80 0.500000
63 84 0.500000
63 88 0.500000
63 106 0.500000
63 110 0.500000
63 114 0.500000
63 120 0.500000
63 124 0.500000
63 126 0.500000
63 127 0.500000
63 133 0.500000
63 135 0.500000
63 138 0.500000
63 139 0.500000
63 140 0.500000
64 65 0.500000
64 67 0.500000
64 75 0.500000
64 76 0.500000
64 82 0.500000
64 84 0.500000
64 87 0.500000
64 92 0.500000
64 99 0.500000
64 104 0.500000
64 110 0.500000
64 113 0.500000
64 114 0.500000
64 120 0.500000
64 133 0.500000
64 137 0.500000
64 138 0.500000
65 66 0.500000
65 68 0.500000
65 70 0.500000
65 76 0.500000
65 77 0.500000
65 88 0.500000
65 89 0.500000
65 90 0.500000
65 92 0.500000
65 93 0.500000
65 94 0.500000
65 97 0.500000
65 98 0.500000
65 107 0.500000
65 108 0.500000
65 114 0.500000
65 115 0.500000
65 120 0.500000
65 121 0.500000
65 129 0.500000
65 130 0.500000
65 132 0.500000
65 133 0.500000
65 140 0.500000
66 69 0.500000
66 73 0.500000
66 82 0.500000
66 85 0.500000
66 92 0.500000
66 95 0.500000
66 96 0.500000
66 98 0.500000
66 99 0.500000
66 100 0.500000
66 105 0.500000
66 111 0.500000
66 112 0.500000
66 113 0.500000
66 124 0.500000
66 126 0.500000
66 131 0.500000
66 135 0.500000
66 138 0.500000
66 140 0.500000
67 77 0.500000
67 81 0.500000
67 83 0.500000
67 85 0.500000
67 87 0.500000
67 89 0.500000
67 90 0.500000
67 93 0.500000
67 95 0.500000
67 96 0.500000
67 97 0.500000
67 100 0.500000
67 102 0.500000
67 103 0.500000
67 105 0.500000
67 108 0.500000
67 113 0.500000
67 115 0.500000
67 122 0.500000
67 123 0.500000
67 125 0.500000
67 132 0.500000
67 140 0.500000
68 72 0.500000
68 78 0.500000
68 88 0.500000
68 89 0.500000
68 91 0.500000
68 96 0.500000
68 101 0.500000
68 108 0.500000
68 111 0.500000
68 114 0.500000
68 119 0.500000
68 130 0.500000
69 71 0.500000
69 77 0.500000
69 78 0.500000
69 84 0.500000
69 86 0.500000
69 94 0.500000
69 96 0.500000
69 98 0.500000
69 108 0.500000
69 109 0.500000
69 114 0.500000
69 116 0.500000
69 120 0.500000
69 121 0.500000
69 125 0.500000
69 126 0.500000
69 129 0.500000
69 133 0.500000
69 138 0.500000
70 75 0.500000
70 79 0.500000
70 80 0.500000
70 83 0.500000
70 86 0.500000
70 95 0.500000
70 96 0.500000
70 98 0.500000
70 100 0.500000
70 103 0.500000
70 115 0.500000
70 126 0.500000
70 128 0.500000
70 137 0.500000
70 140 0.500000
71 86 0.500000
71 88 0.500000
71 89 0.500000
71 94 0.500000
71 98 0.500000
71 101 0.500000
71 104 0.500000
71 111 0.500000
71 126 0.500000
71 133 0.500000
71 134 0.500000
71 135 0.500000
71 138 0.500000
71 140 0.500000
72 74 0.500000
72 78 0.500000
72 80 0.500000
72 82 0.500000
72 85 0.500000
72 96 0.500000
72 100 0.500000
72 102 0.500000
72 103 0.500000
72 104 0.500000
72 106 0.500000
72 115 0.500000
72 120 0.500000
72 121 0.500000
72 125 0.500000
72 128 0.500000
72 133 0.500000
72 136 0.500000
72 137 0.500000
72 140 0.500000
73 76 0.500000
73 81 0.500000
73 85 0.500000
73 90 0.500000
73 99 0.500000
73 106 0.500000
73 109 0.500000
73 114 0.500000
73 116 0.500000
73 117 0.500000
73 118 0.500000
73 125 0.500000
73 126 0.500000
73 127 0.500000
73 129 0.500000
73 131 0.500000
73 138 0.500000
74 75 0.500000
74 78 0.500000
74 79 0.500000
74 82 0.500000
74 86 0.500000
74 87 0.500000
74 88 0.500000
74 92 0.500000
74 95 0.500000
74 103 0.500000
74 106 0.500000
74 109 0.500000
74 110 0.500000
74 114 0.500000
74 115 0.500000
74 122 0.500000
74 123 0.500000
74 126 0.500000
74 128 0.500000
74 132 0.500000
74 133 0.500000
74 135 0.500000
74 137 0.500000
74 140 0.500000
75 82 0.500000
75 86 0.500000
75 87 0.500000
75 92 0.500000
75 94 0.500000
75 96 0.500000
75 99 0.500000
75 110 0.500000
75 114 0.500000
75 115 0.500000
75 123 0.500000
75 128 0.500000
75 134 0.500000
75 138 0.500000
76 78 0.500000
76 81 0.500000
76 83 0.500000
76 87 0.500000
76 88 0.500000
76 89 0.500000
76 91 0.500000
76 96 0.500000
76 98 0.500000
76 99 0.500000
76 108 0.500000
76 110 0.500000
76 111 0.500000
76 113 0.500000
76 114 0.500000
76 115 0.500000
76 116 0.500000
76 123 0.500000
76 126 0.500000
76 133 0.500000
76 136 0.500000
77 78 0.500000
77 81 0.500000
77 84 0.500000
77 87 0.500000
77 90 0.500000
77 94 0.500000
77 104 0.500000
77 106 0.500000
77 108 0.500000
77 111 0.500000
77 112 0.500000
77 118 0.500000
77 120 0.500000
77 122 0.500000
77 124 0.500000
77 126 0.500000
77 129 0.500000
77 135 0.500000
77 139 0.500000
78 88 0.500000
78 93 0.500000
78 101 0.500000
78 103 0.500000
78 113 0.500000
78 114 0.500000
78 119 0.500000
78 123 0.500000
78 124 0.500000
78 126 0.500000
78 129 0.500000
78 130 0.500000
78 137 0.500000
78 138 0.500000
78 139 0.500000
79 86 0.500000
79 90 0.500000
79 95 0.500000
79 97 0.500000
79 98 0.500000
79 101 0.500000
79 102 0.500000
79 108 0.500000
79 110 0.500000
79 115 0.500000
79 126 0.500000
79 129 0.500000
79 131 0.500000
79 135 0.500000
79 138 0.500000
79 139 0.500000
80 83 0.500000
80 86 0.500000
80 87 0.500000
80 92 0.500000
80 95 0.500000
80 101 0.500000
80 105 0.500000
80 108 0.500000
80 111 0.500000
80 112 0.500000
80 113 0.500000
80 114 0.500000
80 120 0.500000
80 122 0.500000
80 125 0.500000
80 132 0.500000
80 133 0.500000
80 134 0.500000
80 135 0.500000
80 140 0.500000
81 82 0.500000
81 86 0.500000
81 88 0.500000
81 91 0.500000
81 100 0.500000
81 109 0.500000
81 111 0.500000
81 112 0.500000
81 126 0.500000
81 127 0.500000
81 138 0.500000
81 140 0.500000
82 88 0.500000
82 89 0.500000
82 90 0.500000
82 103 0.500000
82 107 0.500000
82 120 0.500000
82 124 0.500000
82 125 0.500000
82 128 0.500000
82 129 0.500000
82 137 0.500000
83 85 0.500000
83 89 0.500000
83 92 0.500000
83 97 0.500000
83 100 0.500000
83 101 0.500000
83 105 0.500000
83 109 0.500000
83 114 0.500000
83 116 0.500000
83 120 0.500000
83 122 0.500000
83 124 0.500000
83 129 0.500000
83 130 0.500000
83 133 0.500000
83 140 0.500000
84 88 0.500000
84 89 0.500000
84 94 0.500000
84 95 0.500000
84 102 0.500000
84 104 0.500000
84 109 0.500000
84 112 0.500000
84 117 0.500000
84 118 0.500000
84 121 0.500000
84 123 0.500000
84 124 0.500000
84 125 0.500000
84 129 0.500000
84 130 0.500000
84 133 0.500000
84 135 0.500000
84 139 0.500000
85 86 0.500000
85 87 0.500000
85 90 0.500000
85 91 0.500000
85 93 0.500000
85 95 0.500000
85 99 0.500000
85 117 0.500000
85 118 0.500000
85 121 0.500000
85 122 0.500000
85 127 0.500000
85 134 0.500000
85 135 0.500000
85 137 0.500000
86 88 0.500000
86 89 0.500000
86 94 0.500000
86 104 0.500000
86 137 0.500000
86 139 0.500000
87 88 0.500000
87 92 0.500000
87 94 0.500000
87 99 0.500000
87 107 0.500000
87 108 0.500000
87 114 0.500000
87 126 0.500000
87 132 0.500000
87 133 0.500000
87 135 0.500000
87 138 0.500000
87 140 0.500000
88 92 0.500000
88 93 0.500000
88 101 0.500000
88 106 0.500000
88 113 0.500000
88 114 0.500000
88 125 0.500000
88 136 0.500000
88 139 0.500000
89 94 0.500000
89 95 0.500000
89 97 0.500000
89 99 0.500000
89 101 0.500000
89 102 0.500000
89 103 0.500000
89 105 0.500000
89 118 0.500000
89 123 0.500000
89 124 0.500000
89 125 0.500000
89 133 0.500000
89 138 0.500000
89 140 0.500000
90 91 0.500000
90 93 0.500000
90 96 0.500000
90 99 0.500000
90 106 0.500000
90 108 0.500000
90 111 0.500000
90 117 0.500000
90 120 0.500000
90 121 0.500000
90 128 0.500000
90 130 0.500000
90 132 0.500000
90 137 0.500000
90 139 0.500000
91 96 0.500000
91 97 0.500000
91 99 0.500000
91 101 0.500000
91 111 0.500000
91 113 0.500000
91 114 0.500000
91 119 0.500000
91 120 0.500000
91 122 0.500000
91 124 0.500000
91 125 0.500000
91 135 0.500000
91 137 0.500000
91 139 0.500000
92 93 0.500000
92 94 0.500000
92 99 0.500000
92 103 0.500000
92 106 0.500000
92 110 0.500000
92 113 0.500000
92 114 0.500000
92 115 0.500000
92 122 0.500000
92 129 0.500000
92 132 0.500000
93 99 0.500000
93 104 0.500000
93 108 0.500000
93 115 0.500000
93 119 0.500000
93 124 0.500000
93 126 0.500000
93 134 0.500000
93 138 0.500000
93 140 0.500000
94 95 0.500000
94 100 0.500000
94 102 0.500000
94 104 0.500000
94 107 0.500000
94 112 0.500000
94 115 0.500000
94 116 0.500000
94 122 0.500000
94 128 0.500000
95 100 0.500000
95 103 0.500000
95 105 0.500000
95 109 0.500000
95 110 0.500000
95 112 0.500000
95 117 0.500000
95 133 0.500000
95 138 0.500000
96 106 0.500000
96 111 0.500000
96 112 0.500000
96 117 0.500000
96 120 0.500000
96 121 0.500000
96 134 0.500000
96 136 0.500000
96 137 0.500000
97 104 0.500000
97 114 0.500000
97 116 0.500000
97 118 0.500000
97 119 0.500000
97 121 0.500000
97 129 0.500000
97 140 0.500000
98 108 0.500000
98 109 0.500000
98 116 0.500000
98 118 0.500000
98 120 0.500000
98 126 0.500000
98 128 0.500000
98 131 0.500000
98 134 0.500000
98 135 0.500000
98 138 0.500000
99 111 0.500000
99 112 0.500000
99 124 0.500000
99 127 0.500000
99 133 0.500000
99 137 0.500000
99 138 0.500000
99 140 0.500000
100 101 0.500000
100 105 0.500000
100 114 0.500000
100 115 0.500000
100 116 0.500000
100 117 0.500000
100 125 0.500000
100 126 0.500000
100 127 0.500000
100 132 0.500000
100 133 0.500000
100 138 0.500000
101 115 0.500000
101 120 0.500000
101 124 0.500000
101 125 0.500000
101 127 0.500000
101 129 0.500000
101 134 0.500000
101 139 0.500000
102 103 0.500000
102 104 0.500000
102 105 0.500000
102 108 0.500000
102 110 0.500000
102 117 0.500000
102 118 0.500000
102 119 0.500000
102 125 0.500000
102 131 0.500000
103 110 0.500000
103 113 0.500000
103 116 0.500000
103 119 0.500000
103 120 0.500000
103 133 0.500000
103 134 0.500000
103 137 0.500000
103 138 0.500000
104 106 0.500000
104 109 0.500000
104 122 0.500000
104 128 0.500000
104 133 0.500000
104 137 0.500000
104 140 0.500000
105 109 0.500000
105 117 0.500000
105 126 0.500000
105 128 0.500000
105 132 0.500000
105 133 0.500000
105 134 0.500000
105 135 0.500000
105 138 0.500000
105 139 0.500000
105 140 0.500000
106 107 0.500000
106 108 0.500000
106 111 0.500000
106 114 0.500000
106 126 0.500000
107 110 0.500000
107 131 0.500000
107 132 0.500000
108 113 0.500000
108 114 0.500000
108 116 0.500000
108 123 0.500000
108 128 0.500000
108 129 0.500000
108 130 0.500000
109 111 0.500000
109 112 0.500000
109 115 0.500000
109 120 0.500000
109 123 0.500000
109 126 0.500000
109 127 0.500000
109 138 0.500000
110 111 0.500000
110 112 0.500000
110 116 0.500000
110 122 0.500000
110 130 0.500000
110 131 0.500000
110 133 0.500000
110 134 0.500000
111 114 0.500000
111 115 0.500000
111 120 0.500000
111 123 0.500000
111 127 0.500000
111 129 0.500000
111 131 0.500000
111 139 0.500000
112 114 0.500000
112 116 0.500000
112 119 0.500000
112 120 0.500000
112 124 0.500000
112 127 0.500000
112 135 0.500000
112 136 0.500000
113 114 0.500000
113 115 0.500000
113 117 0.500000
113 118 0.500000
113 130 0.500000
113 132 0.500000
113 135 0.500000
113 137 0.500000
113 138 0.500000
113 139 0.500000
114 116 0.500000
114 117 0.500000
114 118 0.500000
114 122 0.500000
114 124 0.500000
114 126 0.500000
114 128 0.500000
114 134 0.500000
114 139 0.500000
115 118 0.500000
115 121 0.500000
115 127 0.500000
115 128 0.500000
115 131 0.500000
115 137 0.500000
115 138 0.500000
116 117 0.500000
116 126 0.500000
116 130 0.500000
116 132 0.500000
116 134 0.500000
116 137 0.500000
116 138 0.500000
116 139 0.500000
117 118 0.500000
117 119 0.500000
117 120 0.500000
117 126 0.500000
117 128 0.500000
117 130 0.500000
117 137 0.500000
118 123 0.500000
118 128 0.500000
118 130 0.500000
119 120 0.500000
119 121 0.500000
119 124 0.500000
119 135 0.500000
119 136 0.500000
119 137 0.500000
119 138 0.500000
119 140 0.500000
120 121 0.500000
120 126 0.500000
120 127 0.500000
120 133 0.500000
121 122 0.500000
121 123 0.500000
121 132 0.500000
121 137 0.500000
122 123 0.500000
122 126 0.500000
122 131 0.500000
122 136 0.500000
122 137 0.500000
123 124 0.500000
123 125 0.500000
123 130 0.500000
123 134 0.500000
123 135 0.500000
123 136 0.500000
123 138 0.500000
124 133 0.500000
124 135 0.500000
124 138 0.500000
125 129 0.500000
125 131 0.500000
125 134 0.500000
125 138 0.500000
125 139 0.500000
126 127 0.500000
126 128 0.500000
126 131 0.500000
126 133 0.500000
126 134 0.500000
126 140 0.500000
127 129 0.500000
127 132 0.500000
127 133 0.500000
127 140 0.500000
128 129 0.500000
128 131 0.500000
128 138 0.500000
129 133 0.500000
129 134 0.500000
129 135 0.500000
129 138 0.500000
130 131 0.500000
130 133 0.500000
130 134 0.500000
130 136 0.500000
130 137 0.500000
131 132 0.500000
131 135 0.500000
131 136 0.500000
131 140 0.500000
132 138 0.500000
133 134 0.500000
133 140 0.500000
134 136 0.500000
136 139 0.500000
136 140 0.500000
137 138 0.500000
138 140 0.500000
