140 105 4865
1 3 0.500000
1 4 0.500000
1 5 0.500000
1 6 0.500000
1 9 0.500000
1 12 0.500000
1 14 0.500000
1 17 0.500000
1 18 0.500000
1 19 0.500000
1 21 0.500000
1 22 0.500000
1 23 0.500000
1 24 0.500000
1 25 0.500000
1 28 0.500000
1 31 0.500000
1 34 0.500000
1 35 0.500000
1 36 0.500000
1 39 0.500000
1 40 0.500000
1 42 0.500000
1 45 0.500000
1 47 0.500000
1 48 0.500000
1 50 0.500000
1 52 0.500000
1 53 0.500000
1 54 0.500000
1 57 0.500000
1 58 0.500000
1 63 0.500000
1 65 0.500000
1 68 0.500000
1 71 0.500000
1 74 0.500000
1 75 0.500000
1 76 0.500000
1 77 0.500000
1 79 0.500000
1 81 0.500000
1 83 0.500000
1 85 0.500000
1 87 0.500000
1 88 0.500000
1 90 0.500000
1 92 0.500000
1 93 0.500000
1 94 0.500000
1 96 0.500000
1 97 0.500000
1 98 0.500000
1 100 0.500000
1 102 0.500000
1 105 0.500000
1 106 0.500000
1 107 0.500000
1 108 0.500000
1 110 0.500000
1 115 0.500000
1 116 0.500000
1 117 0.500000
1 118 0.500000
1 119 0.500000
1 122 0.500000
1 124 0.500000
1 125 0.500000
1 128 0.500000
1 132 0.500000
1 134 0.500000
1 135 0.500000
1 137 0.500000
1 140 0.500000
2 4 0.500000
2 6 0.500000
2 9 0.500000
2 11 0.500000
2 13 0.500000
2 16 0.500000
2 18 0.500000
2 20 0.500000
2 25 0.500000
2 28 0.500000
2 29 0.500000
2 31 0.500000
2 32 0.500000
2 35 0.500000
2 37 0.500000
2 41 0.500000
2 43 0.500000
2 44 0.500000
2 45 0.500000
2 51 0.500000
2 52 0.500000
2 54 0.500000
2 55 0.500000
2 63 0.500000
2 65 0.500000
2 68 0.500000
2 72 0.500000
2 75 0.500000
2 77 0.500000
2 79 0.500000
2 80 0.500000
2 82 0.500000
2 85 0.500000
2 87 0.500000
2 88 0.500000
2 90 0.500000
2 91 0.500000
2 95 0.500000
2 96 0.500000
2 97 0.500000
2 98 0.500000
2 100 0.500000
2 101 0.500000
2 104 0.500000
2 106 0.500000
2 107 0.500000
2 114 0.500000
2 115 0.500000
2 116 0.500000
2 118 0.500000
2 120 0.500000
2 121 0.500000
2 122 0.500000
2 123 0.500000
2 125 0.500000
2 126 0.500000
2 127 0.500000
2 128 0.500000
2 130 0.500000
2 131 0.500000
2 134 0.500000
2 135 0.500000
2 136 0.500000
2 137 0.500000
2 139 0.500000
2 140 0.500000
3 9 0.500000
3 10 0.500000
3 12 0.500000
3 13 0.500000
3 15 0.500000
3 16 0.500000
3 17 0.500000
3 18 0.500000
3 19 0.500000
3 22 0.500000
3 23 0.500000
3 24 0.500000
3 27 0.500000
3 29 0.500000
3 31 0.500000
3 32 0.500000
3 35 0.500000
3 36 0.500000
3 37 0.500000
3 38 0.500000
3 39 0.500000
3 41 0.500000
3 45 0.500000
3 47 0.500000
3 53 0.500000
3 55 0.500000
3 56 0.500000
3 57 0.500000
3 58 0.500000
3 59 0.500000
3 60 0.500000
3 61 0.500000
3 63 0.500000
3 64 0.500000
3 67 0.500000
3 68 0.500000
3 70 0.500000
3 74 0.500000
3 75 0.500000
3 76 0.500000
3 77 0.500000
3 80 0.500000
3 82 0.500000
3 83 0.500000
3 86 0.500000
3 87 0.500000
3 88 0.500000
3 89 0.500000
3 93 0.500000
3 95 0.500000
3 97 0.500000
3 98 0.500000
3 99 0.500000
3 101 0.500000
3 102 0.500000
3 103 0.500000
3 104 0.500000
3 107 0.500000
3 108 0.500000
3 110 0.500000
3 112 0.500000
3 115 0.500000
3 118 0.500000
3 121 0.500000
3 125 0.500000
3 127 0.500000
3 128 0.500000
3 129 0.500000
3 131 0.500000
3 132 0.500000
3 138 0.500000
3 139 0.500000
4 6 0.500000
4 7 0.500000
4 9 0.500000
4 13 0.500000
4 16 0.500000
4 18 0.500000
4 22 0.500000
4 23 0.500000
4 27 0.500000
4 28 0.500000
4 30 0.500000
4 32 0.500000
4 34 0.500000
4 35 0.500000
4 36 0.500000
4 37 0.500000
4 40 0.500000
4 41 0.500000
4 44 0.500000
4 45 0.500000
4 46 0.500000
4 48 0.500000
4 50 0.500000
4 51 0.500000
4 52 0.500000
4 55 0.500000
4 56 0.500000
4 57 0.500000
4 60 0.500000
4 63 0.500000
4 65 0.500000
4 68 0.500000
4 69 0.500000
4 71 0.500000
4 72 0.500000
4 73 0.500000
4 74 0.500000
4 78 0.500000
4 79 0.500000
4 80 0.500000
4 82 0.500000
4 83 0.500000
4 84 0.500000
4 85 0.500000
4 86 0.500000
4 91 0.500000
4 92 0.500000
4 95 0.500000
4 96 0.500000
4 97 0.500000
4 98 0.500000
4 99 0.500000
4 100 0.500000
4 103 0.500000
4 104 0.500000
4 108 0.500000
4 110 0.500000
4 111 0.500000
4 112 0.500000
4 115 0.500000
4 117 0.500000
4 118 0.500000
4 121 0.500000
4 122 0.500000
4 123 0.500000
4 125 0.500000
4 126 0.500000
4 131 0.500000
4 133 0.500000
4 134 0.500000
4 135 0.500000
4 136 0.500000
4 139 0.500000
5 6 0.500000
5 7 0.500000
5 11 0.500000
5 13 0.500000
5 15 0.500000
5 17 0.500000
5 18 0.500000
5 20 0.500000
5 23 0.500000
5 24 0.500000
5 25 0.500000
5 27 0.500000
5 28 0.500000
5 29 0.500000
5 30 0.500000
5 34 0.500000
5 36 0.500000
5 39 0.500000
5 43 0.500000
5 46 0.500000
5 48 0.500000
5 49 0.500000
5 50 0.500000
5 51 0.500000
5 52 0.500000
5 53 0.500000
5 55 0.500000
5 56 0.500000
5 59 0.500000
5 60 0.500000
5 61 0.500000
5 62 0.500000
5 63 0.500000
5 64 0.500000
5 65 0.500000
5 69 0.500000
5 72 0.500000
5 80 0.500000
5 81 0.500000
5 83 0.500000
5 84 0.500000
5 86 0.500000
5 93 0.500000
5 94 0.500000
5 97 0.500000
5 99 0.500000
5 100 0.500000
5 101 0.500000
5 104 0.500000
5 107 0.500000
5 108 0.500000
5 110 0.500000
5 115 0.500000
5 116 0.500000
5 118 0.500000
5 120 0.500000
5 122 0.500000
5 123 0.500000
5 128 0.500000
5 136 0.500000
5 137 0.500000
5 139 0.500000
5 140 0.500000
6 7 0.500000
6 8 0.500000
6 9 0.500000
6 10 0.500000
6 11 0.500000
6 13 0.500000
6 14 0.500000
6 17 0.500000
6 18 0.500000
6 19 0.500000
6 22 0.500000
6 25 0.500000
6 26 0.500000
6 28 0.500000
6 31 0.500000
6 38 0.500000
6 39 0.500000
6 41 0.500000
6 45 0.500000
6 54 0.500000
6 55 0.500000
6 58 0.500000
6 60 0.500000
6 63 0.500000
6 64 0.500000
6 66 0.500000
6 68 0.500000
6 70 0.500000
6 72 0.500000
6 73 0.500000
6 74 0.500000
6 76 0.500000
6 77 0.500000
6 85 0.500000
6 86 0.500000
6 87 0.500000
6 90 0.500000
6 91 0.500000
6 92 0.500000
6 93 0.500000
6 98 0.500000
6 101 0.500000
6 104 0.500000
6 106 0.500000
6 109 0.500000
6 110 0.500000
6 111 0.500000
6 114 0.500000
6 115 0.500000
6 116 0.500000
6 117 0.500000
6 120 0.500000
6 121 0.500000
6 122 0.500000
6 123 0.500000
6 124 0.500000
6 125 0.500000
6 127 0.500000
6 131 0.500000
6 133 0.500000
6 136 0.500000
6 137 0.500000
6 138 0.500000
6 139 0.500000
6 140 0.500000
7 8 0.500000
7 9 0.500000
7 11 0.500000
7 15 0.500000
7 16 0.500000
7 17 0.500000
7 19 0.500000
7 20 0.500000
7 22 0.500000
7 23 0.500000
7 24 0.500000
7 26 0.500000
7 27 0.500000
7 28 0.500000
7 29 0.500000
7 33 0.500000
7 34 0.500000
7 35 0.500000
7 38 0.500000
7 39 0.500000
7 41 0.500000
7 42 0.500000
7 44 0.500000
7 45 0.500000
7 50 0.500000
7 51 0.500000
7 52 0.500000
7 54 0.500000
7 55 0.500000
7 59 0.500000
7 61 0.500000
7 62 0.500000
7 63 0.500000
7 64 0.500000
7 65 0.500000
7 67 0.500000
7 68 0.500000
7 70 0.500000
7 71 0.500000
7 73 0.500000
7 74 0.500000
7 75 0.500000
7 80 0.500000
7 81 0.500000
7 85 0.500000
7 87 0.500000
7 90 0.500000
7 92 0.500000
7 97 0.500000
7 99 0.500000
7 100 0.500000
7 105 0.500000
7 107 0.500000
7 110 0.500000
7 114 0.500000
7 116 0.500000
7 118 0.500000
7 120 0.500000
7 125 0.500000
7 127 0.500000
7 128 0.500000
7 129 0.500000
7 130 0.500000
7 131 0.500000
7 132 0.500000
7 133 0.500000
7 134 0.500000
7 139 0.500000
8 9 0.500000
8 13 0.500000
8 16 0.500000
8 18 0.500000
8 20 0.500000
8 21 0.500000
8 22 0.500000
8 24 0.500000
8 25 0.500000
8 26 0.500000
8 33 0.500000
8 34 0.500000
8 36 0.500000
8 38 0.500000
8 39 0.500000
8 41 0.500000
8 42 0.500000
8 43 0.500000
8 45 0.500000
8 46 0.500000
8 52 0.500000
8 53 0.500000
8 56 0.500000
8 58 0.500000
8 62 0.500000
8 63 0.500000
8 65 0.500000
8 70 0.500000
8 71 0.500000
8 73 0.500000
8 76 0.500000
8 77 0.500000
8 79 0.500000
8 80 0.500000
8 81 0.500000
8 82 0.500000
8 83 0.500000
8 86 0.500000
8 88 0.500000
8 89 0.500000
8 92 0.500000
8 93 0.500000
8 94 0.500000
8 95 0.500000
8 96 0.500000
8 97 0.500000
8 98 0.500000
8 100 0.500000
8 101 0.500000
8 102 0.500000
8 104 0.500000
8 105 0.500000
8 107 0.500000
8 110 0.500000
8 111 0.500000
8 117 0.500000
8 118 0.500000
8 119 0.500000
8 129 0.500000
8 131 0.500000
8 132 0.500000
8 135 0.500000
8 137 0.500000
8 138 0.500000
9 10 0.500000
9 13 0.500000
9 14 0.500000
9 15 0.500000
9 16 0.500000
9 20 0.500000
9 21 0.500000
9 25 0.500000
9 26 0.500000
9 27 0.500000
9 29 0.500000
9 30 0.500000
9 31 0.500000
9 32 0.500000
9 33 0.500000
9 37 0.500000
9 38 0.500000
9 39 0.500000
9 43 0.500000
9 45 0.500000
9 47 0.500000
9 48 0.500000
9 51 0.500000
9 52 0.500000
9 53 0.500000
9 57 0.500000
9 60 0.500000
9 61 0.500000
9 63 0.500000
9 65 0.500000
9 67 0.500000
9 69 0.500000
9 70 0.500000
9 71 0.500000
9 72 0.500000
9 76 0.500000
9 77 0.500000
9 83 0.500000
9 84 0.500000
9 85 0.500000
9 88 0.500000
9 89 0.500000
9 90 0.500000
9 91 0.500000
9 94 0.500000
9 95 0.500000
9 96 0.500000
9 97 0.500000
9 99 0.500000
9 104 0.500000
9 107 0.500000
9 109 0.500000
9 110 0.500000
9 111 0.500000
9 113 0.500000
9 115 0.500000
9 116 0.500000
9 117 0.500000
9 118 0.500000
9 125 0.500000
9 126 0.500000
9 127 0.500000
9 129 0.500000
9 131 0.500000
9 140 0.500000
10 11 0.500000
10 19 0.500000
10 22 0.500000
10 23 0.500000
10 25 0.500000
10 26 0.500000
10 28 0.500000
10 29 0.500000
10 31 0.500000
10 32 0.500000
10 34 0.500000
10 36 0.500000
10 38 0.500000
10 41 0.500000
10 42 0.500000
10 45 0.500000
10 48 0.500000
10 50 0.500000
10 53 0.500000
10 54 0.500000
10 55 0.500000
10 56 0.500000
10 57 0.500000
10 59 0.500000
10 60 0.500000
10 62 0.500000
10 63 0.500000
10 65 0.500000
10 66 0.500000
10 67 0.500000
10 70 0.500000
10 73 0.500000
10 77 0.500000
10 79 0.500000
10 82 0.500000
10 83 0.500000
10 86 0.500000
10 89 0.500000
10 94 0.500000
10 95 0.500000
10 96 0.500000
10 97 0.500000
10 98 0.500000
10 100 0.500000
10 102 0.500000
10 103 0.500000
10 105 0.500000
10 106 0.500000
10 107 0.500000
10 111 0.500000
10 114 0.500000
10 118 0.500000
10 121 0.500000
10 123 0.500000
10 125 0.500000
10 126 0.500000
10 129 0.500000
10 131 0.500000
10 132 0.500000
10 133 0.500000
10 134 0.500000
10 136 0.500000
10 137 0.500000
10 138 0.500000
10 140 0.500000
11 12 0.500000
11 13 0.500000
11 14 0.500000
11 17 0.500000
11 19 0.500000
11 20 0.500000
11 23 0.500000
11 24 0.500000
11 27 0.500000
11 29 0.500000
11 32 0.500000
11 33 0.500000
11 35 0.500000
11 37 0.500000
11 38 0.500000
11 43 0.500000
11 44 0.500000
11 46 0.500000
11 47 0.500000
11 50 0.500000
11 53 0.500000
11 55 0.500000
11 58 0.500000
11 59 0.500000
11 61 0.500000
11 64 0.500000
11 66 0.500000
11 67 0.500000
11 68 0.500000
11 71 0.500000
11 73 0.500000
11 75 0.500000
11 76 0.500000
11 78 0.500000
11 79 0.500000
11 82 0.500000
11 83 0.500000
11 84 0.500000
11 88 0.500000
11 91 0.500000
11 93 0.500000
11 94 0.500000
11 98 0.500000
11 99 0.500000
11 100 0.500000
11 102 0.500000
11 106 0.500000
11 108 0.500000
11 110 0.500000
11 115 0.500000
11 116 0.500000
11 117 0.500000
11 118 0.500000
11 119 0.500000
11 120 0.500000
11 122 0.500000
11 124 0.500000
11 125 0.500000
11 128 0.500000
11 130 0.500000
11 132 0.500000
11 134 0.500000
11 136 0.500000
11 138 0.500000
11 140 0.500000
12 16 0.500000
12 17 0.500000
12 18 0.500000
12 21 0.500000
12 25 0.500000
12 26 0.500000
12 31 0.500000
12 32 0.500000
12 35 0.500000
12 36 0.500000
12 37 0.500000
12 38 0.500000
12 40 0.500000
12 41 0.500000
12 42 0.500000
12 45 0.500000
12 47 0.500000
12 49 0.500000
12 50 0.500000
12 51 0.500000
12 52 0.500000
12 54 0.500000
12 57 0.500000
12 60 0.500000
12 62 0.500000
12 63 0.500000
12 65 0.500000
12 68 0.500000
12 69 0.500000
12 71 0.500000
12 72 0.500000
12 83 0.500000
12 84 0.500000
12 88 0.500000
12 89 0.500000
12 92 0.500000
12 94 0.500000
12 95 0.500000
12 96 0.500000
12 98 0.500000
12 101 0.500000
12 102 0.500000
12 107 0.500000
12 108 0.500000
12 109 0.500000
12 110 0.500000
12 112 0.500000
12 113 0.500000
12 117 0.500000
12 118 0.500000
12 120 0.500000
12 122 0.500000
12 123 0.500000
12 127 0.500000
12 129 0.500000
12 130 0.500000
12 133 0.500000
12 135 0.500000
12 136 0.500000
12 140 0.500000
13 15 0.500000
13 16 0.500000
13 17 0.500000
13 18 0.500000
13 23 0.500000
13 24 0.500000
13 27 0.500000
13 31 0.500000
13 32 0.500000
13 35 0.500000
13 36 0.500000
13 39 0.500000
13 43 0.500000
13 44 0.500000
13 45 0.500000
13 46 0.500000
13 47 0.500000
13 49 0.500000
13 52 0.500000
13 53 0.500000
13 54 0.500000
13 56 0.500000
13 58 0.500000
13 60 0.500000
13 61 0.500000
13 63 0.500000
13 66 0.500000
13 68 0.500000
13 71 0.500000
13 73 0.500000
13 74 0.500000
13 79 0.500000
13 80 0.500000
13 84 0.500000
13 87 0.500000
13 88 0.500000
13 93 0.500000
13 94 0.500000
13 95 0.500000
13 96 0.500000
13 101 0.500000
13 103 0.500000
13 105 0.500000
13 106 0.500000
13 107 0.500000
13 108 0.500000
13 109 0.500000
13 111 0.500000
13 112 0.500000
13 113 0.500000
13 114 0.500000
13 116 0.500000
13 117 0.500000
13 118 0.500000
13 119 0.500000
13 120 0.500000
13 121 0.500000
13 122 0.500000
13 123 0.500000
13 128 0.500000
13 129 0.500000
13 132 0.500000
13 135 0.500000
13 136 0.500000
13 137 0.500000
13 139 0.500000
13 140 0.500000
14 15 0.500000
14 18 0.500000
14 19 0.500000
14 20 0.500000
14 22 0.500000
14 24 0.500000
14 25 0.500000
14 26 0.500000
14 27 0.500000
14 29 0.500000
14 31 0.500000
14 32 0.500000
14 33 0.500000
14 34 0.500000
14 37 0.500000
14 38 0.500000
14 39 0.500000
14 40 0.500000
14 41 0.500000
14 44 0.500000
14 45 0.500000
14 47 0.500000
14 48 0.500000
14 49 0.500000
14 50 0.500000
14 51 0.500000
14 52 0.500000
14 54 0.500000
14 56 0.500000
14 59 0.500000
14 60 0.500000
14 61 0.500000
14 62 0.500000
14 64 0.500000
14 66 0.500000
14 67 0.500000
14 70 0.500000
14 71 0.500000
14 73 0.500000
14 75 0.500000
14 76 0.500000
14 78 0.500000
14 81 0.500000
14 82 0.500000
14 83 0.500000
14 84 0.500000
14 86 0.500000
14 89 0.500000
14 93 0.500000
14 94 0.500000
14 96 0.500000
14 97 0.500000
14 100 0.500000
14 101 0.500000
14 102 0.500000
14 104 0.500000
14 106 0.500000
14 110 0.500000
14 113 0.500000
14 115 0.500000
14 116 0.500000
14 117 0.500000
14 118 0.500000
14 121 0.500000
14 122 0.500000
14 123 0.500000
14 124 0.500000
14 126 0.500000
14 129 0.500000
14 133 0.500000
14 134 0.500000
14 136 0.500000
14 140 0.500000
15 18 0.500000
15 21 0.500000
15 23 0.500000
15 26 0.500000
15 31 0.500000
15 35 0.500000
15 36 0.500000
15 37 0.500000
15 39 0.500000
15 42 0.500000
15 44 0.500000
15 48 0.500000
15 49 0.500000
15 51 0.500000
15 53 0.500000
15 55 0.500000
15 56 0.500000
15 58 0.500000
15 60 0.500000
15 62 0.500000
15 64 0.500000
15 66 0.500000
15 68 0.500000
15 71 0.500000
15 72 0.500000
15 73 0.500000
15 74 0.500000
15 77 0.500000
15 78 0.500000
15 79 0.500000
15 80 0.500000
15 83 0.500000
15 84 0.500000
15 86 0.500000
15 87 0.500000
15 90 0.500000
15 93 0.500000
15 94 0.500000
15 96 0.500000
15 97 0.500000
15 104 0.500000
15 106 0.500000
15 110 0.500000
15 114 0.500000
15 115 0.500000
15 116 0.500000
15 117 0.500000
15 123 0.500000
15 124 0.500000
15 125 0.500000
15 127 0.500000
15 128 0.500000
15 130 0.500000
15 133 0.500000
15 139 0.500000
16 18 0.500000
16 19 0.500000
16 20 0.500000
16 21 0.500000
16 23 0.500000
16 24 0.500000
16 27 0.500000
16 30 0.500000
16 33 0.500000
16 34 0.500000
16 35 0.500000
16 36 0.500000
16 37 0.500000
16 38 0.500000
16 40 0.500000
16 41 0.500000
16 42 0.500000
16 43 0.500000
16 47 0.500000
16 48 0.500000
16 50 0.500000
16 52 0.500000
16 54 0.500000
16 55 0.500000
16 57 0.500000
16 59 0.500000
16 60 0.500000
16 62 0.500000
16 63 0.500000
16 68 0.500000
16 70 0.500000
16 78 0.500000
16 81 0.500000
16 82 0.500000
16 83 0.500000
16 85 0.500000
16 88 0.500000
16 92 0.500000
16 93 0.500000
16 95 0.500000
16 98 0.500000
16 99 0.500000
16 102 0.500000
16 104 0.500000
16 105 0.500000
16 107 0.500000
16 110 0.500000
16 112 0.500000
16 115 0.500000
16 118 0.500000
16 119 0.500000
16 120 0.500000
16 122 0.500000
16 124 0.500000
16 127 0.500000
16 131 0.500000
16 133 0.500000
16 136 0.500000
16 138 0.500000
16 140 0.500000
17 18 0.500000
17 20 0.500000
17 21 0.500000
17 24 0.500000
17 27 0.500000
17 28 0.500000
17 29 0.500000
17 30 0.500000
17 31 0.500000
17 32 0.500000
17 33 0.500000
17 38 0.500000
17 39 0.500000
17 41 0.500000
17 42 0.500000
17 44 0.500000
17 46 0.500000
17 47 0.500000
17 48 0.500000
17 49 0.500000
17 51 0.500000
17 56 0.500000
17 57 0.500000
17 58 0.500000
17 59 0.500000
17 60 0.500000
17 62 0.500000
17 65 0.500000
17 70 0.500000
17 72 0.500000
17 74 0.500000
17 76 0.500000
17 78 0.500000
17 79 0.500000
17 81 0.500000
17 82 0.500000
17 84 0.500000
17 88 0.500000
17 89 0.500000
17 93 0.500000
17 94 0.500000
17 96 0.500000
17 97 0.500000
17 98 0.500000
17 102 0.500000
17 104 0.500000
17 105 0.500000
17 106 0.500000
17 110 0.500000
17 118 0.500000
17 119 0.500000
17 122 0.500000
17 124 0.500000
17 125 0.500000
17 128 0.500000
17 129 0.500000
17 131 0.500000
17 132 0.500000
17 134 0.500000
17 135 0.500000
17 137 0.500000
17 138 0.500000
17 139 0.500000
17 140 0.500000
18 20 0.500000
18 21 0.500000
18 22 0.500000
18 23 0.500000
18 24 0.500000
18 25 0.500000
18 26 0.500000
18 28 0.500000
18 32 0.500000
18 35 0.500000
18 41 0.500000
18 42 0.500000
18 43 0.500000
18 51 0.500000
18 52 0.500000
18 53 0.500000
18 55 0.500000
18 56 0.500000
18 57 0.500000
18 60 0.500000
18 65 0.500000
18 68 0.500000
18 69 0.500000
18 71 0.500000
18 73 0.500000
18 75 0.500000
18 80 0.500000
18 83 0.500000
18 84 0.500000
18 85 0.500000
18 86 0.500000
18 87 0.500000
18 88 0.500000
18 89 0.500000
18 90 0.500000
18 94 0.500000
18 95 0.500000
18 97 0.500000
18 98 0.500000
18 99 0.500000
18 100 0.500000
18 102 0.500000
18 106 0.500000
18 109 0.500000
18 111 0.500000
18 112 0.500000
18 116 0.500000
18 117 0.500000
18 119 0.500000
18 121 0.500000
18 122 0.500000
18 123 0.500000
18 125 0.500000
18 126 0.500000
18 128 0.500000
18 129 0.500000
18 130 0.500000
18 134 0.500000
18 136 0.500000
18 140 0.500000
19 20 0.500000
19 21 0.500000
19 22 0.500000
19 25 0.500000
19 26 0.500000
19 28 0.500000
19 30 0.500000
19 31 0.500000
19 36 0.500000
19 37 0.500000
19 38 0.500000
19 39 0.500000
19 40 0.500000
19 47 0.500000
19 49 0.500000
19 51 0.500000
19 53 0.500000
19 55 0.500000
19 56 0.500000
19 59 0.500000
19 60 0.500000
19 63 0.500000
19 64 0.500000
19 66 0.500000
19 67 0.500000
19 70 0.500000
19 73 0.500000
19 74 0.500000
19 76 0.500000
19 78 0.500000
19 79 0.500000
19 82 0.500000
19 83 0.500000
19 85 0.500000
19 88 0.500000
19 91 0.500000
19 95 0.500000
19 99 0.500000
19 100 0.500000
19 102 0.500000
19 103 0.500000
19 106 0.500000
19 111 0.500000
19 112 0.500000
19 113 0.500000
19 114 0.500000
19 115 0.500000
19 118 0.500000
19 123 0.500000
19 124 0.500000
19 125 0.500000
19 129 0.500000
19 130 0.500000
19 131 0.500000
19 133 0.500000
19 134 0.500000
19 135 0.500000
19 136 0.500000
19 137 0.500000
19 140 0.500000
20 21 0.500000
20 23 0.500000
20 24 0.500000
20 27 0.500000
20 28 0.500000
20 29 0.500000
20 31 0.500000
20 32 0.500000
20 35 0.500000
20 36 0.500000
20 37 0.500000
20 41 0.500000
20 45 0.500000
20 49 0.500000
20 59 0.500000
20 63 0.500000
20 65 0.500000
20 66 0.500000
20 67 0.500000
20 69 0.500000
20 71 0.500000
20 72 0.500000
20 75 0.500000
20 78 0.500000
20 80 0.500000
20 82 0.500000
20 84 0.500000
20 85 0.500000
20 86 0.500000
20 87 0.500000
20 88 0.500000
20 89 0.500000
20 90 0.500000
20 91 0.500000
20 93 0.500000
20 94 0.500000
20 95 0.500000
20 97 0.500000
20 102 0.500000
20 103 0.500000
20 104 0.500000
20 106 0.500000
20 109 0.500000
20 111 0.500000
20 112 0.500000
20 113 0.500000
20 117 0.500000
20 118 0.500000
20 119 0.500000
20 126 0.500000
20 129 0.500000
20 133 0.500000
20 134 0.500000
20 135 0.500000
20 137 0.500000
20 138 0.500000
20 139 0.500000
20 140 0.500000
21 22 0.500000
21 23 0.500000
21 26 0.500000
21 28 0.500000
21 29 0.500000
21 31 0.500000
21 32 0.500000
21 33 0.500000
21 34 0.500000
21 35 0.500000
21 36 0.500000
21 37 0.500000
21 43 0.500000
21 45 0.500000
21 47 0.500000
21 48 0.500000
21 53 0.500000
21 54 0.500000
21 56 0.500000
21 58 0.500000
21 61 0.500000
21 62 0.500000
21 63 0.500000
21 64 0.500000
21 65 0.500000
21 66 0.500000
21 67 0.500000
21 69 0.500000
21 72 0.500000
21 75 0.500000
21 76 0.500000
21 78 0.500000
21 79 0.500000
21 80 0.500000
21 86 0.500000
21 87 0.500000
21 88 0.500000
21 89 0.500000
21 90 0.500000
21 92 0.500000
21 94 0.500000
21 96 0.500000
21 97 0.500000
21 98 0.500000
21 99 0.500000
21 100 0.500000
21 104 0.500000
21 111 0.500000
21 114 0.500000
21 115 0.500000
21 118 0.500000
21 121 0.500000
21 122 0.500000
21 123 0.500000
21 125 0.500000
21 126 0.500000
21 127 0.500000
21 129 0.500000
21 131 0.500000
21 134 0.500000
21 135 0.500000
21 138 0.500000
21 139 0.500000
21 140 0.500000
22 28 0.500000
22 29 0.500000
22 30 0.500000
22 32 0.500000
22 36 0.500000
22 38 0.500000
22 39 0.500000
22 42 0.500000
22 43 0.500000
22 44 0.500000
22 46 0.500000
22 49 0.500000
22 52 0.500000
22 53 0.500000
22 54 0.500000
22 58 0.500000
22 59 0.500000
22 60 0.500000
22 61 0.500000
22 62 0.500000
22 63 0.500000
22 65 0.500000
22 66 0.500000
22 67 0.500000
22 68 0.500000
22 71 0.500000
22 75 0.500000
22 81 0.500000
22 84 0.500000
22 86 0.500000
22 93 0.500000
22 98 0.500000
22 104 0.500000
22 105 0.500000
22 106 0.500000
22 112 0.500000
22 113 0.500000
22 116 0.500000
22 117 0.500000
22 120 0.500000
22 123 0.500000
22 125 0.500000
22 126 0.500000
22 128 0.500000
22 129 0.500000
22 132 0.500000
22 134 0.500000
22 136 0.500000
22 137 0.500000
22 139 0.500000
23 24 0.500000
23 26 0.500000
23 27 0.500000
23 29 0.500000
23 31 0.500000
23 34 0.500000
23 39 0.500000
23 40 0.500000
23 41 0.500000
23 42 0.500000
23 43 0.500000
23 45 0.500000
23 46 0.500000
23 49 0.500000
23 52 0.500000
23 56 0.500000
23 58 0.500000
23 60 0.500000
23 61 0.500000
23 62 0.500000
23 64 0.500000
23 70 0.500000
23 71 0.500000
23 72 0.500000
23 73 0.500000
23 74 0.500000
23 76 0.500000
23 81 0.500000
23 83 0.500000
23 84 0.500000
23 85 0.500000
23 86 0.500000
23 88 0.500000
23 91 0.500000
23 92 0.500000
23 100 0.500000
23 101 0.500000
23 103 0.500000
23 104 0.500000
23 108 0.500000
23 110 0.500000
23 112 0.500000
23 114 0.500000
23 119 0.500000
23 120 0.500000
23 123 0.500000
23 124 0.500000
23 125 0.500000
23 126 0.500000
23 129 0.500000
23 130 0.500000
23 131 0.500000
23 133 0.500000
23 135 0.500000
23 138 0.500000
23 140 0.500000
24 25 0.500000
24 26 0.500000
24 28 0.500000
24 31 0.500000
24 32 0.500000
24 34 0.500000
24 35 0.500000
24 36 0.500000
24 40 0.500000
24 41 0.500000
24 42 0.500000
24 46 0.500000
24 48 0.500000
24 49 0.500000
24 54 0.500000
24 57 0.500000
24 59 0.500000
24 61 0.500000
24 62 0.500000
24 65 0.500000
24 67 0.500000
24 69 0.500000
24 71 0.500000
24 73 0.500000
24 75 0.500000
24 77 0.500000
24 78 0.500000
24 80 0.500000
24 81 0.500000
24 82 0.500000
24 84 0.500000
24 90 0.500000
24 91 0.500000
24 93 0.500000
24 95 0.500000
24 98 0.500000
24 100 0.500000
24 103 0.500000
24 114 0.500000
24 117 0.500000
24 119 0.500000
24 120 0.500000
24 121 0.500000
24 122 0.500000
24 125 0.500000
24 126 0.500000
24 128 0.500000
24 130 0.500000
24 132 0.500000
24 133 0.500000
24 139 0.500000
25 26 0.500000
25 27 0.500000
25 31 0.500000
25 34 0.500000
25 35 0.500000
25 38 0.500000
25 39 0.500000
25 40 0.500000
25 41 0.500000
25 42 0.500000
25 48 0.500000
25 50 0.500000
25 51 0.500000
25 53 0.500000
25 57 0.500000
25 59 0.500000
25 60 0.500000
25 62 0.500000
25 64 0.500000
25 67 0.500000
25 71 0.500000
25 73 0.500000
25 75 0.500000
25 76 0.500000
25 80 0.500000
25 82 0.500000
25 86 0.500000
25 88 0.500000
25 91 0.500000
25 97 0.500000
25 100 0.500000
25 101 0.500000
25 104 0.500000
25 107 0.500000
25 109 0.500000
25 110 0.500000
25 111 0.500000
25 114 0.500000
25 116 0.500000
25 118 0.500000
25 119 0.500000
25 123 0.500000
25 124 0.500000
25 125 0.500000
25 130 0.500000
25 131 0.500000
25 135 0.500000
25 136 0.500000
25 138 0.500000
25 140 0.500000
26 27 0.500000
26 28 0.500000
26 35 0.500000
26 36 0.500000
26 38 0.500000
26 39 0.500000
26 42 0.500000
26 44 0.500000
26 45 0.500000
26 46 0.500000
26 50 0.500000
26 51 0.500000
26 53 0.500000
26 57 0.500000
26 60 0.500000
26 61 0.500000
26 64 0.500000
26 65 0.500000
26 66 0.500000
26 67 0.500000
26 70 0.500000
26 71 0.500000
26 74 0.500000
26 75 0.500000
26 77 0.500000
26 78 0.500000
26 81 0.500000
26 82 0.500000
26 83 0.500000
26 85 0.500000
26 86 0.500000
26 89 0.500000
26 92 0.500000
26 93 0.500000
26 94 0.500000
26 95 0.500000
26 97 0.500000
26 98 0.500000
26 99 0.500000
26 100 0.500000
26 102 0.500000
26 103 0.500000
26 104 0.500000
26 106 0.500000
26 107 0.500000
26 108 0.500000
26 109 0.500000
26 110 0.500000
26 113 0.500000
26 114 0.500000
26 115 0.500000
26 119 0.500000
26 122 0.500000
26 124 0.500000
26 126 0.500000
26 130 0.500000
26 132 0.500000
26 135 0.500000
27 35 0.500000
27 36 0.500000
27 37 0.500000
27 38 0.500000
27 40 0.500000
27 43 0.500000
27 44 0.500000
27 45 0.500000
27 46 0.500000
27 47 0.500000
27 48 0.500000
27 50 0.500000
27 54 0.500000
27 57 0.500000
27 58 0.500000
27 64 0.500000
27 66 0.500000
27 67 0.500000
27 70 0.500000
27 71 0.500000
27 76 0.500000
27 78 0.500000
27 79 0.500000
27 81 0.500000
27 82 0.500000
27 83 0.500000
27 87 0.500000
27 88 0.500000
27 89 0.500000
27 90 0.500000
27 92 0.500000
27 94 0.500000
27 95 0.500000
27 96 0.500000
27 98 0.500000
27 100 0.500000
27 102 0.500000
27 105 0.500000
27 106 0.500000
27 107 0.500000
27 109 0.500000
27 110 0.500000
27 111 0.500000
27 112 0.500000
27 113 0.500000
27 115 0.500000
27 117 0.500000
27 119 0.500000
27 122 0.500000
27 123 0.500000
27 125 0.500000
27 126 0.500000
27 127 0.500000
27 130 0.500000
27 135 0.500000
27 136 0.500000
27 138 0.500000
27 139 0.500000
27 140 0.500000
28 31 0.500000
28 32 0.500000
28 37 0.500000
28 40 0.500000
28 42 0.500000
28 49 0.500000
28 53 0.500000
28 54 0.500000
28 55 0.500000
28 57 0.500000
28 60 0.500000
28 69 0.500000
28 70 0.500000
28 71 0.500000
28 72 0.500000
28 77 0.500000
28 83 0.500000
28 84 0.500000
28 86 0.500000
28 87 0.500000
28 91 0.500000
28 92 0.500000
28 99 0.500000
28 100 0.500000
28 104 0.500000
28 105 0.500000
28 108 0.500000
28 110 0.500000
28 111 0.500000
28 112 0.500000
28 113 0.500000
28 114 0.500000
28 115 0.500000
28 116 0.500000
28 117 0.500000
28 120 0.500000
28 122 0.500000
28 129 0.500000
28 130 0.500000
28 133 0.500000
28 134 0.500000
28 135 0.500000
28 138 0.500000
28 140 0.500000
29 30 0.500000
29 32 0.500000
29 34 0.500000
29 40 0.500000
29 41 0.500000
29 46 0.500000
29 47 0.500000
29 48 0.500000
29 49 0.500000
29 50 0.500000
29 51 0.500000
29 54 0.500000
29 57 0.500000
29 58 0.500000
29 61 0.500000
29 63 0.500000
29 64 0.500000
29 66 0.500000
29 67 0.500000
29 68 0.500000
29 72 0.500000
29 74 0.500000
29 76 0.500000
29 78 0.500000
29 79 0.500000
29 80 0.500000
29 81 0.500000
29 82 0.500000
29 83 0.500000
29 85 0.500000
29 86 0.500000
29 87 0.500000
29 88 0.500000
29 90 0.500000
29 96 0.500000
29 97 0.500000
29 98 0.500000
29 99 0.500000
29 101 0.500000
29 104 0.500000
29 105 0.500000
29 107 0.500000
29 108 0.500000
29 109 0.500000
29 113 0.500000
29 118 0.500000
29 120 0.500000
29 122 0.500000
29 125 0.500000
29 126 0.500000
29 127 0.500000
29 128 0.500000
29 129 0.500000
29 133 0.500000
29 134 0.500000
29 135 0.500000
29 136 0.500000
29 140 0.500000
30 32 0.500000
30 33 0.500000
30 34 0.500000
30 35 0.500000
30 36 0.500000
30 38 0.500000
30 42 0.500000
30 43 0.500000
30 44 0.500000
30 46 0.500000
30 51 0.500000
30 52 0.500000
30 54 0.500000
30 55 0.500000
30 56 0.500000
30 57 0.500000
30 59 0.500000
30 63 0.500000
30 64 0.500000
30 66 0.500000
30 67 0.500000
30 73 0.500000
30 75 0.500000
30 76 0.500000
30 80 0.500000
30 81 0.500000
30 88 0.500000
30 89 0.500000
30 91 0.500000
30 93 0.500000
30 94 0.500000
30 95 0.500000
30 100 0.500000
30 102 0.500000
30 109 0.500000
30 111 0.500000
30 113 0.500000
30 115 0.500000
30 116 0.500000
30 119 0.500000
30 120 0.500000
30 125 0.500000
30 127 0.500000
30 130 0.500000
30 131 0.500000
30 132 0.500000
30 133 0.500000
30 135 0.500000
30 138 0.500000
30 139 0.500000
31 32 0.500000
31 33 0.500000
31 34 0.500000
31 35 0.500000
31 36 0.500000
31 37 0.500000
31 39 0.500000
31 43 0.500000
31 47 0.500000
31 48 0.500000
31 49 0.500000
31 51 0.500000
31 54 0.500000
31 56 0.500000
31 57 0.500000
31 58 0.500000
31 60 0.500000
31 62 0.500000
31 63 0.500000
31 65 0.500000
31 67 0.500000
31 68 0.500000
31 70 0.500000
31 74 0.500000
31 75 0.500000
31 77 0.500000
31 78 0.500000
31 79 0.500000
31 83 0.500000
31 85 0.500000
31 91 0.500000
31 94 0.500000
31 95 0.500000
31 97 0.500000
31 98 0.500000
31 101 0.500000
31 102 0.500000
31 103 0.500000
31 104 0.500000
31 106 0.500000
31 107 0.500000
31 110 0.500000
31 113 0.500000
31 114 0.500000
31 115 0.500000
31 116 0.500000
31 117 0.500000
31 118 0.500000
31 119 0.500000
31 125 0.500000
31 126 0.500000
31 128 0.500000
31 129 0.500000
31 131 0.500000
31 132 0.500000
31 133 0.500000
31 140 0.500000
32 35 0.500000
32 36 0.500000
32 37 0.500000
32 39 0.500000
32 40 0.500000
32 42 0.500000
32 43 0.500000
32 44 0.500000
32 45 0.500000
32 46 0.500000
32 48 0.500000
32 52 0.500000
32 53 0.500000
32 55 0.500000
32 61 0.500000
32 63 0.500000
32 64 0.500000
32 67 0.500000
32 69 0.500000
32 71 0.500000
32 72 0.500000
32 73 0.500000
32 76 0.500000
32 77 0.500000
32 78 0.500000
32 79 0.500000
32 81 0.500000
32 85 0.500000
32 87 0.500000
32 90 0.500000
32 95 0.500000
32 96 0.500000
32 100 0.500000
32 101 0.500000
32 103 0.500000
32 104 0.500000
32 105 0.500000
32 106 0.500000
32 107 0.500000
32 108 0.500000
32 110 0.500000
32 111 0.500000
32 112 0.500000
32 113 0.500000
32 114 0.500000
32 117 0.500000
32 118 0.500000
32 122 0.500000
32 126 0.500000
32 130 0.500000
32 131 0.500000
32 132 0.500000
32 133 0.500000
32 134 0.500000
32 135 0.500000
32 136 0.500000
32 137 0.500000
32 138 0.500000
33 34 0.500000
33 36 0.500000
33 37 0.500000
33 38 0.500000
33 40 0.500000
33 41 0.500000
33 43 0.500000
33 45 0.500000
33 46 0.500000
33 47 0.500000
33 53 0.500000
33 56 0.500000
33 58 0.500000
33 59 0.500000
33 61 0.500000
33 62 0.500000
33 63 0.500000
33 66 0.500000
33 70 0.500000
33 76 0.500000
33 81 0.500000
33 83 0.500000
33 87 0.500000
33 89 0.500000
33 92 0.500000
33 93 0.500000
33 94 0.500000
33 95 0.500000
33 96 0.500000
33 97 0.500000
33 99 0.500000
33 101 0.500000
33 102 0.500000
33 103 0.500000
33 104 0.500000
33 109 0.500000
33 111 0.500000
33 112 0.500000
33 114 0.500000
33 119 0.500000
33 124 0.500000
33 125 0.500000
33 128 0.500000
33 131 0.500000
33 137 0.500000
33 138 0.500000
34 38 0.500000
34 43 0.500000
34 46 0.500000
34 47 0.500000
34 49 0.500000
34 51 0.500000
34 53 0.500000
34 55 0.500000
34 56 0.500000
34 57 0.500000
34 58 0.500000
34 63 0.500000
34 64 0.500000
34 66 0.500000
34 67 0.500000
34 70 0.500000
34 71 0.500000
34 72 0.500000
34 73 0.500000
34 74 0.500000
34 77 0.500000
34 78 0.500000
34 79 0.500000
34 80 0.500000
34 82 0.500000
34 85 0.500000
34 86 0.500000
34 90 0.500000
34 92 0.500000
34 93 0.500000
34 94 0.500000
34 95 0.500000
34 96 0.500000
34 97 0.500000
34 100 0.500000
34 101 0.500000
34 103 0.500000
34 104 0.500000
34 105 0.500000
34 107 0.500000
34 108 0.500000
34 111 0.500000
34 113 0.500000
34 114 0.500000
34 115 0.500000
34 116 0.500000
34 119 0.500000
34 122 0.500000
34 123 0.500000
34 126 0.500000
34 127 0.500000
34 133 0.500000
34 136 0.500000
34 138 0.500000
34 139 0.500000
35 36 0.500000
35 40 0.500000
35 42 0.500000
35 43 0.500000
35 49 0.500000
35 50 0.500000
35 52 0.500000
35 53 0.500000
35 55 0.500000
35 56 0.500000
35 60 0.500000
35 61 0.500000
35 64 0.500000
35 65 0.500000
35 66 0.500000
35 67 0.500000
35 68 0.500000
35 69 0.500000
35 70 0.500000
35 71 0.500000
35 74 0.500000
35 75 0.500000
35 77 0.500000
35 78 0.500000
35 79 0.500000
35 81 0.500000
35 82 0.500000
35 83 0.500000
35 84 0.500000
35 85 0.500000
35 87 0.500000
35 88 0.500000
35 90 0.500000
35 91 0.500000
35 94 0.500000
35 101 0.500000
35 103 0.500000
35 104 0.500000
35 105 0.500000
35 106 0.500000
35 107 0.500000
35 111 0.500000
35 113 0.500000
35 114 0.500000
35 115 0.500000
35 119 0.500000
35 121 0.500000
35 122 0.500000
35 123 0.500000
35 126 0.500000
35 129 0.500000
35 131 0.500000
35 132 0.500000
35 135 0.500000
35 136 0.500000
35 137 0.500000
35 138 0.500000
36 37 0.500000
36 38 0.500000
36 41 0.500000
36 45 0.500000
36 46 0.500000
36 47 0.500000
36 50 0.500000
36 51 0.500000
36 60 0.500000
36 62 0.500000
36 63 0.500000
36 64 0.500000
36 66 0.500000
36 67 0.500000
36 68 0.500000
36 73 0.500000
36 79 0.500000
36 81 0.500000
36 85 0.500000
36 86 0.500000
36 87 0.500000
36 88 0.500000
36 89 0.500000
36 93 0.500000
36 97 0.500000
36 98 0.500000
36 100 0.500000
36 101 0.500000
36 102 0.500000
36 103 0.500000
36 104 0.500000
36 112 0.500000
36 113 0.500000
36 116 0.500000
36 117 0.500000
36 120 0.500000
36 123 0.500000
36 124 0.500000
36 125 0.500000
36 126 0.500000
36 134 0.500000
36 136 0.500000
36 138 0.500000
37 38 0.500000
37 39 0.500000
37 41 0.500000
37 42 0.500000
37 43 0.500000
37 44 0.500000
37 45 0.500000
37 47 0.500000
37 48 0.500000
37 49 0.500000
37 50 0.500000
37 51 0.500000
37 52 0.500000
37 54 0.500000
37 55 0.500000
37 58 0.500000
37 60 0.500000
37 61 0.500000
37 64 0.500000
37 65 0.500000
37 67 0.500000
37 70 0.500000
37 72 0.500000
37 76 0.500000
37 77 0.500000
37 79 0.500000
37 81 0.500000
37 82 0.500000
37 83 0.500000
37 85 0.500000
37 88 0.500000
37 89 0.500000
37 90 0.500000
37 92 0.500000
37 95 0.500000
37 96 0.500000
37 99 0.500000
37 104 0.500000
37 106 0.500000
37 107 0.500000
37 109 0.500000
37 118 0.500000
37 119 0.500000
37 120 0.500000
37 126 0.500000
37 128 0.500000
37 129 0.500000
37 130 0.500000
37 132 0.500000
37 134 0.500000
37 135 0.500000
37 136 0.500000
37 137 0.500000
37 138 0.500000
38 41 0.500000
38 42 0.500000
38 43 0.500000
38 46 0.500000
38 47 0.500000
38 48 0.500000
38 49 0.500000
38 52 0.500000
38 53 0.500000
38 54 0.500000
38 55 0.500000
38 57 0.500000
38 58 0.500000
38 59 0.500000
38 60 0.500000
38 63 0.500000
38 65 0.500000
38 66 0.500000
38 69 0.500000
38 70 0.500000
38 73 0.500000
38 77 0.500000
38 80 0.500000
38 83 0.500000
38 85 0.500000
38 86 0.500000
38 90 0.500000
38 92 0.500000
38 93 0.500000
38 94 0.500000
38 96 0.500000
38 99 0.500000
38 104 0.500000
38 108 0.500000
38 109 0.500000
38 110 0.500000
38 111 0.500000
38 114 0.500000
38 115 0.500000
38 116 0.500000
38 118 0.500000
38 119 0.500000
38 120 0.500000
38 122 0.500000
38 124 0.500000
38 125 0.500000
38 126 0.500000
38 128 0.500000
38 130 0.500000
38 133 0.500000
38 134 0.500000
38 136 0.500000
39 42 0.500000
39 50 0.500000
39 51 0.500000
39 52 0.500000
39 53 0.500000
39 63 0.500000
39 66 0.500000
39 69 0.500000
39 72 0.500000
39 73 0.500000
39 76 0.500000
39 77 0.500000
39 80 0.500000
39 82 0.500000
39 85 0.500000
39 87 0.500000
39 91 0.500000
39 92 0.500000
39 93 0.500000
39 94 0.500000
39 95 0.500000
39 96 0.500000
39 98 0.500000
39 102 0.500000
39 106 0.500000
39 109 0.500000
39 110 0.500000
39 111 0.500000
39 112 0.500000
39 113 0.500000
39 114 0.500000
39 115 0.500000
39 119 0.500000
39 122 0.500000
39 126 0.500000
39 127 0.500000
39 128 0.500000
39 129 0.500000
39 134 0.500000
39 139 0.500000
39 140 0.500000
40 42 0.500000
40 44 0.500000
40 46 0.500000
40 47 0.500000
40 48 0.500000
40 49 0.500000
40 50 0.500000
40 51 0.500000
40 53 0.500000
40 56 0.500000
40 58 0.500000
40 59 0.500000
40 60 0.500000
40 61 0.500000
40 63 0.500000
40 65 0.500000
40 68 0.500000
40 69 0.500000
40 70 0.500000
40 72 0.500000
40 74 0.500000
40 75 0.500000
40 76 0.500000
40 78 0.500000
40 79 0.500000
40 80 0.500000
40 81 0.500000
40 82 0.500000
40 84 0.500000
40 90 0.500000
40 94 0.500000
40 95 0.500000
40 99 0.500000
40 101 0.500000
40 102 0.500000
40 107 0.500000
40 108 0.500000
40 109 0.500000
40 112 0.500000
40 115 0.500000
40 116 0.500000
40 117 0.500000
40 118 0.500000
40 121 0.500000
40 122 0.500000
40 123 0.500000
40 124 0.500000
40 128 0.500000
40 130 0.500000
40 132 0.500000
40 133 0.500000
40 135 0.500000
40 136 0.500000
40 137 0.500000
40 139 0.500000
40 140 0.500000
41 43 0.500000
41 47 0.500000
41 48 0.500000
41 49 0.500000
41 50 0.500000
41 51 0.500000
41 52 0.500000
41 53 0.500000
41 54 0.500000
41 55 0.500000
41 56 0.500000
41 57 0.500000
41 59 0.500000
41 62 0.500000
41 63 0.500000
41 65 0.500000
41 70 0.500000
41 71 0.500000
41 74 0.500000
41 78 0.500000
41 79 0.500000
41 80 0.500000
41 81 0.500000
41 82 0.500000
41 83 0.500000
41 84 0.500000
41 88 0.500000
41 89 0.500000
41 92 0.500000
41 96 0.500000
41 98 0.500000
41 103 0.500000
41 108 0.500000
41 109 0.500000
41 111 0.500000
41 116 0.500000
41 117 0.500000
41 118 0.500000
41 119 0.500000
41 120 0.500000
41 121 0.500000
41 123 0.500000
41 124 0.500000
41 126 0.500000
41 127 0.500000
41 128 0.500000
41 131 0.500000
41 134 0.500000
41 135 0.500000
41 137 0.500000
41 138 0.500000
41 139 0.500000
41 140 0.500000
42 45 0.500000
42 46 0.500000
42 47 0.500000
42 50 0.500000
42 54 0.500000
42 55 0.500000
42 58 0.500000
42 59 0.500000
42 61 0.500000
42 62 0.500000
42 64 0.500000
42 65 0.500000
42 66 0.500000
42 68 0.500000
42 71 0.500000
42 76 0.500000
42 78 0.500000
42 79 0.500000
42 81 0.500000
42 84 0.500000
42 85 0.500000
42 86 0.500000
42 88 0.500000
42 89 0.500000
42 90 0.500000
42 91 0.500000
42 92 0.500000
42 94 0.500000
42 99 0.500000
42 101 0.500000
42 106 0.500000
42 108 0.500000
42 111 0.500000
42 112 0.500000
42 113 0.500000
42 114 0.500000
42 115 0.500000
42 117 0.500000
42 118 0.500000
42 120 0.500000
42 121 0.500000
42 122 0.500000
42 124 0.500000
42 125 0.500000
42 126 0.500000
42 127 0.500000
42 128 0.500000
42 130 0.500000
42 131 0.500000
42 132 0.500000
42 134 0.500000
42 136 0.500000
42 137 0.500000
42 139 0.500000
42 140 0.500000
43 44 0.500000
43 45 0.500000
43 48 0.500000
43 53 0.500000
43 54 0.500000
43 56 0.500000
43 65 0.500000
43 66 0.500000
43 68 0.500000
43 69 0.500000
43 70 0.500000
43 71 0.500000
43 72 0.500000
43 73 0.500000
43 74 0.500000
43 75 0.500000
43 77 0.500000
43 78 0.500000
43 79 0.500000
43 80 0.500000
43 82 0.500000
43 86 0.500000
43 88 0.500000
43 89 0.500000
43 92 0.500000
43 93 0.500000
43 94 0.500000
43 95 0.500000
43 96 0.500000
43 98 0.500000
43 99 0.500000
43 100 0.500000
43 101 0.500000
43 102 0.500000
43 103 0.500000
43 104 0.500000
43 105 0.500000
43 106 0.500000
43 107 0.500000
43 110 0.500000
43 111 0.500000
43 115 0.500000
43 118 0.500000
43 119 0.500000
43 121 0.500000
43 125 0.500000
43 126 0.500000
43 127 0.500000
43 129 0.500000
43 131 0.500000
43 132 0.500000
43 133 0.500000
43 137 0.500000
43 140 0.500000
44 46 0.500000
44 47 0.500000
44 48 0.500000
44 53 0.500000
44 54 0.500000
44 55 0.500000
44 56 0.500000
44 57 0.500000
44 58 0.500000
44 59 0.500000
44 61 0.500000
44 62 0.500000
44 63 0.500000
44 66 0.500000
44 67 0.500000
44 69 0.500000
44 72 0.500000
44 73 0.500000
44 75 0.500000
44 79 0.500000
44 80 0.500000
44 82 0.500000
44 84 0.500000
44 85 0.500000
44 87 0.500000
44 89 0.500000
44 91 0.500000
44 94 0.500000
44 95 0.500000
44 99 0.500000
44 102 0.500000
44 103 0.500000
44 104 0.500000
44 107 0.500000
44 110 0.500000
44 111 0.500000
44 112 0.500000
44 114 0.500000
44 117 0.500000
44 119 0.500000
44 121 0.500000
44 124 0.500000
44 125 0.500000
44 128 0.500000
44 130 0.500000
44 131 0.500000
44 133 0.500000
44 135 0.500000
44 137 0.500000
45 47 0.500000
45 48 0.500000
45 49 0.500000
45 51 0.500000
45 52 0.500000
45 53 0.500000
45 60 0.500000
45 63 0.500000
45 65 0.500000
45 68 0.500000
45 70 0.500000
45 72 0.500000
45 74 0.500000
45 75 0.500000
45 78 0.500000
45 80 0.500000
45 81 0.500000
45 84 0.500000
45 85 0.500000
45 87 0.500000
45 88 0.500000
45 91 0.500000
45 92 0.500000
45 93 0.500000
45 94 0.500000
45 95 0.500000
45 97 0.500000
45 100 0.500000
45 101 0.500000
45 102 0.500000
45 104 0.500000
45 106 0.500000
45 109 0.500000
45 110 0.500000
45 112 0.500000
45 119 0.500000
45 121 0.500000
45 122 0.500000
45 123 0.500000
45 126 0.500000
45 129 0.500000
45 130 0.500000
45 132 0.500000
45 133 0.500000
45 138 0.500000
45 139 0.500000
45 140 0.500000
46 50 0.500000
46 53 0.500000
46 54 0.500000
46 57 0.500000
46 58 0.500000
46 59 0.500000
46 60 0.500000
46 63 0.500000
46 64 0.500000
46 67 0.500000
46 69 0.500000
46 71 0.500000
46 72 0.500000
46 74 0.500000
46 77 0.500000
46 80 0.500000
46 81 0.500000
46 82 0.500000
46 83 0.500000
46 85 0.500000
46 86 0.500000
46 87 0.500000
46 88 0.500000
46 89 0.500000
46 91 0.500000
46 93 0.500000
46 95 0.500000
46 96 0.500000
46 97 0.500000
46 99 0.500000
46 101 0.500000
46 102 0.500000
46 103 0.500000
46 107 0.500000
46 109 0.500000
46 113 0.500000
46 115 0.500000
46 120 0.500000
46 123 0.500000
46 129 0.500000
46 130 0.500000
46 131 0.500000
46 135 0.500000
46 136 0.500000
46 137 0.500000
46 139 0.500000
46 140 0.500000
47 48 0.500000
47 49 0.500000
47 50 0.500000
47 51 0.500000
47 55 0.500000
47 56 0.500000
47 58 0.500000
47 60 0.500000
47 61 0.500000
47 62 0.500000
47 68 0.500000
47 69 0.500000
47 70 0.500000
47 72 0.500000
47 73 0.500000
47 75 0.500000
47 76 0.500000
47 79 0.500000
47 80 0.500000
47 83 0.500000
47 85 0.500000
47 86 0.500000
47 88 0.500000
47 89 0.500000
47 93 0.500000
47 95 0.500000
47 97 0.500000
47 99 0.500000
47 100 0.500000
47 102 0.500000
47 103 0.500000
47 107 0.500000
47 109 0.500000
47 111 0.500000
47 113 0.500000
47 118 0.500000
47 123 0.500000
47 127 0.500000
47 130 0.500000
47 131 0.500000
47 133 0.500000
47 135 0.500000
47 136 0.500000
47 137 0.500000
47 139 0.500000
47 140 0.500000
48 49 0.500000
48 50 0.500000
48 51 0.500000
48 52 0.500000
48 56 0.500000
48 59 0.500000
48 64 0.500000
48 66 0.500000
48 69 0.500000
48 72 0.500000
48 74 0.500000
48 76 0.500000
48 77 0.500000
48 82 0.500000
48 84 0.500000
48 86 0.500000
48 88 0.500000
48 89 0.500000
48 91 0.500000
48 95 0.500000
48 96 0.500000
48 98 0.500000
48 100 0.500000
48 104 0.500000
48 105 0.500000
48 110 0.500000
48 111 0.500000
48 114 0.500000
48 115 0.500000
48 118 0.500000
48 119 0.500000
48 120 0.500000
48 121 0.500000
48 124 0.500000
48 127 0.500000
48 129 0.500000
48 130 0.500000
48 132 0.500000
48 134 0.500000
48 135 0.500000
48 137 0.500000
48 138 0.500000
48 139 0.500000
49 51 0.500000
49 53 0.500000
49 55 0.500000
49 56 0.500000
49 57 0.500000
49 58 0.500000
49 60 0.500000
49 61 0.500000
49 63 0.500000
49 64 0.500000
49 67 0.500000
49 68 0.500000
49 69 0.500000
49 70 0.500000
49 72 0.500000
49 73 0.500000
49 74 0.500000
49 78 0.500000
49 79 0.500000
49 80 0.500000
49 81 0.500000
49 82 0.500000
49 84 0.500000
49 87 0.500000
49 88 0.500000
49 90 0.500000
49 92 0.500000
49 93 0.500000
49 95 0.500000
49 97 0.500000
49 98 0.500000
49 100 0.500000
49 102 0.500000
49 103 0.500000
49 104 0.500000
49 106 0.500000
49 108 0.500000
49 109 0.500000
49 110 0.500000
49 111 0.500000
49 115 0.500000
49 116 0.500000
49 117 0.500000
49 119 0.500000
49 120 0.500000
49 123 0.500000
49 125 0.500000
49 127 0.500000
49 128 0.500000
49 130 0.500000
49 132 0.500000
49 135 0.500000
49 138 0.500000
49 139 0.500000
49 140 0.500000
50 62 0.500000
50 64 0.500000
50 65 0.500000
50 67 0.500000
50 68 0.500000
50 70 0.500000
50 71 0.500000
50 73 0.500000
50 75 0.500000
50 77 0.500000
50 79 0.500000
50 80 0.500000
50 81 0.500000
50 82 0.500000
50 84 0.500000
50 85 0.500000
50 87 0.500000
50 89 0.500000
50 91 0.500000
50 92 0.500000
50 93 0.500000
50 94 0.500000
50 96 0.500000
50 97 0.500000
50 98 0.500000
50 103 0.500000
50 104 0.500000
50 105 0.500000
50 106 0.500000
50 108 0.500000
50 109 0.500000
50 114 0.500000
50 119 0.500000
50 121 0.500000
50 122 0.500000
50 124 0.500000
50 126 0.500000
50 127 0.500000
50 128 0.500000
50 131 0.500000
50 132 0.500000
50 134 0.500000
50 135 0.500000
50 137 0.500000
50 138 0.500000
51 52 0.500000
51 54 0.500000
51 55 0.500000
51 56 0.500000
51 57 0.500000
51 65 0.500000
51 66 0.500000
51 67 0.500000
51 70 0.500000
51 73 0.500000
51 75 0.500000
51 76 0.500000
51 78 0.500000
51 82 0.500000
51 84 0.500000
51 86 0.500000
51 87 0.500000
51 88 0.500000
51 89 0.500000
51 91 0.500000
51 93 0.500000
51 95 0.500000
51 96 0.500000
51 97 0.500000
51 101 0.500000
51 103 0.500000
51 106 0.500000
51 107 0.500000
51 110 0.500000
51 111 0.500000
51 115 0.500000
51 116 0.500000
51 121 0.500000
51 123 0.500000
51 124 0.500000
51 134 0.500000
51 138 0.500000
51 139 0.500000
52 54 0.500000
52 55 0.500000
52 58 0.500000
52 59 0.500000
52 60 0.500000
52 61 0.500000
52 64 0.500000
52 67 0.500000
52 68 0.500000
52 70 0.500000
52 72 0.500000
52 74 0.500000
52 76 0.500000
52 77 0.500000
52 79 0.500000
52 80 0.500000
52 85 0.500000
52 88 0.500000
52 90 0.500000
52 91 0.500000
52 94 0.500000
52 97 0.500000
52 98 0.500000
52 99 0.500000
52 101 0.500000
52 102 0.500000
52 104 0.500000
52 106 0.500000
52 110 0.500000
52 114 0.500000
52 115 0.500000
52 117 0.500000
52 120 0.500000
52 125 0.500000
52 126 0.500000
52 127 0.500000
52 128 0.500000
52 129 0.500000
52 132 0.500000
52 134 0.500000
52 135 0.500000
52 138 0.500000
52 139 0.500000
53 54 0.500000
53 56 0.500000
53 57 0.500000
53 58 0.500000
53 59 0.500000
53 60 0.500000
53 67 0.500000
53 71 0.500000
53 73 0.500000
53 75 0.500000
53 78 0.500000
53 80 0.500000
53 81 0.500000
53 84 0.500000
53 85 0.500000
53 86 0.500000
53 87 0.500000
53 89 0.500000
53 91 0.500000
53 93 0.500000
53 94 0.500000
53 96 0.500000
53 100 0.500000
53 102 0.500000
53 104 0.500000
53 107 0.500000
53 108 0.500000
53 110 0.500000
53 111 0.500000
53 113 0.500000
53 115 0.500000
53 116 0.500000
53 117 0.500000
53 121 0.500000
53 127 0.500000
53 128 0.500000
53 129 0.500000
53 131 0.500000
53 133 0.500000
53 138 0.500000
53 139 0.500000
53 140 0.500000
54 55 0.500000
54 56 0.500000
54 59 0.500000
54 61 0.500000
54 62 0.500000
54 63 0.500000
54 64 0.500000
54 66 0.500000
54 67 0.500000
54 68 0.500000
54 69 0.500000
54 72 0.500000
54 73 0.500000
54 75 0.500000
54 76 0.500000
54 79 0.500000
54 82 0.500000
54 85 0.500000
54 86 0.500000
54 89 0.500000
54 90 0.500000
54 91 0.500000
54 92 0.500000
54 94 0.500000
54 97 0.500000
54 99 0.500000
54 100 0.500000
54 102 0.500000
54 103 0.500000
54 109 0.500000
54 113 0.500000
54 114 0.500000
54 115 0.500000
54 116 0.500000
54 118 0.500000
54 121 0.500000
54 122 0.500000
54 126 0.500000
54 128 0.500000
54 129 0.500000
54 130 0.500000
54 132 0.500000
54 135 0.500000
54 137 0.500000
54 138 0.500000
54 140 0.500000
55 58 0.500000
55 60 0.500000
55 61 0.500000
55 63 0.500000
55 64 0.500000
55 66 0.500000
55 67 0.500000
55 68 0.500000
55 70 0.500000
55 71 0.500000
55 74 0.500000
55 77 0.500000
55 79 0.500000
55 82 0.500000
55 83 0.500000
55 84 0.500000
55 85 0.500000
55 86 0.500000
55 87 0.500000
55 88 0.500000
55 89 0.500000
55 92 0.500000
55 95 0.500000
55 96 0.500000
55 98 0.500000
55 100 0.500000
55 102 0.500000
55 103 0.500000
55 105 0.500000
55 106 0.500000
55 107 0.500000
55 108 0.500000
55 109 0.500000
55 110 0.500000
55 111 0.500000
55 112 0.500000
55 121 0.500000
55 126 0.500000
55 128 0.500000
55 131 0.500000
55 135 0.500000
55 137 0.500000
55 139 0.500000
55 140 0.500000
56 60 0.500000
56 62 0.500000
56 65 0.500000
56 68 0.500000
56 70 0.500000
56 76 0.500000
56 77 0.500000
56 78 0.500000
56 80 0.500000
56 82 0.500000
56 84 0.500000
56 87 0.500000
56 91 0.500000
56 92 0.500000
56 96 0.500000
56 97 0.500000
56 99 0.500000
56 101 0.500000
56 104 0.500000
56 107 0.500000
56 108 0.500000
56 109 0.500000
56 110 0.500000
56 111 0.500000
56 112 0.500000
56 113 0.500000
56 117 0.500000
56 121 0.500000
56 122 0.500000
56 123 0.500000
56 124 0.500000
56 125 0.500000
56 126 0.500000
56 127 0.500000
56 128 0.500000
56 131 0.500000
56 132 0.500000
56 134 0.500000
56 135 0.500000
56 136 0.500000
56 137 0.500000
56 138 0.500000
57 58 0.500000
57 60 0.500000
57 61 0.500000
57 63 0.500000
57 64 0.500000
57 74 0.500000
57 75 0.500000
57 77 0.500000
57 81 0.500000
57 82 0.500000
57 84 0.500000
57 86 0.500000
57 87 0.500000
57 88 0.500000
57 89 0.500000
57 94 0.500000
57 95 0.500000
57 97 0.500000
57 99 0.500000
57 100 0.500000
57 101 0.500000
57 107 0.500000
57 108 0.500000
57 110 0.500000
57 111 0.500000
57 112 0.500000
57 113 0.500000
57 117 0.500000
57 120 0.500000
57 123 0.500000
57 124 0.500000
57 125 0.500000
57 128 0.500000
57 129 0.500000
57 132 0.500000
57 135 0.500000
57 136 0.500000
57 137 0.500000
57 139 0.500000
57 140 0.500000
58 62 0.500000
58 63 0.500000
58 64 0.500000
58 65 0.500000
58 67 0.500000
58 68 0.500000
58 70 0.500000
58 76 0.500000
58 80 0.500000
58 81 0.500000
58 82 0.500000
58 84 0.500000
58 87 0.500000
58 90 0.500000
58 91 0.500000
58 96 0.500000
58 103 0.500000
58 105 0.500000
58 108 0.500000
58 109 0.500000
58 111 0.500000
58 112 0.500000
58 117 0.500000
58 119 0.500000
58 124 0.500000
58 125 0.500000
58 126 0.500000
58 127 0.500000
58 129 0.500000
58 130 0.500000
58 132 0.500000
58 135 0.500000
58 137 0.500000
58 139 0.500000
59 61 0.500000
59 62 0.500000
59 64 0.500000
59 66 0.500000
59 67 0.500000
59 69 0.500000
59 70 0.500000
59 71 0.500000
59 76 0.500000
59 78 0.500000
59 82 0.500000
59 84 0.500000
59 85 0.500000
59 87 0.500000
59 89 0.500000
59 92 0.500000
59 94 0.500000
59 95 0.500000
59 96 0.500000
59 100 0.500000
59 101 0.500000
59 102 0.500000
59 104 0.500000
59 105 0.500000
59 106 0.500000
59 107 0.500000
59 110 0.500000
59 111 0.500000
59 112 0.500000
59 115 0.500000
59 116 0.500000
59 117 0.500000
59 118 0.500000
59 119 0.500000
59 120 0.500000
59 123 0.500000
59 127 0.500000
59 128 0.500000
59 132 0.500000
59 133 0.500000
59 134 0.500000
59 136 0.500000
59 140 0.500000
60 63 0.500000
60 65 0.500000
60 67 0.500000
60 69 0.500000
60 70 0.500000
60 71 0.500000
60 72 0.500000
60 75 0.500000
60 76 0.500000
60 77 0.500000
60 80 0.500000
60 82 0.500000
60 88 0.500000
60 89 0.500000
60 90 0.500000
60 91 0.500000
60 92 0.500000
60 94 0.500000
60 97 0.500000
60 98 0.500000
60 99 0.500000
60 100 0.500000
60 101 0.500000
60 102 0.500000
60 106 0.500000
60 111 0.500000
60 112 0.500000
60 114 0.500000
60 116 0.500000
60 117 0.500000
60 118 0.500000
60 121 0.500000
60 124 0.500000
60 125 0.500000
60 126 0.500000
60 128 0.500000
60 129 0.500000
60 133 0.500000
60 134 0.500000
60 137 0.500000
60 138 0.500000
60 140 0.500000
61 65 0.500000
61 66 0.500000
61 67 0.500000
61 68 0.500000
61 69 0.500000
61 71 0.500000
61 80 0.500000
61 87 0.500000
61 89 0.500000
61 91 0.500000
61 95 0.500000
61 97 0.500000
61 100 0.500000
61 101 0.500000
61 102 0.500000
61 103 0.500000
61 105 0.500000
61 106 0.500000
61 107 0.500000
61 108 0.500000
61 109 0.500000
61 111 0.500000
61 112 0.500000
61 115 0.500000
61 116 0.500000
61 118 0.500000
61 119 0.500000
61 120 0.500000
61 121 0.500000
61 123 0.500000
61 125 0.500000
61 129 0.500000
61 130 0.500000
61 131 0.500000
61 132 0.500000
61 134 0.500000
61 135 0.500000
61 136 0.500000
61 138 0.500000
61 139 0.500000
62 65 0.500000
62 70 0.500000
62 71 0.500000
62 73 0.500000
62 74 0.500000
62 76 0.500000
62 77 0.500000
62 81 0.500000
62 82 0.500000
62 86 0.500000
62 89 0.500000
62 90 0.500000
62 92 0.500000
62 94 0.500000
62 98 0.500000
62 104 0.500000
62 106 0.500000
62 107 0.500000
62 110 0.500000
62 112 0.500000
62 113 0.500000
62 114 0.500000
62 115 0.500000
62 119 0.500000
62 121 0.500000
62 122 0.500000
62 123 0.500000
62 124 0.500000
62 129 0.500000
62 130 0.500000
62 132 0.500000
62 133 0.500000
62 134 0.500000
62 137 0.500000
62 138 0.500000
62 139 0.500000
62 140 0.500000
63 64 0.500000
63 65 0.500000
63 67 0.500000
63 70 0.500000
63 73 0.500000
63 75 0.500000
63 77 0.500000
63 78 0.500000
63 79 0.500000
63 80 0.500000
63 83 0.500000
63 84 0.500000
63 85 0.500000
63 89 0.500000
63 90 0.500000
63 91 0.500000
63 93 0.500000
63 94 0.500000
63 97 0.500000
63 100 0.500000
63 105 0.500000
63 109 0.500000
63 111 0.500000
63 113 0.500000
63 114 0.500000
63 115 0.500000
63 119 0.500000
63 122 0.500000
63 123 0.500000
63 124 0.500000
63 128 0.500000
63 130 0.500000
63 131 0.500000
63 132 0.500000
63 133 0.500000
63 134 0.500000
63 135 0.500000
64 65 0.500000
64 66 0.500000
64 68 0.500000
64 73 0.500000
64 76 0.500000
64 77 0.500000
64 78 0.500000
64 79 0.500000
64 80 0.500000
64 81 0.500000
64 82 0.500000
64 84 0.500000
64 86 0.500000
64 89 0.500000
64 92 0.500000
64 94 0.500000
64 95 0.500000
64 96 0.500000
64 102 0.500000
64 103 0.500000
64 106 0.500000
64 108 0.500000
64 109 0.500000
64 110 0.500000
64 111 0.500000
64 113 0.500000
64 114 0.500000
64 118 0.500000
64 119 0.500000
64 121 0.500000
64 122 0.500000
64 125 0.500000
64 128 0.500000
64 130 0.500000
64 131 0.500000
64 132 0.500000
64 133 0.500000
64 134 0.500000
64 136 0.500000
64 140 0.500000
65 67 0.500000
65 69 0.500000
65 71 0.500000
65 74 0.500000
65 75 0.500000
65 78 0.500000
65 83 0.500000
65 84 0.500000
65 85 0.500000
65 86 0.500000
65 91 0.500000
65 94 0.500000
65 96 0.500000
65 98 0.500000
65 99 0.500000
65 100 0.500000
65 102 0.500000
65 103 0.500000
65 104 0.500000
65 108 0.500000
65 109 0.500000
65 110 0.500000
65 114 0.500000
65 115 0.500000
65 116 0.500000
65 119 0.500000
65 121 0.500000
65 123 0.500000
65 124 0.500000
65 128 0.500000
65 130 0.500000
65 134 0.500000
65 135 0.500000
65 137 0.500000
65 139 0.500000
65 140 0.500000
66 70 0.500000
66 72 0.500000
66 74 0.500000
66 75 0.500000
66 77 0.500000
66 79 0.500000
66 81 0.500000
66 83 0.500000
66 84 0.500000
66 85 0.500000
66 87 0.500000
66 88 0.500000
66 89 0.500000
66 90 0.500000
66 91 0.500000
66 93 0.500000
66 95 0.500000
66 97 0.500000
66 101 0.500000
66 102 0.500000
66 104 0.500000
66 105 0.500000
66 108 0.500000
66 109 0.500000
66 112 0.500000
66 114 0.500000
66 115 0.500000
66 116 0.500000
66 117 0.500000
66 118 0.500000
66 119 0.500000
66 120 0.500000
66 123 0.500000
66 129 0.500000
66 133 0.500000
66 137 0.500000
66 138 0.500000
66 139 0.500000
67 68 0.500000
67 72 0.500000
67 73 0.500000
67 74 0.500000
67 75 0.500000
67 78 0.500000
67 81 0.500000
67 84 0.500000
67 91 0.500000
67 92 0.500000
67 95 0.500000
67 96 0.500000
67 98 0.500000
67 100 0.500000
67 102 0.500000
67 104 0.500000
67 105 0.500000
67 106 0.500000
67 111 0.500000
67 113 0.500000
67 119 0.500000
67 121 0.500000
67 122 0.500000
67 127 0.500000
67 128 0.500000
67 130 0.500000
67 131 0.500000
67 132 0.500000
67 134 0.500000
67 135 0.500000
67 137 0.500000
67 139 0.500000
68 74 0.500000
68 77 0.500000
68 79 0.500000
68 80 0.500000
68 84 0.500000
68 86 0.500000
68 87 0.500000
68 89 0.500000
68 90 0.500000
68 92 0.500000
68 94 0.500000
68 96 0.500000
68 101 0.500000
68 102 0.500000
68 103 0.500000
68 105 0.500000
68 107 0.500000
68 109 0.500000
68 111 0.500000
68 113 0.500000
68 115 0.500000
68 120 0.500000
68 123 0.500000
68 124 0.500000
68 126 0.500000
68 128 0.500000
68 129 0.500000
68 131 0.500000
68 132 0.500000
68 133 0.500000
68 136 0.500000
68 137 0.500000
68 138 0.500000
68 140 0.500000
69 71 0.500000
69 74 0.500000
69 75 0.500000
69 77 0.500000
69 78 0.500000
69 80 0.500000
69 82 0.500000
69 85 0.500000
69 90 0.500000
69 95 0.500000
69 96 0.500000
69 98 0.500000
69 99 0.500000
69 103 0.500000
69 104 0.500000
69 105 0.500000
69 106 0.500000
69 108 0.500000
69 110 0.500000
69 111 0.500000
69 113 0.500000
69 114 0.500000
69 116 0.500000
69 123 0.500000
69 126 0.500000
69 131 0.500000
69 132 0.500000
69 133 0.500000
69 134 0.500000
69 135 0.500000
69 136 0.500000
69 140 0.500000
70 75 0.500000
70 78 0.500000
70 79 0.500000
70 80 0.500000
70 81 0.500000
70 83 0.500000
70 85 0.500000
70 86 0.500000
70 88 0.500000
70 93 0.500000
70 97 0.500000
70 99 0.500000
70 100 0.500000
70 101 0.500000
70 105 0.500000
70 107 0.500000
70 109 0.500000
70 110 0.500000
70 112 0.500000
70 113 0.500000
70 117 0.500000
70 118 0.500000
70 119 0.500000
70 120 0.500000
70 122 0.500000
70 123 0.500000
70 127 0.500000
70 134 0.500000
70 137 0.500000
70 138 0.500000
70 139 0.500000
71 73 0.500000
71 75 0.500000
71 76 0.500000
71 77 0.500000
71 78 0.500000
71 81 0.500000
71 83 0.500000
71 85 0.500000
71 86 0.500000
71 87 0.500000
71 91 0.500000
71 92 0.500000
71 93 0.500000
71 95 0.500000
71 97 0.500000
71 98 0.500000
71 99 0.500000
71 100 0.500000
71 103 0.500000
71 104 0.500000
71 105 0.500000
71 106 0.500000
71 109 0.500000
71 111 0.500000
71 113 0.500000
71 114 0.500000
71 115 0.500000
71 117 0.500000
71 121 0.500000
71 122 0.500000
71 123 0.500000
71 124 0.500000
71 125 0.500000
71 128 0.500000
71 130 0.500000
71 134 0.500000
71 136 0.500000
71 137 0.500000
71 138 0.500000
71 140 0.500000
72 73 0.500000
72 74 0.500000
72 77 0.500000
72 79 0.500000
72 82 0.500000
72 84 0.500000
72 87 0.500000
72 88 0.500000
72 90 0.500000
72 91 0.500000
72 92 0.500000
72 93 0.500000
72 94 0.500000
72 98 0.500000
72 100 0.500000
72 101 0.500000
72 102 0.500000
72 106 0.500000
72 108 0.500000
72 110 0.500000
72 111 0.500000
72 112 0.500000
72 116 0.500000
72 117 0.500000
72 118 0.500000
72 119 0.500000
72 120 0.500000
72 121 0.500000
72 122 0.500000
72 123 0.500000
72 125 0.500000
72 127 0.500000
72 128 0.500000
72 129 0.500000
72 134 0.500000
72 135 0.500000
73 74 0.500000
73 75 0.500000
73 76 0.500000
73 77 0.500000
73 78 0.500000
73 79 0.500000
73 81 0.500000
73 84 0.500000
73 85 0.500000
73 86 0.500000
73 87 0.500000
73 90 0.500000
73 93 0.500000
73 95 0.500000
73 96 0.500000
73 98 0.500000
73 102 0.500000
73 103 0.500000
73 104 0.500000
73 105 0.500000
73 108 0.500000
73 118 0.500000
73 120 0.500000
73 126 0.500000
73 127 0.500000
73 128 0.500000
73 130 0.500000
73 131 0.500000
73 136 0.500000
74 75 0.500000
74 79 0.500000
74 80 0.500000
74 84 0.500000
74 88 0.500000
74 90 0.500000
74 91 0.500000
74 92 0.500000
74 93 0.500000
74 95 0.500000
74 96 0.500000
74 97 0.500000
74 100 0.500000
74 102 0.500000
74 103 0.500000
74 106 0.500000
74 108 0.500000
74 113 0.500000
74 116 0.500000
74 118 0.500000
74 122 0.500000
74 123 0.500000
74 125 0.500000
74 126 0.500000
74 128 0.500000
74 130 0.500000
74 133 0.500000
74 135 0.500000
74 136 0.500000
74 137 0.500000
74 139 0.500000
74 140 0.500000
75 76 0.500000
75 77 0.500000
75 80 0.500000
75 82 0.500000
75 83 0.500000
75 89 0.500000
75 90 0.500000
75 91 0.500000
75 94 0.500000
75 95 0.500000
75 103 0.500000
75 105 0.500000
75 109 0.500000
75 110 0.500000
75 111 0.500000
75 112 0.500000
75 113 0.500000
75 117 0.500000
75 118 0.500000
75 121 0.500000
75 122 0.500000
75 123 0.500000
75 125 0.500000
75 126 0.500000
75 127 0.500000
75 128 0.500000
75 130 0.500000
75 132 0.500000
75 133 0.500000
75 135 0.500000
75 136 0.500000
75 137 0.500000
75 140 0.500000
76 77 0.500000
76 80 0.500000
76 81 0.500000
76 83 0.500000
76 86 0.500000
76 87 0.500000
76 88 0.500000
76 89 0.500000
76 91 0.500000
76 94 0.500000
76 97 0.500000
76 99 0.500000
76 102 0.500000
76 103 0.500000
76 104 0.500000
76 106 0.500000
76 108 0.500000
76 111 0.500000
76 114 0.500000
76 116 0.500000
76 117 0.500000
76 118 0.500000
76 119 0.500000
76 120 0.500000
76 121 0.500000
76 122 0.500000
76 123 0.500000
76 124 0.500000
76 128 0.500000
76 131 0.500000
76 132 0.500000
76 138 0.500000
77 78 0.500000
77 79 0.500000
77 80 0.500000
77 81 0.500000
77 82 0.500000
77 86 0.500000
77 87 0.500000
77 88 0.500000
77 90 0.500000
77 91 0.500000
77 92 0.500000
77 93 0.500000
77 95 0.500000
77 96 0.500000
77 97 0.500000
77 98 0.500000
77 105 0.500000
77 109 0.500000
77 110 0.500000
77 111 0.500000
77 112 0.500000
77 113 0.500000
77 117 0.500000
77 120 0.500000
77 122 0.500000
77 123 0.500000
77 124 0.500000
77 126 0.500000
77 128 0.500000
77 130 0.500000
77 131 0.500000
77 134 0.500000
77 135 0.500000
77 139 0.500000
77 140 0.500000
78 79 0.500000
78 82 0.500000
78 84 0.500000
78 89 0.500000
78 92 0.500000
78 93 0.500000
78 94 0.500000
78 95 0.500000
78 97 0.500000
78 98 0.500000
78 101 0.500000
78 102 0.500000
78 103 0.500000
78 104 0.500000
78 105 0.500000
78 106 0.500000
78 108 0.500000
78 109 0.500000
78 110 0.500000
78 112 0.500000
78 114 0.500000
78 115 0.500000
78 116 0.500000
78 119 0.500000
78 120 0.500000
78 126 0.500000
78 127 0.500000
78 129 0.500000
78 131 0.500000
78 135 0.500000
78 137 0.500000
78 138 0.500000
78 140 0.500000
79 82 0.500000
79 83 0.500000
79 84 0.500000
79 86 0.500000
79 88 0.500000
79 95 0.500000
79 96 0.500000
79 97 0.500000
79 98 0.500000
79 99 0.500000
79 100 0.500000
79 101 0.500000
79 104 0.500000
79 106 0.500000
79 107 0.500000
79 109 0.500000
79 110 0.500000
79 112 0.500000
79 113 0.500000
79 115 0.500000
79 117 0.500000
79 118 0.500000
79 120 0.500000
79 122 0.500000
79 123 0.500000
79 124 0.500000
79 126 0.500000
79 127 0.500000
79 128 0.500000
79 131 0.500000
79 133 0.500000
79 134 0.500000
79 136 0.500000
79 138 0.500000
80 83 0.500000
80 84 0.500000
80 86 0.500000
80 91 0.500000
80 93 0.500000
80 94 0.500000
80 97 0.500000
80 99 0.500000
80 100 0.500000
80 101 0.500000
80 102 0.500000
80 103 0.500000
80 104 0.500000
80 107 0.500000
80 108 0.500000
80 109 0.500000
80 110 0.500000
80 111 0.500000
80 112 0.500000
80 115 0.500000
80 116 0.500000
80 117 0.500000
80 121 0.500000
80 124 0.500000
80 125 0.500000
80 126 0.500000
80 129 0.500000
80 135 0.500000
80 137 0.500000
80 138 0.500000
80 139 0.500000
80 140 0.500000
81 82 0.500000
81 83 0.500000
81 85 0.500000
81 89 0.500000
81 92 0.500000
81 93 0.500000
81 94 0.500000
81 95 0.500000
81 97 0.500000
81 99 0.500000
81 101 0.500000
81 102 0.500000
81 105 0.500000
81 109 0.500000
81 110 0.500000
81 111 0.500000
81 113 0.500000
81 114 0.500000
81 116 0.500000
81 118 0.500000
81 119 0.500000
81 120 0.500000
81 121 0.500000
81 123 0.500000
81 124 0.500000
81 125 0.500000
81 126 0.500000
81 127 0.500000
81 128 0.500000
81 129 0.500000
81 133 0.500000
81 134 0.500000
81 140 0.500000
82 83 0.500000
82 85 0.500000
82 86 0.500000
82 87 0.500000
82 90 0.500000
82 91 0.500000
82 92 0.500000
82 95 0.500000
82 96 0.500000
82 101 0.500000
82 102 0.500000
82 104 0.500000
82 106 0.500000
82 108 0.500000
82 110 0.500000
82 111 0.500000
82 112 0.500000
82 113 0.500000
82 116 0.500000
82 117 0.500000
82 119 0.500000
82 121 0.500000
82 124 0.500000
82 126 0.500000
82 127 0.500000
82 129 0.500000
82 132 0.500000
82 133 0.500000
82 135 0.500000
82 136 0.500000
82 137 0.500000
82 138 0.500000
82 139 0.500000
83 84 0.500000
83 86 0.500000
83 87 0.500000
83 88 0.500000
83 89 0.500000
83 90 0.500000
83 93 0.500000
83 94 0.500000
83 95 0.500000
83 96 0.500000
83 97 0.500000
83 99 0.500000
83 101 0.500000
83 102 0.500000
83 103 0.500000
83 105 0.500000
83 106 0.500000
83 107 0.500000
83 108 0.500000
83 109 0.500000
83 111 0.500000
83 114 0.500000
83 116 0.500000
83 120 0.500000
83 122 0.500000
83 123 0.500000
83 126 0.500000
83 129 0.500000
83 131 0.500000
83 132 0.500000
83 136 0.500000
83 137 0.500000
83 139 0.500000
83 140 0.500000
84 85 0.500000
84 87 0.500000
84 90 0.500000
84 92 0.500000
84 93 0.500000
84 94 0.500000
84 95 0.500000
84 96 0.500000
84 98 0.500000
84 100 0.500000
84 102 0.500000
84 103 0.500000
84 105 0.500000
84 106 0.500000
84 107 0.500000
84 113 0.500000
84 115 0.500000
84 116 0.500000
84 117 0.500000
84 118 0.500000
84 119 0.500000
84 120 0.500000
84 125 0.500000
84 126 0.500000
84 128 0.500000
84 130 0.500000
84 132 0.500000
84 133 0.500000
84 135 0.500000
84 137 0.500000
85 86 0.500000
85 88 0.500000
85 90 0.500000
85 92 0.500000
85 93 0.500000
85 95 0.500000
85 97 0.500000
85 98 0.500000
85 100 0.500000
85 104 0.500000
85 106 0.500000
85 107 0.500000
85 109 0.500000
85 111 0.500000
85 113 0.500000
85 114 0.500000
85 117 0.500000
85 118 0.500000
85 120 0.500000
85 121 0.500000
85 123 0.500000
85 132 0.500000
85 133 0.500000
85 136 0.500000
85 137 0.500000
85 140 0.500000
86 87 0.500000
86 91 0.500000
86 93 0.500000
86 94 0.500000
86 95 0.500000
86 96 0.500000
86 97 0.500000
86 98 0.500000
86 99 0.500000
86 104 0.500000
86 105 0.500000
86 107 0.500000
86 109 0.500000
86 112 0.500000
86 113 0.500000
86 117 0.500000
86 119 0.500000
86 121 0.500000
86 125 0.500000
86 126 0.500000
86 128 0.500000
86 132 0.500000
86 133 0.500000
86 137 0.500000
86 138 0.500000
86 139 0.500000
86 140 0.500000
87 91 0.500000
87 92 0.500000
87 93 0.500000
87 97 0.500000
87 98 0.500000
87 100 0.500000
87 101 0.500000
87 103 0.500000
87 106 0.500000
87 108 0.500000
87 110 0.500000
87 113 0.500000
87 114 0.500000
87 116 0.500000
87 118 0.500000
87 119 0.500000
87 122 0.500000
87 124 0.500000
87 125 0.500000
87 127 0.500000
87 128 0.500000
87 130 0.500000
87 131 0.500000
87 133 0.500000
87 134 0.500000
87 135 0.500000
87 138 0.500000
87 139 0.500000
87 140 0.500000
88 89 0.500000
88 90 0.500000
88 91 0.500000
88 92 0.500000
88 94 0.500000
88 95 0.500000
88 96 0.500000
88 97 0.500000
88 101 0.500000
88 105 0.500000
88 106 0.500000
88 109 0.500000
88 110 0.500000
88 111 0.500000
88 112 0.500000
88 113 0.500000
88 114 0.500000
88 116 0.500000
88 120 0.500000
88 123 0.500000
88 125 0.500000
88 127 0.500000
88 128 0.500000
88 129 0.500000
88 132 0.500000
88 135 0.500000
88 138 0.500000
88 139 0.500000
88 140 0.500000
89 90 0.500000
89 92 0.500000
89 93 0.500000
89 94 0.500000
89 104 0.500000
89 105 0.500000
89 108 0.500000
89 110 0.500000
89 111 0.500000
89 114 0.500000
89 117 0.500000
89 118 0.500000
89 119 0.500000
89 120 0.500000
89 125 0.500000
89 127 0.500000
89 130 0.500000
89 131 0.500000
89 133 0.500000
89 134 0.500000
89 139 0.500000
90 92 0.500000
90 93 0.500000
90 94 0.500000
90 97 0.500000
90 99 0.500000
90 100 0.500000
90 104 0.500000
90 105 0.500000
90 106 0.500000
90 107 0.500000
90 108 0.500000
90 109 0.500000
90 112 0.500000
90 113 0.500000
90 115 0.500000
90 117 0.500000
90 118 0.500000
90 120 0.500000
90 123 0.500000
90 125 0.500000
90 129 0.500000
90 134 0.500000
90 137 0.500000
91 92 0.500000
91 94 0.500000
91 96 0.500000
91 97 0.500000
91 98 0.500000
91 100 0.500000
91 101 0.500000
91 103 0.500000
91 105 0.500000
91 107 0.500000
91 108 0.500000
91 112 0.500000
91 114 0.500000
91 120 0.500000
91 123 0.500000
91 124 0.500000
91 125 0.500000
91 126 0.500000
91 127 0.500000
91 128 0.500000
91 129 0.500000
91 130 0.500000
91 133 0.500000
91 134 0.500000
91 136 0.500000
91 140 0.500000
92 93 0.500000
92 97 0.500000
92 98 0.500000
92 99 0.500000
92 103 0.500000
92 104 0.500000
92 108 0.500000
92 109 0.500000
92 110 0.500000
92 112 0.500000
92 114 0.500000
92 115 0.500000
92 116 0.500000
92 117 0.500000
92 118 0.500000
92 119 0.500000
92 121 0.500000
92 124 0.500000
92 125 0.500000
92 126 0.500000
92 128 0.500000
92 130 0.500000
92 131 0.500000
92 133 0.500000
92 134 0.500000
92 135 0.500000
92 137 0.500000
92 139 0.500000
92 140 0.500000
93 94 0.500000
93 95 0.500000
93 97 0.500000
93 99 0.500000
93 100 0.500000
93 101 0.500000
93 102 0.500000
93 104 0.500000
93 105 0.500000
93 107 0.500000
93 109 0.500000
93 110 0.500000
93 112 0.500000
93 116 0.500000
93 117 0.500000
93 118 0.500000
93 121 0.500000
93 123 0.500000
93 127 0.500000
93 128 0.500000
93 132 0.500000
93 133 0.500000
93 135 0.500000
93 138 0.500000
93 139 0.500000
94 96 0.500000
94 97 0.500000
94 101 0.500000
94 102 0.500000
94 103 0.500000
94 106 0.500000
94 108 0.500000
94 109 0.500000
94 110 0.500000
94 111 0.500000
94 112 0.500000
94 113 0.500000
94 114 0.500000
94 115 0.500000
94 117 0.500000
94 126 0.500000
94 131 0.500000
94 132 0.500000
94 133 0.500000
94 134 0.500000
94 135 0.500000
94 136 0.500000
94 138 0.500000
94 139 0.500000
95 96 0.500000
95 99 0.500000
95 104 0.500000
95 105 0.500000
95 109 0.500000
95 110 0.500000
95 111 0.500000
95 112 0.500000
95 114 0.500000
95 115 0.500000
95 117 0.500000
95 118 0.500000
95 119 0.500000
95 120 0.500000
95 121 0.500000
95 124 0.500000
95 129 0.500000
95 131 0.500000
95 132 0.500000
95 134 0.500000
95 136 0.500000
96 101 0.500000
96 102 0.500000
96 105 0.500000
96 112 0.500000
96 114 0.500000
96 115 0.500000
96 118 0.500000
96 119 0.500000
96 120 0.500000
96 122 0.500000
96 123 0.500000
96 124 0.500000
96 125 0.500000
96 127 0.500000
96 128 0.500000
96 130 0.500000
96 132 0.500000
96 136 0.500000
96 138 0.500000
96 139 0.500000
97 98 0.500000
97 99 0.500000
97 102 0.500000
97 104 0.500000
97 109 0.500000
97 111 0.500000
97 112 0.500000
97 116 0.500000
97 117 0.500000
97 118 0.500000
97 119 0.500000
97 120 0.500000
97 121 0.500000
97 122 0.500000
97 123 0.500000
97 124 0.500000
97 125 0.500000
97 128 0.500000
97 130 0.500000
97 132 0.500000
97 134 0.500000
97 137 0.500000
97 139 0.500000
97 140 0.500000
98 99 0.500000
98 102 0.500000
98 103 0.500000
98 105 0.500000
98 106 0.500000
98 110 0.500000
98 113 0.500000
98 115 0.500000
98 116 0.500000
98 118 0.500000
98 120 0.500000
98 121 0.500000
98 123 0.500000
98 126 0.500000
98 128 0.500000
98 132 0.500000
98 134 0.500000
98 135 0.500000
98 139 0.500000
99 101 0.500000
99 102 0.500000
99 103 0.500000
99 107 0.500000
99 110 0.500000
99 111 0.500000
99 113 0.500000
99 114 0.500000
99 118 0.500000
99 119 0.500000
99 122 0.500000
99 124 0.500000
99 128 0.500000
99 130 0.500000
99 132 0.500000
99 133 0.500000
100 101 0.500000
100 104 0.500000
100 109 0.500000
100 110 0.500000
100 111 0.500000
100 112 0.500000
100 114 0.500000
100 115 0.500000
100 118 0.500000
100 119 0.500000
100 121 0.500000
100 124 0.500000
100 125 0.500000
100 126 0.500000
100 129 0.500000
100 130 0.500000
100 132 0.500000
100 133 0.500000
100 140 0.500000
101 103 0.500000
101 104 0.500000
101 107 0.500000
101 111 0.500000
101 112 0.500000
101 113 0.500000
101 114 0.500000
101 117 0.500000
101 118 0.500000
101 120 0.500000
101 121 0.500000
101 124 0.500000
101 125 0.500000
101 126 0.500000
101 128 0.500000
101 135 0.500000
101 136 0.500000
101 139 0.500000
101 140 0.500000
102 105 0.500000
102 106 0.500000
102 110 0.500000
102 111 0.500000
102 112 0.500000
102 113 0.500000
102 115 0.500000
102 116 0.500000
102 118 0.500000
102 119 0.500000
102 121 0.500000
102 122 0.500000
102 125 0.500000
102 126 0.500000
102 130 0.500000
102 132 0.500000
102 133 0.500000
102 135 0.500000
102 136 0.500000
102 138 0.500000
102 139 0.500000
103 105 0.500000
103 108 0.500000
103 111 0.500000
103 112 0.500000
103 113 0.500000
103 115 0.500000
103 116 0.500000
103 124 0.500000
103 126 0.500000
103 129 0.500000
103 130 0.500000
103 134 0.500000
103 136 0.500000
103 138 0.500000
103 139 0.500000
104 105 0.500000
104 106 0.500000
104 107 0.500000
104 109 0.500000
104 113 0.500000
104 114 0.500000
104 116 0.500000
104 120 0.500000
104 121 0.500000
104 122 0.500000
104 123 0.500000
104 124 0.500000
104 125 0.500000
104 126 0.500000
104 129 0.500000
104 130 0.500000
104 131 0.500000
104 132 0.500000
104 133 0.500000
104 136 0.500000
104 137 0.500000
105 106 0.500000
105 107 0.500000
105 108 0.500000
105 110 0.500000
105 114 0.500000
105 117 0.500000
105 118 0.500000
105 119 0.500000
105 120 0.500000
105 122 0.500000
105 123 0.500000
105 125 0.500000
105 126 0.500000
105 127 0.500000
105 131 0.500000
105 132 0.500000
105 133 0.500000
105 136 0.500000
105 139 0.500000
105 140 0.500000
106 108 0.500000
106 109 0.500000
106 114 0.500000
106 115 0.500000
106 117 0.500000
106 121 0.500000
106 122 0.500000
106 123 0.500000
106 128 0.500000
106 130 0.500000
106 133 0.500000
106 134 0.500000
106 135 0.500000
106 137 0.500000
106 138 0.500000
106 139 0.500000
106 140 0.500000
107 108 0.500000
107 109 0.500000
107 112 0.500000
107 113 0.500000
107 115 0.500000
107 119 0.500000
107 123 0.500000
107 124 0.500000
107 126 0.500000
107 127 0.500000
107 129 0.500000
107 130 0.500000
107 131 0.500000
107 133 0.500000
107 134 0.500000
107 135 0.500000
107 137 0.500000
107 140 0.500000
108 109 0.500000
108 110 0.500000
108 111 0.500000
108 112 0.500000
108 116 0.500000
108 118 0.500000
108 121 0.500000
108 124 0.500000
108 127 0.500000
108 130 0.500000
108 133 0.500000
108 134 0.500000
108 135 0.500000
108 137 0.500000
108 138 0.500000
109 111 0.500000
109 112 0.500000
109 114 0.500000
109 116 0.500000
109 117 0.500000
109 118 0.500000
109 119 0.500000
109 120 0.500000
109 121 0.500000
109 123 0.500000
109 126 0.500000
109 129 0.500000
109 130 0.500000
109 131 0.500000
109 132 0.500000
109 136 0.500000
109 138 0.500000
109 140 0.500000
110 112 0.500000
110 113 0.500000
110 114 0.500000
110 115 0.500000
110 116 0.500000
110 118 0.500000
110 120 0.500000
110 122 0.500000
110 125 0.500000
110 126 0.500000
110 127 0.500000
110 128 0.500000
110 129 0.500000
110 130 0.500000
110 134 0.500000
110 135 0.500000
110 137 0.500000
110 138 0.500000
110 139 0.500000
110 140 0.500000
111 112 0.500000
111 116 0.500000
111 122 0.500000
111 127 0.500000
111 128 0.500000
111 129 0.500000
111 130 0.500000
111 131 0.500000
111 132 0.500000
111 133 0.500000
111 135 0.500000
111 136 0.500000
111 138 0.500000
112 115 0.500000
112 119 0.500000
112 122 0.500000
112 124 0.500000
112 125 0.500000
112 126 0.500000
112 128 0.500000
112 129 0.500000
112 131 0.500000
112 136 0.500000
112 137 0.500000
112 139 0.500000
113 114 0.500000
113 115 0.500000
113 117 0.500000
113 118 0.500000
113 119 0.500000
113 121 0.500000
113 123 0.500000
113 124 0.500000
113 126 0.500000
113 133 0.500000
113 140 0.500000
114 116 0.500000
114 117 0.500000
114 118 0.500000
114 120 0.500000
114 121 0.500000
114 124 0.500000
114 126 0.500000
114 127 0.500000
114 129 0.500000
114 130 0.500000
114 132 0.500000
114 133 0.500000
114 134 0.500000
114 135 0.500000
114 136 0.500000
115 116 0.500000
115 117 0.500000
115 118 0.500000
115 119 0.500000
115 123 0.500000
115 128 0.500000
115 129 0.500000
115 132 0.500000
115 133 0.500000
115 135 0.500000
115 137 0.500000
116 117 0.500000
116 122 0.500000
116 123 0.500000
116 126 0.500000
116 128 0.500000
116 129 0.500000
116 130 0.500000
116 133 0.500000
116 134 0.500000
116 137 0.500000
116 139 0.500000
117 118 0.500000
117 119 0.500000
117 121 0.500000
117 122 0.500000
117 123 0.500000
117 125 0.500000
117 126 0.500000
117 127 0.500000
117 128 0.500000
117 131 0.500000
117 135 0.500000
117 140 0.500000
118 121 0.500000
118 127 0.500000
118 129 0.500000
118 131 0.500000
118 134 0.500000
118 137 0.500000
119 122 0.500000
119 123 0.500000
119 125 0.500000
119 126 0.500000
119 130 0.500000
119 132 0.500000
119 133 0.500000
119 134 0.500000
119 135 0.500000
120 121 0.500000
120 124 0.500000
120 125 0.500000
120 126 0.500000
120 130 0.500000
120 131 0.500000
120 132 0.500000
120 133 0.500000
120 134 0.500000
120 135 0.500000
121 123 0.500000
121 125 0.500000
121 128 0.500000
121 130 0.500000
121 131 0.500000
121 134 0.500000
121 135 0.500000
121 136 0.500000
121 138 0.500000
122 126 0.500000
122 127 0.500000
122 128 0.500000
122 129 0.500000
122 131 0.500000
122 132 0.500000
122 133 0.500000
122 134 0.500000
122 135 0.500000
122 136 0.500000
122 137 0.500000
122 139 0.500000
122 140 0.500000
123 128 0.500000
123 129 0.500000
123 130 0.500000
123 132 0.500000
123 134 0.500000
123 136 0.500000
123 137 0.500000
123 139 0.500000
124 125 0.500000
124 126 0.500000
124 127 0.500000
124 128 0.500000
124 129 0.500000
124 130 0.500000
124 132 0.500000
124 133 0.500000
124 135 0.500000
124 136 0.500000
124 137 0.500000
124 139 0.500000
124 140 0.500000
125 127 0.500000
125 128 0.500000
125 132 0.500000
125 134 0.500000
125 135 0.500000
125 137 0.500000
125 138 0.500000
125 139 0.500000
126 128 0.500000
126 129 0.500000
126 131 0.500000
126 134 0.500000
126 135 0.500000
126 137 0.500000
126 139 0.500000
127 128 0.500000
127 129 0.500000
127 131 0.500000
127 132 0.500000
127 135 0.500000
127 137 0.500000
127 140 0.500000
128 132 0.500000
128 133 0.500000
128 137 0.500000
128 140 0.500000
129 131 0.500000
129 133 0.500000
129 136 0.500000
129 139 0.500000
129 140 0.500000
130 131 0.500000
130 133 0.500000
130 134 0.500000
130 136 0.500000
130 137 0.500000
130 140 0.500000
131 133 0.500000
131 134 0.500000
131 135 0.500000
131 136 0.500000
131 137 0.500000
131 138 0.500000
132 133 0.500000
132 134 0.500000
132 135 0.500000
132 136 0.500000
132 137 0.500000
132 138 0.500000
133 135 0.500000
133 136 0.500000
133 139 0.500000
134 135 0.500000
134 138 0.500000
134 139 0.500000
134 140 0.500000
135 136 0.500000
136 138 0.500000
136 139 0.500000
136 140 0.500000
137 138 0.500000
138 139 0.500000
138 140 0.500000
