140 70 4865
1 2 0.500000
1 5 0.500000
1 8 0.500000
1 12 0.500000
1 16 0.500000
1 17 0.500000
1 23 0.500000
1 25 0.500000
1 29 0.500000
1 30 0.500000
1 31 0.500000
1 32 0.500000
1 33 0.500000
1 35 0.500000
1 36 0.500000
1 39 0.500000
1 40 0.500000
1 41 0.500000
1 44 0.500000
1 46 0.500000
1 48 0.500000
1 49 0.500000
1 50 0.500000
1 52 0.500000
1 54 0.500000
1 56 0.500000
1 58 0.500000
1 61 0.500000
1 63 0.500000
1 64 0.500000
1 65 0.500000
1 66 0.500000
1 67 0.500000
1 68 0.500000
1 69 0.500000
1 70 0.500000
1 73 0.500000
1 74 0.500000
1 75 0.500000
1 79 0.500000
1 82 0.500000
1 84 0.500000
1 85 0.500000
1 87 0.500000
1 89 0.500000
1 90 0.500000
1 91 0.500000
1 93 0.500000
1 96 0.500000
1 98 0.500000
1 99 0.500000
1 100 0.500000
1 101 0.500000
1 102 0.500000
1 103 0.500000
1 106 0.500000
1 107 0.500000
1 108 0.500000
1 110 0.500000
1 113 0.500000
1 115 0.500000
1 119 0.500000
1 122 0.500000
1 123 0.500000
1 125 0.500000
1 127 0.500000
1 128 0.500000
1 129 0.500000
1 134 0.500000
1 137 0.500000
1 140 0.500000
2 4 0.500000
2 5 0.500000
2 6 0.500000
2 10 0.500000
2 11 0.500000
2 13 0.500000
2 15 0.500000
2 17 0.500000
2 21 0.500000
2 22 0.500000
2 25 0.500000
2 26 0.500000
2 27 0.500000
2 28 0.500000
2 30 0.500000
2 34 0.500000
2 35 0.500000
2 36 0.500000
2 37 0.500000
2 38 0.500000
2 39 0.500000
2 42 0.500000
2 43 0.500000
2 45 0.500000
2 46 0.500000
2 51 0.500000
2 53 0.500000
2 54 0.500000
2 55 0.500000
2 56 0.500000
2 59 0.500000
2 61 0.500000
2 64 0.500000
2 67 0.500000
2 70 0.500000
2 72 0.500000
2 74 0.500000
2 76 0.500000
2 80 0.500000
2 81 0.500000
2 84 0.500000
2 85 0.500000
2 86 0.500000
2 87 0.500000
2 90 0.500000
2 91 0.500000
2 92 0.500000
2 93 0.500000
2 94 0.500000
2 97 0.500000
2 98 0.500000
2 99 0.500000
2 100 0.500000
2 104 0.500000
2 105 0.500000
2 106 0.500000
2 107 0.500000
2 110 0.500000
2 111 0.500000
2 112 0.500000
2 113 0.500000
2 120 0.500000
2 122 0.500000
2 124 0.500000
2 125 0.500000
2 126 0.500000
2 127 0.500000
2 129 0.500000
2 130 0.500000
2 132 0.500000
2 135 0.500000
2 136 0.500000
2 137 0.500000
2 138 0.500000
2 139 0.500000
3 6 0.500000
3 7 0.500000
3 10 0.500000
3 11 0.500000
3 13 0.500000
3 14 0.500000
3 15 0.500000
3 17 0.500000
3 18 0.500000
3 22 0.500000
3 24 0.500000
3 25 0.500000
3 26 0.500000
3 28 0.500000
3 29 0.500000
3 31 0.500000
3 32 0.500000
3 33 0.500000
3 34 0.500000
3 35 0.500000
3 37 0.500000
3 38 0.500000
3 39 0.500000
3 42 0.500000
3 44 0.500000
3 45 0.500000
3 47 0.500000
3 48 0.500000
3 49 0.500000
3 50 0.500000
3 52 0.500000
3 53 0.500000
3 54 0.500000
3 55 0.500000
3 59 0.500000
3 61 0.500000
3 63 0.500000
3 73 0.500000
3 74 0.500000
3 75 0.500000
3 78 0.500000
3 80 0.500000
3 81 0.500000
3 84 0.500000
3 86 0.500000
3 90 0.500000
3 91 0.500000
3 92 0.500000
3 93 0.500000
3 95 0.500000
3 103 0.500000
3 104 0.500000
3 105 0.500000
3 110 0.500000
3 112 0.500000
3 114 0.500000
3 115 0.500000
3 116 0.500000
3 117 0.500000
3 118 0.500000
3 119 0.500000
3 122 0.500000
3 124 0.500000
3 125 0.500000
3 127 0.500000
3 128 0.500000
3 133 0.500000
3 134 0.500000
3 135 0.500000
3 137 0.500000
3 140 0.500000
4 5 0.500000
4 6 0.500000
4 9 0.500000
4 12 0.500000
4 18 0.500000
4 22 0.500000
4 27 0.500000
4 34 0.500000
4 35 0.500000
4 38 0.500000
4 39 0.500000
4 40 0.500000
4 41 0.500000
4 48 0.500000
4 49 0.500000
4 50 0.500000
4 51 0.500000
4 52 0.500000
4 54 0.500000
4 55 0.500000
4 56 0.500000
4 60 0.500000
4 62 0.500000
4 65 0.500000
4 66 0.500000
4 67 0.500000
4 68 0.500000
4 70 0.500000
4 72 0.500000
4 73 0.500000
4 77 0.500000
4 79 0.500000
4 82 0.500000
4 85 0.500000
4 87 0.500000
4 90 0.500000
4 91 0.500000
4 92 0.500000
4 95 0.500000
4 98 0.500000
4 99 0.500000
4 100 0.500000
4 101 0.500000
4 104 0.500000
4 106 0.500000
4 107 0.500000
4 112 0.500000
4 113 0.500000
4 116 0.500000
4 117 0.500000
4 119 0.500000
4 121 0.500000
4 124 0.500000
4 126 0.500000
4 128 0.500000
4 129 0.500000
4 133 0.500000
4 134 0.500000
4 136 0.500000
4 138 0.500000
4 139 0.500000
4 140 0.500000
5 6 0.500000
5 7 0.500000
5 8 0.500000
5 10 0.500000
5 11 0.500000
5 12 0.500000
5 13 0.500000
5 15 0.500000
5 16 0.500000
5 20 0.500000
5 22 0.500000
5 25 0.500000
5 26 0.500000
5 27 0.500000
5 28 0.500000
5 31 0.500000
5 32 0.500000
5 33 0.500000
5 34 0.500000
5 35 0.500000
5 36 0.500000
5 37 0.500000
5 39 0.500000
5 40 0.500000
5 41 0.500000
5 44 0.500000
5 46 0.500000
5 51 0.500000
5 52 0.500000
5 53 0.500000
5 55 0.500000
5 56 0.500000
5 57 0.500000
5 58 0.500000
5 63 0.500000
5 64 0.500000
5 65 0.500000
5 66 0.500000
5 73 0.500000
5 76 0.500000
5 77 0.500000
5 78 0.500000
5 79 0.500000
5 81 0.500000
5 82 0.500000
5 83 0.500000
5 84 0.500000
5 87 0.500000
5 88 0.500000
5 89 0.500000
5 90 0.500000
5 92 0.500000
5 94 0.500000
5 95 0.500000
5 96 0.500000
5 98 0.500000
5 100 0.500000
5 104 0.500000
5 107 0.500000
5 108 0.500000
5 109 0.500000
5 110 0.500000
5 112 0.500000
5 113 0.500000
5 114 0.500000
5 117 0.500000
5 121 0.500000
5 122 0.500000
5 123 0.500000
5 125 0.500000
5 128 0.500000
5 132 0.500000
5 135 0.500000
5 136 0.500000
5 137 0.500000
5 138 0.500000
5 139 0.500000
5 140 0.500000
6 7 0.500000
6 9 0.500000
6 10 0.500000
6 11 0.500000
6 15 0.500000
6 17 0.500000
6 19 0.500000
6 20 0.500000
6 21 0.500000
6 27 0.500000
6 29 0.500000
6 30 0.500000
6 31 0.500000
6 32 0.500000
6 34 0.500000
6 35 0.500000
6 38 0.500000
6 40 0.500000
6 41 0.500000
6 42 0.500000
6 44 0.500000
6 45 0.500000
6 46 0.500000
6 47 0.500000
6 50 0.500000
6 51 0.500000
6 52 0.500000
6 56 0.500000
6 58 0.500000
6 59 0.500000
6 60 0.500000
6 62 0.500000
6 66 0.500000
6 69 0.500000
6 71 0.500000
6 72 0.500000
6 73 0.500000
6 75 0.500000
6 78 0.500000
6 80 0.500000
6 81 0.500000
6 82 0.500000
6 84 0.500000
6 87 0.500000
6 89 0.500000
6 90 0.500000
6 91 0.500000
6 92 0.500000
6 93 0.500000
6 97 0.500000
6 99 0.500000
6 100 0.500000
6 101 0.500000
6 103 0.500000
6 107 0.500000
6 110 0.500000
6 112 0.500000
6 113 0.500000
6 114 0.500000
6 116 0.500000
6 119 0.500000
6 121 0.500000
6 122 0.500000
6 123 0.500000
6 125 0.500000
6 127 0.500000
6 128 0.500000
6 129 0.500000
6 131 0.500000
6 133 0.500000
6 134 0.500000
6 135 0.500000
6 136 0.500000
6 138 0.500000
6 140 0.500000
7 9 0.500000
7 13 0.500000
7 14 0.500000
7 15 0.500000
7 16 0.500000
7 17 0.500000
7 23 0.500000
7 25 0.500000
7 26 0.500000
7 27 0.500000
7 28 0.500000
7 31 0.500000
7 34 0.500000
7 36 0.500000
7 41 0.500000
7 43 0.500000
7 44 0.500000
7 45 0.500000
7 51 0.500000
7 56 0.500000
7 59 0.500000
7 62 0.500000
7 63 0.500000
7 64 0.500000
7 65 0.500000
7 68 0.500000
7 73 0.500000
7 75 0.500000
7 77 0.500000
7 79 0.500000
7 80 0.500000
7 82 0.500000
7 83 0.500000
7 85 0.500000
7 87 0.500000
7 89 0.500000
7 90 0.500000
7 91 0.500000
7 93 0.500000
7 94 0.500000
7 95 0.500000
7 98 0.500000
7 99 0.500000
7 100 0.500000
7 101 0.500000
7 103 0.500000
7 104 0.500000
7 108 0.500000
7 109 0.500000
7 110 0.500000
7 111 0.500000
7 112 0.500000
7 115 0.500000
7 116 0.500000
7 119 0.500000
7 122 0.500000
7 123 0.500000
7 128 0.500000
7 129 0.500000
7 131 0.500000
7 132 0.500000
7 133 0.500000
7 135 0.500000
7 136 0.500000
7 138 0.500000
7 139 0.500000
7 140 0.500000
8 9 0.500000
8 10 0.500000
8 14 0.500000
8 15 0.500000
8 16 0.500000
8 23 0.500000
8 24 0.500000
8 25 0.500000
8 30 0.500000
8 31 0.500000
8 36 0.500000
8 37 0.500000
8 40 0.500000
8 44 0.500000
8 45 0.500000
8 46 0.500000
8 47 0.500000
8 48 0.500000
8 49 0.500000
8 50 0.500000
8 51 0.500000
8 54 0.500000
8 58 0.500000
8 60 0.500000
8 61 0.500000
8 62 0.500000
8 63 0.500000
8 65 0.500000
8 67 0.500000
8 68 0.500000
8 70 0.500000
8 71 0.500000
8 72 0.500000
8 78 0.500000
8 79 0.500000
8 81 0.500000
8 82 0.500000
8 83 0.500000
8 86 0.500000
8 87 0.500000
8 92 0.500000
8 94 0.500000
8 95 0.500000
8 98 0.500000
8 99 0.500000
8 100 0.500000
8 105 0.500000
8 112 0.500000
8 113 0.500000
8 114 0.500000
8 115 0.500000
8 118 0.500000
8 119 0.500000
8 120 0.500000
8 121 0.500000
8 124 0.500000
8 126 0.500000
8 128 0.500000
8 131 0.500000
8 133 0.500000
8 135 0.500000
8 138 0.500000
8 140 0.500000
9 10 0.500000
9 13 0.500000
9 15 0.500000
9 17 0.500000
9 19 0.500000
9 23 0.500000
9 24 0.500000
9 28 0.500000
9 30 0.500000
9 32 0.500000
9 33 0.500000
9 34 0.500000
9 36 0.500000
9 43 0.500000
9 49 0.500000
9 50 0.500000
9 54 0.500000
9 57 0.500000
9 58 0.500000
9 62 0.500000
9 63 0.500000
9 65 0.500000
9 67 0.500000
9 69 0.500000
9 70 0.500000
9 71 0.500000
9 72 0.500000
9 74 0.500000
9 75 0.500000
9 76 0.500000
9 78 0.500000
9 81 0.500000
9 82 0.500000
9 84 0.500000
9 85 0.500000
9 90 0.500000
9 91 0.500000
9 93 0.500000
9 94 0.500000
9 95 0.500000
9 97 0.500000
9 98 0.500000
9 99 0.500000
9 100 0.500000
9 102 0.500000
9 103 0.500000
9 105 0.500000
9 106 0.500000
9 107 0.500000
9 112 0.500000
9 114 0.500000
9 116 0.500000
9 118 0.500000
9 120 0.500000
9 122 0.500000
9 124 0.500000
9 125 0.500000
9 126 0.500000
9 127 0.500000
9 131 0.500000
9 133 0.500000
9 134 0.500000
9 137 0.500000
9 138 0.500000
9 139 0.500000
10 13 0.500000
10 14 0.500000
10 15 0.500000
10 18 0.500000
10 21 0.500000
10 22 0.500000
10 23 0.500000
10 25 0.500000
10 27 0.500000
10 29 0.500000
10 30 0.500000
10 31 0.500000
10 34 0.500000
10 35 0.500000
10 36 0.500000
10 37 0.500000
10 40 0.500000
10 41 0.500000
10 43 0.500000
10 44 0.500000
10 45 0.500000
10 47 0.500000
10 49 0.500000
10 50 0.500000
10 53 0.500000
10 54 0.500000
10 55 0.500000
10 59 0.500000
10 60 0.500000
10 62 0.500000
10 64 0.500000
10 65 0.500000
10 67 0.500000
10 69 0.500000
10 70 0.500000
10 72 0.500000
10 73 0.500000
10 74 0.500000
10 75 0.500000
10 76 0.500000
10 77 0.500000
10 78 0.500000
10 79 0.500000
10 81 0.500000
10 82 0.500000
10 83 0.500000
10 86 0.500000
10 91 0.500000
10 92 0.500000
10 93 0.500000
10 94 0.500000
10 95 0.500000
10 99 0.500000
10 101 0.500000
10 103 0.500000
10 107 0.500000
10 108 0.500000
10 112 0.500000
10 113 0.500000
10 114 0.500000
10 115 0.500000
10 116 0.500000
10 118 0.500000
10 119 0.500000
10 120 0.500000
10 122 0.500000
10 123 0.500000
10 126 0.500000
10 128 0.500000
10 130 0.500000
10 132 0.500000
10 134 0.500000
10 137 0.500000
10 138 0.500000
10 139 0.500000
10 140 0.500000
11 12 0.500000
11 13 0.500000
11 17 0.500000
11 18 0.500000
11 19 0.500000
11 21 0.500000
11 22 0.500000
11 23 0.500000
11 24 0.500000
11 25 0.500000
11 28 0.500000
11 29 0.500000
11 32 0.500000
11 35 0.500000
11 38 0.500000
11 39 0.500000
11 41 0.500000
11 45 0.500000
11 46 0.500000
11 49 0.500000
11 55 0.500000
11 56 0.500000
11 58 0.500000
11 63 0.500000
11 64 0.500000
11 65 0.500000
11 66 0.500000
11 68 0.500000
11 69 0.500000
11 71 0.500000
11 74 0.500000
11 75 0.500000
11 76 0.500000
11 77 0.500000
11 79 0.500000
11 81 0.500000
11 82 0.500000
11 87 0.500000
11 88 0.500000
11 91 0.500000
11 92 0.500000
11 94 0.500000
11 97 0.500000
11 98 0.500000
11 100 0.500000
11 102 0.500000
11 104 0.500000
11 105 0.500000
11 106 0.500000
11 108 0.500000
11 109 0.500000
11 113 0.500000
11 115 0.500000
11 120 0.500000
11 121 0.500000
11 122 0.500000
11 123 0.500000
11 128 0.500000
11 129 0.500000
11 130 0.500000
11 133 0.500000
11 134 0.500000
11 136 0.500000
12 13 0.500000
12 14 0.500000
12 15 0.500000
12 17 0.500000
12 19 0.500000
12 20 0.500000
12 28 0.500000
12 30 0.500000
12 31 0.500000
12 32 0.500000
12 34 0.500000
12 36 0.500000
12 38 0.500000
12 39 0.500000
12 40 0.500000
12 43 0.500000
12 44 0.500000
12 47 0.500000
12 49 0.500000
12 50 0.500000
12 51 0.500000
12 52 0.500000
12 53 0.500000
12 54 0.500000
12 55 0.500000
12 57 0.500000
12 60 0.500000
12 62 0.500000
12 66 0.500000
12 67 0.500000
12 68 0.500000
12 70 0.500000
12 74 0.500000
12 76 0.500000
12 79 0.500000
12 83 0.500000
12 85 0.500000
12 86 0.500000
12 87 0.500000
12 88 0.500000
12 91 0.500000
12 92 0.500000
12 93 0.500000
12 94 0.500000
12 95 0.500000
12 102 0.500000
12 105 0.500000
12 107 0.500000
12 108 0.500000
12 109 0.500000
12 110 0.500000
12 111 0.500000
12 113 0.500000
12 118 0.500000
12 119 0.500000
12 122 0.500000
12 129 0.500000
12 131 0.500000
12 132 0.500000
12 133 0.500000
12 134 0.500000
12 135 0.500000
12 136 0.500000
12 137 0.500000
12 139 0.500000
12 140 0.500000
13 15 0.500000
13 16 0.500000
13 20 0.500000
13 23 0.500000
13 26 0.500000
13 27 0.500000
13 29 0.500000
13 30 0.500000
13 32 0.500000
13 33 0.500000
13 34 0.500000
13 36 0.500000
13 38 0.500000
13 41 0.500000
13 42 0.500000
13 44 0.500000
13 45 0.500000
13 46 0.500000
13 52 0.500000
13 54 0.500000
13 56 0.500000
13 57 0.500000
13 60 0.500000
13 61 0.500000
13 62 0.500000
13 63 0.500000
13 64 0.500000
13 68 0.500000
13 70 0.500000
13 72 0.500000
13 75 0.500000
13 76 0.500000
13 77 0.500000
13 79 0.500000
13 81 0.500000
13 83 0.500000
13 84 0.500000
13 86 0.500000
13 87 0.500000
13 88 0.500000
13 92 0.500000
13 106 0.500000
13 107 0.500000
13 111 0.500000
13 119 0.500000
13 120 0.500000
13 122 0.500000
13 127 0.500000
13 131 0.500000
13 132 0.500000
13 135 0.500000
13 137 0.500000
13 139 0.500000
14 17 0.500000
14 20 0.500000
14 25 0.500000
14 28 0.500000
14 29 0.500000
14 31 0.500000
14 33 0.500000
14 40 0.500000
14 41 0.500000
14 44 0.500000
14 48 0.500000
14 50 0.500000
14 51 0.500000
14 53 0.500000
14 55 0.500000
14 56 0.500000
14 57 0.500000
14 61 0.500000
14 63 0.500000
14 64 0.500000
14 68 0.500000
14 70 0.500000
14 72 0.500000
14 75 0.500000
14 76 0.500000
14 78 0.500000
14 81 0.500000
14 82 0.500000
14 83 0.500000
14 84 0.500000
14 85 0.500000
14 88 0.500000
14 90 0.500000
14 91 0.500000
14 93 0.500000
14 94 0.500000
14 95 0.500000
14 96 0.500000
14 97 0.500000
14 98 0.500000
14 99 0.500000
14 100 0.500000
14 102 0.500000
14 103 0.500000
14 104 0.500000
14 105 0.500000
14 107 0.500000
14 108 0.500000
14 110 0.500000
14 113 0.500000
14 114 0.500000
14 116 0.500000
14 117 0.500000
14 122 0.500000
14 123 0.500000
14 124 0.500000
14 127 0.500000
14 129 0.500000
14 131 0.500000
14 132 0.500000
14 133 0.500000
14 134 0.500000
14 135 0.500000
14 136 0.500000
14 138 0.500000
15 16 0.500000
15 20 0.500000
15 21 0.500000
15 22 0.500000
15 24 0.500000
15 25 0.500000
15 26 0.500000
15 28 0.500000
15 29 0.500000
15 31 0.500000
15 32 0.500000
15 33 0.500000
15 35 0.500000
15 37 0.500000
15 39 0.500000
15 40 0.500000
15 45 0.500000
15 49 0.500000
15 50 0.500000
15 53 0.500000
15 55 0.500000
15 62 0.500000
15 63 0.500000
15 66 0.500000
15 67 0.500000
15 70 0.500000
15 71 0.500000
15 73 0.500000
15 74 0.500000
15 75 0.500000
15 76 0.500000
15 79 0.500000
15 87 0.500000
15 88 0.500000
15 90 0.500000
15 91 0.500000
15 92 0.500000
15 93 0.500000
15 96 0.500000
15 97 0.500000
15 98 0.500000
15 100 0.500000
15 101 0.500000
15 102 0.500000
15 108 0.500000
15 109 0.500000
15 113 0.500000
15 114 0.500000
15 115 0.500000
15 117 0.500000
15 119 0.500000
15 120 0.500000
15 121 0.500000
15 122 0.500000
15 124 0.500000
15 125 0.500000
15 129 0.500000
15 131 0.500000
15 133 0.500000
15 134 0.500000
15 135 0.500000
15 136 0.500000
15 137 0.500000
15 138 0.500000
16 18 0.500000
16 19 0.500000
16 21 0.500000
16 23 0.500000
16 24 0.500000
16 25 0.500000
16 29 0.500000
16 32 0.500000
16 33 0.500000
16 35 0.500000
16 36 0.500000
16 37 0.500000
16 40 0.500000
16 42 0.500000
16 44 0.500000
16 45 0.500000
16 46 0.500000
16 47 0.500000
16 50 0.500000
16 52 0.500000
16 54 0.500000
16 56 0.500000
16 57 0.500000
16 60 0.500000
16 61 0.500000
16 63 0.500000
16 64 0.500000
16 67 0.500000
16 68 0.500000
16 71 0.500000
16 84 0.500000
16 85 0.500000
16 88 0.500000
16 90 0.500000
16 94 0.500000
16 95 0.500000
16 96 0.500000
16 98 0.500000
16 99 0.500000
16 100 0.500000
16 102 0.500000
16 103 0.500000
16 106 0.500000
16 110 0.500000
16 111 0.500000
16 112 0.500000
16 113 0.500000
16 114 0.500000
16 116 0.500000
16 118 0.500000
16 119 0.500000
16 120 0.500000
16 123 0.500000
16 127 0.500000
16 129 0.500000
16 130 0.500000
16 131 0.500000
16 132 0.500000
16 133 0.500000
16 138 0.500000
16 139 0.500000
16 140 0.500000
17 20 0.500000
17 21 0.500000
17 22 0.500000
17 24 0.500000
17 25 0.500000
17 27 0.500000
17 29 0.500000
17 30 0.500000
17 34 0.500000
17 37 0.500000
17 39 0.500000
17 40 0.500000
17 43 0.500000
17 45 0.500000
17 47 0.500000
17 52 0.500000
17 53 0.500000
17 54 0.500000
17 55 0.500000
17 58 0.500000
17 63 0.500000
17 65 0.500000
17 66 0.500000
17 68 0.500000
17 69 0.500000
17 71 0.500000
17 74 0.500000
17 75 0.500000
17 78 0.500000
17 79 0.500000
17 80 0.500000
17 84 0.500000
17 86 0.500000
17 88 0.500000
17 93 0.500000
17 100 0.500000
17 101 0.500000
17 102 0.500000
17 104 0.500000
17 105 0.500000
17 106 0.500000
17 108 0.500000
17 110 0.500000
17 111 0.500000
17 114 0.500000
17 116 0.500000
17 118 0.500000
17 119 0.500000
17 121 0.500000
17 126 0.500000
17 127 0.500000
17 128 0.500000
17 133 0.500000
17 134 0.500000
17 135 0.500000
17 137 0.500000
17 139 0.500000
18 20 0.500000
18 21 0.500000
18 22 0.500000
18 25 0.500000
18 26 0.500000
18 27 0.500000
18 37 0.500000
18 38 0.500000
18 39 0.500000
18 40 0.500000
18 42 0.500000
18 43 0.500000
18 44 0.500000
18 45 0.500000
18 48 0.500000
18 49 0.500000
18 50 0.500000
18 52 0.500000
18 53 0.500000
18 58 0.500000
18 59 0.500000
18 60 0.500000
18 63 0.500000
18 64 0.500000
18 65 0.500000
18 66 0.500000
18 68 0.500000
18 69 0.500000
18 70 0.500000
18 72 0.500000
18 73 0.500000
18 74 0.500000
18 75 0.500000
18 81 0.500000
18 82 0.500000
18 85 0.500000
18 88 0.500000
18 93 0.500000
18 97 0.500000
18 98 0.500000
18 103 0.500000
18 105 0.500000
18 108 0.500000
18 109 0.500000
18 111 0.500000
18 115 0.500000
18 116 0.500000
18 117 0.500000
18 119 0.500000
18 121 0.500000
18 125 0.500000
18 128 0.500000
18 131 0.500000
18 133 0.500000
18 134 0.500000
18 136 0.500000
18 137 0.500000
18 139 0.500000
19 20 0.500000
19 21 0.500000
19 22 0.500000
19 23 0.500000
19 24 0.500000
19 29 0.500000
19 31 0.500000
19 32 0.500000
19 33 0.500000
19 34 0.500000
19 36 0.500000
19 41 0.500000
19 44 0.500000
19 49 0.500000
19 52 0.500000
19 54 0.500000
19 56 0.500000
19 57 0.500000
19 61 0.500000
19 64 0.500000
19 65 0.500000
19 67 0.500000
19 68 0.500000
19 69 0.500000
19 70 0.500000
19 73 0.500000
19 75 0.500000
19 77 0.500000
19 80 0.500000
19 83 0.500000
19 85 0.500000
19 86 0.500000
19 87 0.500000
19 89 0.500000
19 91 0.500000
19 92 0.500000
19 94 0.500000
19 95 0.500000
19 97 0.500000
19 99 0.500000
19 101 0.500000
19 102 0.500000
19 103 0.500000
19 105 0.500000
19 106 0.500000
19 107 0.500000
19 109 0.500000
19 110 0.500000
19 112 0.500000
19 114 0.500000
19 115 0.500000
19 118 0.500000
19 121 0.500000
19 123 0.500000
19 126 0.500000
19 128 0.500000
19 131 0.500000
19 134 0.500000
19 139 0.500000
19 140 0.500000
20 21 0.500000
20 25 0.500000
20 27 0.500000
20 29 0.500000
20 31 0.500000
20 32 0.500000
20 33 0.500000
20 34 0.500000
20 37 0.500000
20 40 0.500000
20 42 0.500000
20 44 0.500000
20 48 0.500000
20 49 0.500000
20 50 0.500000
20 51 0.500000
20 56 0.500000
20 58 0.500000
20 60 0.500000
20 61 0.500000
20 62 0.500000
20 64 0.500000
20 69 0.500000
20 70 0.500000
20 71 0.500000
20 72 0.500000
20 73 0.500000
20 75 0.500000
20 76 0.500000
20 79 0.500000
20 83 0.500000
20 85 0.500000
20 87 0.500000
20 88 0.500000
20 94 0.500000
20 97 0.500000
20 99 0.500000
20 100 0.500000
20 104 0.500000
20 105 0.500000
20 106 0.500000
20 107 0.500000
20 109 0.500000
20 111 0.500000
20 113 0.500000
20 114 0.500000
20 116 0.500000
20 117 0.500000
20 119 0.500000
20 120 0.500000
20 123 0.500000
20 124 0.500000
20 125 0.500000
20 126 0.500000
20 128 0.500000
20 131 0.500000
20 132 0.500000
20 134 0.500000
20 136 0.500000
20 140 0.500000
21 24 0.500000
21 25 0.500000
21 26 0.500000
21 28 0.500000
21 30 0.500000
21 31 0.500000
21 34 0.500000
21 36 0.500000
21 37 0.500000
21 38 0.500000
21 40 0.500000
21 45 0.500000
21 46 0.500000
21 47 0.500000
21 51 0.500000
21 52 0.500000
21 53 0.500000
21 54 0.500000
21 56 0.500000
21 57 0.500000
21 58 0.500000
21 59 0.500000
21 62 0.500000
21 63 0.500000
21 64 0.500000
21 66 0.500000
21 67 0.500000
21 72 0.500000
21 73 0.500000
21 74 0.500000
21 77 0.500000
21 83 0.500000
21 84 0.500000
21 85 0.500000
21 87 0.500000
21 88 0.500000
21 90 0.500000
21 91 0.500000
21 92 0.500000
21 96 0.500000
21 103 0.500000
21 104 0.500000
21 105 0.500000
21 112 0.500000
21 115 0.500000
21 117 0.500000
21 118 0.500000
21 122 0.500000
21 124 0.500000
21 126 0.500000
21 129 0.500000
21 130 0.500000
21 133 0.500000
21 135 0.500000
21 136 0.500000
21 140 0.500000
22 27 0.500000
22 31 0.500000
22 32 0.500000
22 35 0.500000
22 37 0.500000
22 39 0.500000
22 42 0.500000
22 43 0.500000
22 46 0.500000
22 47 0.500000
22 49 0.500000
22 50 0.500000
22 53 0.500000
22 55 0.500000
22 57 0.500000
22 59 0.500000
22 61 0.500000
22 62 0.500000
22 63 0.500000
22 64 0.500000
22 66 0.500000
22 67 0.500000
22 69 0.500000
22 70 0.500000
22 72 0.500000
22 75 0.500000
22 78 0.500000
22 79 0.500000
22 80 0.500000
22 81 0.500000
22 84 0.500000
22 85 0.500000
22 86 0.500000
22 87 0.500000
22 88 0.500000
22 89 0.500000
22 90 0.500000
22 91 0.500000
22 92 0.500000
22 93 0.500000
22 97 0.500000
22 100 0.500000
22 104 0.500000
22 105 0.500000
22 107 0.500000
22 108 0.500000
22 109 0.500000
22 110 0.500000
22 112 0.500000
22 116 0.500000
22 117 0.500000
22 118 0.500000
22 119 0.500000
22 121 0.500000
22 124 0.500000
22 125 0.500000
22 128 0.500000
22 130 0.500000
22 131 0.500000
22 132 0.500000
22 134 0.500000
22 135 0.500000
22 138 0.500000
22 140 0.500000
23 26 0.500000
23 27 0.500000
23 29 0.500000
23 31 0.500000
23 32 0.500000
23 34 0.500000
23 35 0.500000
23 37 0.500000
23 39 0.500000
23 41 0.500000
23 43 0.500000
23 46 0.500000
23 47 0.500000
23 48 0.500000
23 49 0.500000
23 51 0.500000
23 53 0.500000
23 55 0.500000
23 56 0.500000
23 58 0.500000
23 59 0.500000
23 62 0.500000
23 63 0.500000
23 65 0.500000
23 69 0.500000
23 72 0.500000
23 73 0.500000
23 77 0.500000
23 78 0.500000
23 79 0.500000
23 80 0.500000
23 81 0.500000
23 83 0.500000
23 88 0.500000
23 90 0.500000
23 93 0.500000
23 94 0.500000
23 96 0.500000
23 98 0.500000
23 103 0.500000
23 105 0.500000
23 106 0.500000
23 107 0.500000
23 110 0.500000
23 111 0.500000
23 114 0.500000
23 115 0.500000
23 116 0.500000
23 118 0.500000
23 120 0.500000
23 121 0.500000
23 124 0.500000
23 125 0.500000
23 127 0.500000
23 129 0.500000
23 137 0.500000
23 138 0.500000
23 139 0.500000
23 140 0.500000
24 25 0.500000
24 27 0.500000
24 29 0.500000
24 30 0.500000
24 34 0.500000
24 36 0.500000
24 38 0.500000
24 41 0.500000
24 44 0.500000
24 45 0.500000
24 46 0.500000
24 47 0.500000
24 48 0.500000
24 50 0.500000
24 52 0.500000
24 53 0.500000
24 54 0.500000
24 56 0.500000
24 59 0.500000
24 60 0.500000
24 63 0.500000
24 64 0.500000
24 65 0.500000
24 66 0.500000
24 69 0.500000
24 70 0.500000
24 71 0.500000
24 72 0.500000
24 78 0.500000
24 79 0.500000
24 80 0.500000
24 82 0.500000
24 89 0.500000
24 90 0.500000
24 91 0.500000
24 94 0.500000
24 95 0.500000
24 98 0.500000
24 105 0.500000
24 106 0.500000
24 112 0.500000
24 116 0.500000
24 123 0.500000
24 129 0.500000
24 131 0.500000
24 132 0.500000
24 133 0.500000
24 134 0.500000
24 136 0.500000
24 137 0.500000
24 138 0.500000
25 26 0.500000
25 28 0.500000
25 29 0.500000
25 30 0.500000
25 31 0.500000
25 34 0.500000
25 38 0.500000
25 39 0.500000
25 41 0.500000
25 44 0.500000
25 46 0.500000
25 47 0.500000
25 49 0.500000
25 50 0.500000
25 53 0.500000
25 54 0.500000
25 57 0.500000
25 61 0.500000
25 62 0.500000
25 64 0.500000
25 65 0.500000
25 66 0.500000
25 68 0.500000
25 69 0.500000
25 74 0.500000
25 76 0.500000
25 77 0.500000
25 78 0.500000
25 80 0.500000
25 81 0.500000
25 83 0.500000
25 88 0.500000
25 90 0.500000
25 92 0.500000
25 95 0.500000
25 96 0.500000
25 97 0.500000
25 100 0.500000
25 104 0.500000
25 105 0.500000
25 107 0.500000
25 108 0.500000
25 112 0.500000
25 113 0.500000
25 116 0.500000
25 117 0.500000
25 118 0.500000
25 119 0.500000
25 120 0.500000
25 122 0.500000
25 124 0.500000
25 126 0.500000
25 128 0.500000
25 129 0.500000
25 133 0.500000
25 134 0.500000
25 135 0.500000
25 136 0.500000
25 137 0.500000
25 140 0.500000
26 28 0.500000
26 29 0.500000
26 33 0.500000
26 35 0.500000
26 40 0.500000
26 42 0.500000
26 43 0.500000
26 46 0.500000
26 50 0.500000
26 52 0.500000
26 54 0.500000
26 59 0.500000
26 60 0.500000
26 67 0.500000
26 68 0.500000
26 69 0.500000
26 72 0.500000
26 76 0.500000
26 82 0.500000
26 83 0.500000
26 84 0.500000
26 85 0.500000
26 87 0.500000
26 93 0.500000
26 94 0.500000
26 96 0.500000
26 97 0.500000
26 98 0.500000
26 99 0.500000
26 100 0.500000
26 102 0.500000
26 103 0.500000
26 104 0.500000
26 106 0.500000
26 107 0.500000
26 109 0.500000
26 110 0.500000
26 117 0.500000
26 118 0.500000
26 122 0.500000
26 123 0.500000
26 124 0.500000
26 125 0.500000
26 126 0.500000
26 129 0.500000
26 133 0.500000
26 134 0.500000
26 136 0.500000
26 138 0.500000
27 29 0.500000
27 30 0.500000
27 31 0.500000
27 32 0.500000
27 36 0.500000
27 38 0.500000
27 41 0.500000
27 42 0.500000
27 43 0.500000
27 44 0.500000
27 46 0.500000
27 48 0.500000
27 52 0.500000
27 53 0.500000
27 54 0.500000
27 56 0.500000
27 57 0.500000
27 58 0.500000
27 65 0.500000
27 66 0.500000
27 68 0.500000
27 75 0.500000
27 76 0.500000
27 77 0.500000
27 78 0.500000
27 79 0.500000
27 80 0.500000
27 82 0.500000
27 84 0.500000
27 87 0.500000
27 88 0.500000
27 89 0.500000
27 92 0.500000
27 93 0.500000
27 97 0.500000
27 98 0.500000
27 99 0.500000
27 100 0.500000
27 101 0.500000
27 103 0.500000
27 105 0.500000
27 110 0.500000
27 114 0.500000
27 116 0.500000
27 117 0.500000
27 120 0.500000
27 123 0.500000
27 124 0.500000
27 126 0.500000
27 127 0.500000
27 128 0.500000
27 130 0.500000
27 131 0.500000
27 133 0.500000
27 136 0.500000
27 139 0.500000
27 140 0.500000
28 29 0.500000
28 30 0.500000
28 32 0.500000
28 34 0.500000
28 37 0.500000
28 40 0.500000
28 42 0.500000
28 46 0.500000
28 50 0.500000
28 51 0.500000
28 53 0.500000
28 56 0.500000
28 58 0.500000
28 59 0.500000
28 61 0.500000
28 64 0.500000
28 65 0.500000
28 66 0.500000
28 67 0.500000
28 69 0.500000
28 70 0.500000
28 72 0.500000
28 76 0.500000
28 77 0.500000
28 79 0.500000
28 81 0.500000
28 83 0.500000
28 84 0.500000
28 87 0.500000
28 89 0.500000
28 90 0.500000
28 91 0.500000
28 93 0.500000
28 97 0.500000
28 99 0.500000
28 100 0.500000
28 102 0.500000
28 103 0.500000
28 104 0.500000
28 107 0.500000
28 108 0.500000
28 109 0.500000
28 110 0.500000
28 112 0.500000
28 117 0.500000
28 118 0.500000
28 119 0.500000
28 120 0.500000
28 123 0.500000
28 124 0.500000
28 126 0.500000
28 132 0.500000
28 133 0.500000
28 134 0.500000
28 135 0.500000
28 136 0.500000
28 140 0.500000
29 33 0.500000
29 35 0.500000
29 36 0.500000
29 38 0.500000
29 39 0.500000
29 40 0.500000
29 45 0.500000
29 46 0.500000
29 48 0.500000
29 49 0.500000
29 52 0.500000
29 55 0.500000
29 59 0.500000
29 60 0.500000
29 61 0.500000
29 66 0.500000
29 69 0.500000
29 70 0.500000
29 73 0.500000
29 74 0.500000
29 76 0.500000
29 81 0.500000
29 82 0.500000
29 83 0.500000
29 84 0.500000
29 85 0.500000
29 86 0.500000
29 89 0.500000
29 93 0.500000
29 94 0.500000
29 95 0.500000
29 96 0.500000
29 97 0.500000
29 98 0.500000
29 99 0.500000
29 100 0.500000
29 102 0.500000
29 103 0.500000
29 104 0.500000
29 105 0.500000
29 107 0.500000
29 108 0.500000
29 109 0.500000
29 111 0.500000
29 113 0.500000
29 114 0.500000
29 118 0.500000
29 121 0.500000
29 125 0.500000
29 128 0.500000
29 135 0.500000
29 136 0.500000
29 138 0.500000
29 140 0.500000
30 31 0.500000
30 32 0.500000
30 33 0.500000
30 36 0.500000
30 39 0.500000
30 40 0.500000
30 41 0.500000
30 42 0.500000
30 43 0.500000
30 46 0.500000
30 50 0.500000
30 51 0.500000
30 53 0.500000
30 54 0.500000
30 58 0.500000
30 60 0.500000
30 63 0.500000
30 65 0.500000
30 67 0.500000
30 68 0.500000
30 71 0.500000
30 74 0.500000
30 75 0.500000
30 78 0.500000
30 79 0.500000
30 80 0.500000
30 81 0.500000
30 84 0.500000
30 85 0.500000
30 86 0.500000
30 89 0.500000
30 92 0.500000
30 93 0.500000
30 94 0.500000
30 95 0.500000
30 96 0.500000
30 97 0.500000
30 98 0.500000
30 101 0.500000
30 103 0.500000
30 108 0.500000
30 113 0.500000
30 120 0.500000
30 126 0.500000
30 127 0.500000
30 129 0.500000
30 130 0.500000
30 131 0.500000
30 132 0.500000
30 133 0.500000
30 135 0.500000
30 136 0.500000
30 140 0.500000
31 32 0.500000
31 34 0.500000
31 35 0.500000
31 36 0.500000
31 38 0.500000
31 40 0.500000
31 41 0.500000
31 43 0.500000
31 46 0.500000
31 47 0.500000
31 49 0.500000
31 54 0.500000
31 60 0.500000
31 61 0.500000
31 62 0.500000
31 65 0.500000
31 68 0.500000
31 70 0.500000
31 71 0.500000
31 72 0.500000
31 74 0.500000
31 77 0.500000
31 78 0.500000
31 80 0.500000
31 82 0.500000
31 83 0.500000
31 84 0.500000
31 85 0.500000
31 88 0.500000
31 89 0.500000
31 92 0.500000
31 94 0.500000
31 95 0.500000
31 97 0.500000
31 102 0.500000
31 103 0.500000
31 104 0.500000
31 106 0.500000
31 107 0.500000
31 110 0.500000
31 114 0.500000
31 115 0.500000
31 116 0.500000
31 118 0.500000
31 119 0.500000
31 121 0.500000
31 124 0.500000
31 125 0.500000
31 126 0.500000
31 128 0.500000
31 129 0.500000
31 130 0.500000
31 131 0.500000
31 132 0.500000
31 134 0.500000
31 135 0.500000
31 136 0.500000
31 137 0.500000
31 138 0.500000
32 33 0.500000
32 34 0.500000
32 35 0.500000
32 36 0.500000
32 37 0.500000
32 41 0.500000
32 42 0.500000
32 43 0.500000
32 44 0.500000
32 45 0.500000
32 47 0.500000
32 48 0.500000
32 50 0.500000
32 53 0.500000
32 55 0.500000
32 57 0.500000
32 59 0.500000
32 60 0.500000
32 61 0.500000
32 62 0.500000
32 67 0.500000
32 73 0.500000
32 77 0.500000
32 81 0.500000
32 83 0.500000
32 84 0.500000
32 85 0.500000
32 86 0.500000
32 88 0.500000
32 89 0.500000
32 92 0.500000
32 94 0.500000
32 96 0.500000
32 97 0.500000
32 98 0.500000
32 99 0.500000
32 100 0.500000
32 102 0.500000
32 103 0.500000
32 105 0.500000
32 106 0.500000
32 110 0.500000
32 111 0.500000
32 112 0.500000
32 114 0.500000
32 116 0.500000
32 117 0.500000
32 118 0.500000
32 119 0.500000
32 121 0.500000
32 123 0.500000
32 124 0.500000
32 129 0.500000
32 130 0.500000
32 131 0.500000
32 132 0.500000
32 134 0.500000
32 135 0.500000
32 137 0.500000
32 139 0.500000
33 34 0.500000
33 35 0.500000
33 36 0.500000
33 37 0.500000
33 38 0.500000
33 39 0.500000
33 42 0.500000
33 45 0.500000
33 46 0.500000
33 47 0.500000
33 49 0.500000
33 50 0.500000
33 52 0.500000
33 53 0.500000
33 54 0.500000
33 55 0.500000
33 56 0.500000
33 60 0.500000
33 63 0.500000
33 64 0.500000
33 65 0.500000
33 69 0.500000
33 74 0.500000
33 76 0.500000
33 79 0.500000
33 80 0.500000
33 84 0.500000
33 86 0.500000
33 87 0.500000
33 89 0.500000
33 91 0.500000
33 92 0.500000
33 93 0.500000
33 95 0.500000
33 96 0.500000
33 98 0.500000
33 99 0.500000
33 100 0.500000
33 104 0.500000
33 108 0.500000
33 109 0.500000
33 110 0.500000
33 111 0.500000
33 112 0.500000
33 114 0.500000
33 116 0.500000
33 118 0.500000
33 122 0.500000
33 128 0.500000
33 129 0.500000
33 131 0.500000
33 132 0.500000
33 133 0.500000
33 135 0.500000
33 136 0.500000
33 137 0.500000
33 138 0.500000
33 140 0.500000
34 36 0.500000
34 38 0.500000
34 40 0.500000
34 42 0.500000
34 44 0.500000
34 47 0.500000
34 49 0.500000
34 50 0.500000
34 51 0.500000
34 52 0.500000
34 54 0.500000
34 55 0.500000
34 56 0.500000
34 58 0.500000
34 60 0.500000
34 61 0.500000
34 63 0.500000
34 64 0.500000
34 65 0.500000
34 68 0.500000
34 73 0.500000
34 77 0.500000
34 78 0.500000
34 79 0.500000
34 81 0.500000
34 84 0.500000
34 86 0.500000
34 87 0.500000
34 88 0.500000
34 89 0.500000
34 90 0.500000
34 95 0.500000
34 96 0.500000
34 98 0.500000
34 99 0.500000
34 101 0.500000
34 102 0.500000
34 105 0.500000
34 107 0.500000
34 109 0.500000
34 111 0.500000
34 115 0.500000
34 119 0.500000
34 122 0.500000
34 126 0.500000
34 129 0.500000
34 131 0.500000
34 133 0.500000
34 134 0.500000
34 136 0.500000
34 138 0.500000
34 139 0.500000
35 37 0.500000
35 38 0.500000
35 40 0.500000
35 41 0.500000
35 42 0.500000
35 44 0.500000
35 45 0.500000
35 50 0.500000
35 51 0.500000
35 54 0.500000
35 57 0.500000
35 58 0.500000
35 61 0.500000
35 63 0.500000
35 67 0.500000
35 68 0.500000
35 69 0.500000
35 74 0.500000
35 75 0.500000
35 76 0.500000
35 78 0.500000
35 82 0.500000
35 85 0.500000
35 86 0.500000
35 88 0.500000
35 89 0.500000
35 90 0.500000
35 91 0.500000
35 92 0.500000
35 93 0.500000
35 94 0.500000
35 96 0.500000
35 98 0.500000
35 100 0.500000
35 102 0.500000
35 104 0.500000
35 107 0.500000
35 108 0.500000
35 110 0.500000
35 112 0.500000
35 115 0.500000
35 116 0.500000
35 117 0.500000
35 122 0.500000
35 123 0.500000
35 127 0.500000
35 129 0.500000
35 131 0.500000
35 136 0.500000
35 138 0.500000
35 139 0.500000
36 37 0.500000
36 40 0.500000
36 41 0.500000
36 42 0.500000
36 43 0.500000
36 45 0.500000
36 46 0.500000
36 48 0.500000
36 51 0.500000
36 52 0.500000
36 55 0.500000
36 56 0.500000
36 57 0.500000
36 59 0.500000
36 61 0.500000
36 62 0.500000
36 63 0.500000
36 65 0.500000
36 66 0.500000
36 71 0.500000
36 74 0.500000
36 75 0.500000
36 78 0.500000
36 79 0.500000
36 83 0.500000
36 84 0.500000
36 85 0.500000
36 86 0.500000
36 87 0.500000
36 89 0.500000
36 90 0.500000
36 92 0.500000
36 93 0.500000
36 94 0.500000
36 95 0.500000
36 96 0.500000
36 97 0.500000
36 100 0.500000
36 102 0.500000
36 104 0.500000
36 106 0.500000
36 107 0.500000
36 110 0.500000
36 113 0.500000
36 118 0.500000
36 120 0.500000
36 122 0.500000
36 124 0.500000
36 125 0.500000
36 126 0.500000
36 127 0.500000
36 128 0.500000
36 131 0.500000
36 132 0.500000
36 133 0.500000
36 137 0.500000
36 140 0.500000
37 40 0.500000
37 43 0.500000
37 44 0.500000
37 45 0.500000
37 52 0.500000
37 55 0.500000
37 58 0.500000
37 60 0.500000
37 64 0.500000
37 65 0.500000
37 68 0.500000
37 69 0.500000
37 71 0.500000
37 72 0.500000
37 77 0.500000
37 80 0.500000
37 86 0.500000
37 87 0.500000
37 94 0.500000
37 95 0.500000
37 96 0.500000
37 100 0.500000
37 103 0.500000
37 104 0.500000
37 111 0.500000
37 115 0.500000
37 116 0.500000
37 120 0.500000
37 121 0.500000
37 122 0.500000
37 125 0.500000
37 126 0.500000
37 130 0.500000
37 131 0.500000
37 132 0.500000
37 133 0.500000
37 135 0.500000
37 136 0.500000
37 137 0.500000
37 138 0.500000
37 139 0.500000
37 140 0.500000
38 41 0.500000
38 43 0.500000
38 45 0.500000
38 46 0.500000
38 48 0.500000
38 49 0.500000
38 50 0.500000
38 51 0.500000
38 55 0.500000
38 63 0.500000
38 66 0.500000
38 70 0.500000
38 73 0.500000
38 78 0.500000
38 79 0.500000
38 80 0.500000
38 82 0.500000
38 86 0.500000
38 89 0.500000
38 97 0.500000
38 98 0.500000
38 99 0.500000
38 100 0.500000
38 101 0.500000
38 103 0.500000
38 105 0.500000
38 107 0.500000
38 108 0.500000
38 111 0.500000
38 114 0.500000
38 115 0.500000
38 116 0.500000
38 117 0.500000
38 119 0.500000
38 121 0.500000
38 124 0.500000
38 128 0.500000
38 133 0.500000
38 135 0.500000
38 138 0.500000
39 40 0.500000
39 41 0.500000
39 42 0.500000
39 45 0.500000
39 49 0.500000
39 50 0.500000
39 51 0.500000
39 52 0.500000
39 56 0.500000
39 58 0.500000
39 60 0.500000
39 63 0.500000
39 66 0.500000
39 67 0.500000
39 68 0.500000
39 70 0.500000
39 74 0.500000
39 75 0.500000
39 77 0.500000
39 80 0.500000
39 81 0.500000
39 83 0.500000
39 84 0.500000
39 85 0.500000
39 86 0.500000
39 88 0.500000
39 89 0.500000
39 91 0.500000
39 93 0.500000
39 94 0.500000
39 96 0.500000
39 99 0.500000
39 101 0.500000
39 102 0.500000
39 103 0.500000
39 104 0.500000
39 106 0.500000
39 107 0.500000
39 112 0.500000
39 114 0.500000
39 120 0.500000
39 122 0.500000
39 124 0.500000
39 127 0.500000
39 128 0.500000
39 129 0.500000
39 132 0.500000
39 134 0.500000
39 138 0.500000
40 42 0.500000
40 47 0.500000
40 48 0.500000
40 53 0.500000
40 56 0.500000
40 57 0.500000
40 59 0.500000
40 60 0.500000
40 63 0.500000
40 64 0.500000
40 65 0.500000
40 68 0.500000
40 71 0.500000
40 72 0.500000
40 73 0.500000
40 74 0.500000
40 75 0.500000
40 78 0.500000
40 79 0.500000
40 82 0.500000
40 83 0.500000
40 84 0.500000
40 85 0.500000
40 86 0.500000
40 88 0.500000
40 90 0.500000
40 91 0.500000
40 93 0.500000
40 94 0.500000
40 95 0.500000
40 97 0.500000
40 103 0.500000
40 109 0.500000
40 111 0.500000
40 112 0.500000
40 113 0.500000
40 114 0.500000
40 115 0.500000
40 118 0.500000
40 119 0.500000
40 120 0.500000
40 123 0.500000
40 127 0.500000
40 128 0.500000
40 136 0.500000
40 139 0.500000
40 140 0.500000
41 42 0.500000
41 43 0.500000
41 46 0.500000
41 49 0.500000
41 56 0.500000
41 57 0.500000
41 58 0.500000
41 59 0.500000
41 61 0.500000
41 63 0.500000
41 64 0.500000
41 68 0.500000
41 69 0.500000
41 72 0.500000
41 73 0.500000
41 77 0.500000
41 79 0.500000
41 86 0.500000
41 89 0.500000
41 92 0.500000
41 93 0.500000
41 103 0.500000
41 104 0.500000
41 105 0.500000
41 110 0.500000
41 111 0.500000
41 112 0.500000
41 114 0.500000
41 115 0.500000
41 116 0.500000
41 117 0.500000
41 118 0.500000
41 121 0.500000
41 124 0.500000
41 128 0.500000
41 129 0.500000
41 131 0.500000
41 134 0.500000
41 135 0.500000
41 136 0.500000
41 140 0.500000
42 43 0.500000
42 45 0.500000
42 46 0.500000
42 47 0.500000
42 48 0.500000
42 49 0.500000
42 50 0.500000
42 51 0.500000
42 55 0.500000
42 57 0.500000
42 58 0.500000
42 59 0.500000
42 61 0.500000
42 70 0.500000
42 73 0.500000
42 74 0.500000
42 76 0.500000
42 77 0.500000
42 78 0.500000
42 81 0.500000
42 82 0.500000
42 85 0.500000
42 87 0.500000
42 89 0.500000
42 95 0.500000
42 97 0.500000
42 99 0.500000
42 100 0.500000
42 105 0.500000
42 106 0.500000
42 109 0.500000
42 110 0.500000
42 114 0.500000
42 115 0.500000
42 117 0.500000
42 118 0.500000
42 120 0.500000
42 121 0.500000
42 123 0.500000
42 124 0.500000
42 125 0.500000
42 126 0.500000
42 127 0.500000
42 129 0.500000
42 131 0.500000
42 134 0.500000
42 136 0.500000
42 138 0.500000
42 139 0.500000
42 140 0.500000
43 48 0.500000
43 50 0.500000
43 51 0.500000
43 52 0.500000
43 53 0.500000
43 57 0.500000
43 58 0.500000
43 59 0.500000
43 61 0.500000
43 62 0.500000
43 63 0.500000
43 66 0.500000
43 69 0.500000
43 74 0.500000
43 75 0.500000
43 76 0.500000
43 77 0.500000
43 78 0.500000
43 79 0.500000
43 80 0.500000
43 83 0.500000
43 84 0.500000
43 86 0.500000
43 87 0.500000
43 89 0.500000
43 90 0.500000
43 91 0.500000
43 96 0.500000
43 97 0.500000
43 98 0.500000
43 99 0.500000
43 101 0.500000
43 104 0.500000
43 105 0.500000
43 106 0.500000
43 107 0.500000
43 109 0.500000
43 116 0.500000
43 117 0.500000
43 118 0.500000
43 119 0.500000
43 122 0.500000
43 124 0.500000
43 129 0.500000
43 133 0.500000
43 134 0.500000
43 135 0.500000
43 136 0.500000
43 139 0.500000
44 46 0.500000
44 49 0.500000
44 51 0.500000
44 52 0.500000
44 53 0.500000
44 54 0.500000
44 56 0.500000
44 57 0.500000
44 61 0.500000
44 62 0.500000
44 65 0.500000
44 66 0.500000
44 67 0.500000
44 71 0.500000
44 72 0.500000
44 73 0.500000
44 77 0.500000
44 79 0.500000
44 80 0.500000
44 81 0.500000
44 82 0.500000
44 90 0.500000
44 93 0.500000
44 94 0.500000
44 95 0.500000
44 96 0.500000
44 97 0.500000
44 98 0.500000
44 100 0.500000
44 102 0.500000
44 104 0.500000
44 105 0.500000
44 108 0.500000
44 114 0.500000
44 115 0.500000
44 120 0.500000
44 122 0.500000
44 123 0.500000
44 124 0.500000
44 129 0.500000
44 132 0.500000
44 134 0.500000
44 136 0.500000
44 137 0.500000
44 138 0.500000
45 47 0.500000
45 48 0.500000
45 52 0.500000
45 58 0.500000
45 59 0.500000
45 60 0.500000
45 63 0.500000
45 64 0.500000
45 68 0.500000
45 71 0.500000
45 72 0.500000
45 79 0.500000
45 82 0.500000
45 83 0.500000
45 85 0.500000
45 86 0.500000
45 88 0.500000
45 89 0.500000
45 92 0.500000
45 93 0.500000
45 98 0.500000
45 101 0.500000
45 102 0.500000
45 103 0.500000
45 104 0.500000
45 106 0.500000
45 108 0.500000
45 109 0.500000
45 110 0.500000
45 111 0.500000
45 112 0.500000
45 114 0.500000
45 117 0.500000
45 119 0.500000
45 120 0.500000
45 121 0.500000
45 122 0.500000
45 124 0.500000
45 126 0.500000
45 127 0.500000
45 129 0.500000
45 130 0.500000
45 132 0.500000
45 133 0.500000
45 136 0.500000
45 137 0.500000
45 138 0.500000
45 139 0.500000
46 47 0.500000
46 49 0.500000
46 52 0.500000
46 54 0.500000
46 56 0.500000
46 57 0.500000
46 58 0.500000
46 60 0.500000
46 61 0.500000
46 66 0.500000
46 67 0.500000
46 68 0.500000
46 69 0.500000
46 71 0.500000
46 73 0.500000
46 75 0.500000
46 76 0.500000
46 77 0.500000
46 82 0.500000
46 84 0.500000
46 87 0.500000
46 89 0.500000
46 90 0.500000
46 91 0.500000
46 96 0.500000
46 97 0.500000
46 98 0.500000
46 100 0.500000
46 103 0.500000
46 104 0.500000
46 105 0.500000
46 109 0.500000
46 112 0.500000
46 114 0.500000
46 115 0.500000
46 117 0.500000
46 118 0.500000
46 119 0.500000
46 120 0.500000
46 121 0.500000
46 122 0.500000
46 123 0.500000
46 126 0.500000
46 128 0.500000
46 129 0.500000
46 130 0.500000
46 131 0.500000
46 134 0.500000
47 50 0.500000
47 52 0.500000
47 53 0.500000
47 54 0.500000
47 55 0.500000
47 58 0.500000
47 60 0.500000
47 61 0.500000
47 64 0.500000
47 70 0.500000
47 73 0.500000
47 76 0.500000
47 87 0.500000
47 88 0.500000
47 89 0.500000
47 91 0.500000
47 95 0.500000
47 100 0.500000
47 101 0.500000
47 102 0.500000
47 107 0.500000
47 108 0.500000
47 109 0.500000
47 111 0.500000
47 112 0.500000
47 113 0.500000
47 114 0.500000
47 115 0.500000
47 116 0.500000
47 119 0.500000
47 120 0.500000
47 122 0.500000
47 125 0.500000
47 127 0.500000
47 129 0.500000
47 130 0.500000
47 133 0.500000
47 134 0.500000
47 135 0.500000
47 137 0.500000
47 138 0.500000
47 139 0.500000
48 50 0.500000
48 51 0.500000
48 55 0.500000
48 56 0.500000
48 57 0.500000
48 58 0.500000
48 59 0.500000
48 60 0.500000
48 63 0.500000
48 64 0.500000
48 65 0.500000
48 67 0.500000
48 72 0.500000
48 73 0.500000
48 84 0.500000
48 86 0.500000
48 88 0.500000
48 90 0.500000
48 93 0.500000
48 94 0.500000
48 95 0.500000
48 98 0.500000
48 101 0.500000
48 102 0.500000
48 105 0.500000
48 106 0.500000
48 107 0.500000
48 108 0.500000
48 109 0.500000
48 110 0.500000
48 111 0.500000
48 112 0.500000
48 115 0.500000
48 117 0.500000
48 121 0.500000
48 123 0.500000
48 126 0.500000
48 127 0.500000
48 128 0.500000
48 139 0.500000
49 51 0.500000
49 53 0.500000
49 57 0.500000
49 60 0.500000
49 61 0.500000
49 64 0.500000
49 65 0.500000
49 69 0.500000
49 70 0.500000
49 75 0.500000
49 76 0.500000
49 77 0.500000
49 78 0.500000
49 79 0.500000
49 80 0.500000
49 82 0.500000
49 83 0.500000
49 88 0.500000
49 89 0.500000
49 91 0.500000
49 93 0.500000
49 94 0.500000
49 95 0.500000
49 96 0.500000
49 98 0.500000
49 99 0.500000
49 100 0.500000
49 101 0.500000
49 102 0.500000
49 104 0.500000
49 109 0.500000
49 110 0.500000
49 111 0.500000
49 112 0.500000
49 113 0.500000
49 115 0.500000
49 119 0.500000
49 120 0.500000
49 122 0.500000
49 123 0.500000
49 124 0.500000
49 125 0.500000
49 126 0.500000
49 128 0.500000
49 130 0.500000
49 131 0.500000
49 132 0.500000
49 133 0.500000
49 135 0.500000
49 136 0.500000
49 137 0.500000
49 138 0.500000
49 139 0.500000
50 51 0.500000
50 54 0.500000
50 55 0.500000
50 56 0.500000
50 58 0.500000
50 59 0.500000
50 61 0.500000
50 67 0.500000
50 68 0.500000
50 70 0.500000
50 71 0.500000
50 73 0.500000
50 74 0.500000
50 76 0.500000
50 77 0.500000
50 79 0.500000
50 80 0.500000
50 83 0.500000
50 84 0.500000
50 85 0.500000
50 87 0.500000
50 89 0.500000
50 90 0.500000
50 91 0.500000
50 92 0.500000
50 94 0.500000
50 97 0.500000
50 103 0.500000
50 104 0.500000
50 105 0.500000
50 109 0.500000
50 112 0.500000
50 113 0.500000
50 119 0.500000
50 124 0.500000
50 125 0.500000
50 128 0.500000
50 132 0.500000
50 133 0.500000
50 134 0.500000
50 135 0.500000
50 136 0.500000
50 137 0.500000
51 52 0.500000
51 55 0.500000
51 57 0.500000
51 63 0.500000
51 64 0.500000
51 66 0.500000
51 68 0.500000
51 69 0.500000
51 72 0.500000
51 73 0.500000
51 74 0.500000
51 76 0.500000
51 77 0.500000
51 78 0.500000
51 79 0.500000
51 80 0.500000
51 81 0.500000
51 82 0.500000
51 86 0.500000
51 90 0.500000
51 91 0.500000
51 92 0.500000
51 93 0.500000
51 96 0.500000
51 97 0.500000
51 99 0.500000
51 100 0.500000
51 101 0.500000
51 104 0.500000
51 109 0.500000
51 112 0.500000
51 114 0.500000
51 118 0.500000
51 119 0.500000
51 121 0.500000
51 123 0.500000
51 126 0.500000
51 128 0.500000
51 129 0.500000
51 131 0.500000
51 132 0.500000
51 133 0.500000
51 135 0.500000
51 136 0.500000
51 138 0.500000
51 140 0.500000
52 54 0.500000
52 55 0.500000
52 56 0.500000
52 57 0.500000
52 59 0.500000
52 60 0.500000
52 61 0.500000
52 63 0.500000
52 68 0.500000
52 69 0.500000
52 70 0.500000
52 71 0.500000
52 73 0.500000
52 74 0.500000
52 75 0.500000
52 76 0.500000
52 77 0.500000
52 79 0.500000
52 80 0.500000
52 83 0.500000
52 85 0.500000
52 86 0.500000
52 88 0.500000
52 89 0.500000
52 91 0.500000
52 92 0.500000
52 93 0.500000
52 94 0.500000
52 96 0.500000
52 97 0.500000
52 102 0.500000
52 105 0.500000
52 106 0.500000
52 109 0.500000
52 111 0.500000
52 112 0.500000
52 115 0.500000
52 118 0.500000
52 119 0.500000
52 120 0.500000
52 122 0.500000
52 123 0.500000
52 125 0.500000
52 126 0.500000
52 129 0.500000
52 131 0.500000
52 132 0.500000
52 134 0.500000
52 137 0.500000
52 139 0.500000
53 54 0.500000
53 55 0.500000
53 57 0.500000
53 58 0.500000
53 60 0.500000
53 62 0.500000
53 63 0.500000
53 64 0.500000
53 65 0.500000
53 66 0.500000
53 69 0.500000
53 75 0.500000
53 77 0.500000
53 81 0.500000
53 83 0.500000
53 86 0.500000
53 88 0.500000
53 89 0.500000
53 90 0.500000
53 91 0.500000
53 94 0.500000
53 97 0.500000
53 98 0.500000
53 100 0.500000
53 101 0.500000
53 104 0.500000
53 106 0.500000
53 107 0.500000
53 108 0.500000
53 113 0.500000
53 114 0.500000
53 117 0.500000
53 118 0.500000
53 119 0.500000
53 120 0.500000
53 121 0.500000
53 124 0.500000
53 125 0.500000
53 127 0.500000
53 129 0.500000
53 131 0.500000
53 132 0.500000
53 134 0.500000
53 137 0.500000
53 140 0.500000
54 55 0.500000
54 58 0.500000
54 59 0.500000
54 60 0.500000
54 61 0.500000
54 62 0.500000
54 64 0.500000
54 66 0.500000
54 69 0.500000
54 73 0.500000
54 75 0.500000
54 76 0.500000
54 81 0.500000
54 84 0.500000
54 85 0.500000
54 87 0.500000
54 90 0.500000
54 91 0.500000
54 93 0.500000
54 94 0.500000
54 95 0.500000
54 96 0.500000
54 98 0.500000
54 99 0.500000
54 100 0.500000
54 101 0.500000
54 102 0.500000
54 107 0.500000
54 108 0.500000
54 112 0.500000
54 113 0.500000
54 114 0.500000
54 117 0.500000
54 118 0.500000
54 119 0.500000
54 120 0.500000
54 123 0.500000
54 124 0.500000
54 126 0.500000
54 127 0.500000
54 128 0.500000
54 130 0.500000
54 131 0.500000
54 135 0.500000
54 136 0.500000
54 138 0.500000
54 139 0.500000
55 59 0.500000
55 60 0.500000
55 62 0.500000
55 65 0.500000
55 69 0.500000
55 72 0.500000
55 74 0.500000
55 75 0.500000
55 77 0.500000
55 78 0.500000
55 80 0.500000
55 83 0.500000
55 85 0.500000
55 86 0.500000
55 87 0.500000
55 88 0.500000
55 92 0.500000
55 95 0.500000
55 101 0.500000
55 102 0.500000
55 104 0.500000
55 105 0.500000
55 110 0.500000
55 114 0.500000
55 122 0.500000
55 123 0.500000
55 125 0.500000
55 126 0.500000
55 129 0.500000
55 131 0.500000
55 134 0.500000
55 137 0.500000
55 138 0.500000
56 57 0.500000
56 58 0.500000
56 59 0.500000
56 60 0.500000
56 65 0.500000
56 66 0.500000
56 70 0.500000
56 76 0.500000
56 77 0.500000
56 80 0.500000
56 85 0.500000
56 86 0.500000
56 88 0.500000
56 89 0.500000
56 90 0.500000
56 91 0.500000
56 92 0.500000
56 93 0.500000
56 94 0.500000
56 95 0.500000
56 96 0.500000
56 99 0.500000
56 100 0.500000
56 101 0.500000
56 103 0.500000
56 107 0.500000
56 108 0.500000
56 109 0.500000
56 110 0.500000
56 112 0.500000
56 113 0.500000
56 117 0.500000
56 118 0.500000
56 120 0.500000
56 121 0.500000
56 123 0.500000
56 126 0.500000
56 127 0.500000
56 129 0.500000
56 130 0.500000
56 131 0.500000
56 132 0.500000
56 133 0.500000
56 134 0.500000
56 135 0.500000
56 137 0.500000
56 139 0.500000
57 60 0.500000
57 62 0.500000
57 63 0.500000
57 64 0.500000
57 65 0.500000
57 66 0.500000
57 67 0.500000
57 68 0.500000
57 78 0.500000
57 79 0.500000
57 80 0.500000
57 84 0.500000
57 85 0.500000
57 86 0.500000
57 89 0.500000
57 90 0.500000
57 94 0.500000
57 95 0.500000
57 97 0.500000
57 102 0.500000
57 104 0.500000
57 105 0.500000
57 107 0.500000
57 108 0.500000
57 109 0.500000
57 111 0.500000
57 112 0.500000
57 113 0.500000
57 115 0.500000
57 120 0.500000
57 121 0.500000
57 123 0.500000
57 124 0.500000
57 126 0.500000
57 127 0.500000
57 130 0.500000
57 131 0.500000
57 134 0.500000
57 135 0.500000
57 136 0.500000
57 137 0.500000
57 138 0.500000
58 61 0.500000
58 62 0.500000
58 63 0.500000
58 68 0.500000
58 70 0.500000
58 71 0.500000
58 72 0.500000
58 73 0.500000
58 77 0.500000
58 78 0.500000
58 80 0.500000
58 84 0.500000
58 85 0.500000
58 87 0.500000
58 89 0.500000
58 90 0.500000
58 91 0.500000
58 96 0.500000
58 97 0.500000
58 102 0.500000
58 103 0.500000
58 105 0.500000
58 108 0.500000
58 109 0.500000
58 112 0.500000
58 113 0.500000
58 117 0.500000
58 119 0.500000
58 121 0.500000
58 122 0.500000
58 124 0.500000
58 126 0.500000
58 127 0.500000
58 130 0.500000
58 132 0.500000
58 133 0.500000
58 135 0.500000
58 138 0.500000
58 140 0.500000
59 60 0.500000
59 61 0.500000
59 63 0.500000
59 64 0.500000
59 65 0.500000
59 66 0.500000
59 68 0.500000
59 69 0.500000
59 70 0.500000
59 71 0.500000
59 75 0.500000
59 76 0.500000
59 77 0.500000
59 78 0.500000
59 81 0.500000
59 82 0.500000
59 83 0.500000
59 87 0.500000
59 90 0.500000
59 94 0.500000
59 96 0.500000
59 97 0.500000
59 98 0.500000
59 99 0.500000
59 100 0.500000
59 101 0.500000
59 103 0.500000
59 104 0.500000
59 105 0.500000
59 109 0.500000
59 111 0.500000
59 113 0.500000
59 114 0.500000
59 118 0.500000
59 120 0.500000
59 121 0.500000
59 123 0.500000
59 124 0.500000
59 125 0.500000
59 126 0.500000
59 128 0.500000
59 133 0.500000
59 134 0.500000
59 135 0.500000
59 138 0.500000
60 61 0.500000
60 63 0.500000
60 64 0.500000
60 67 0.500000
60 68 0.500000
60 69 0.500000
60 70 0.500000
60 72 0.500000
60 74 0.500000
60 75 0.500000
60 76 0.500000
60 79 0.500000
60 80 0.500000
60 81 0.500000
60 82 0.500000
60 84 0.500000
60 85 0.500000
60 89 0.500000
60 90 0.500000
60 91 0.500000
60 94 0.500000
60 95 0.500000
60 96 0.500000
60 97 0.500000
60 102 0.500000
60 103 0.500000
60 106 0.500000
60 107 0.500000
60 109 0.500000
60 110 0.500000
60 112 0.500000
60 113 0.500000
60 114 0.500000
60 115 0.500000
60 117 0.500000
60 118 0.500000
60 119 0.500000
60 120 0.500000
60 121 0.500000
60 123 0.500000
60 124 0.500000
60 129 0.500000
60 130 0.500000
60 132 0.500000
60 133 0.500000
60 135 0.500000
60 137 0.500000
60 138 0.500000
60 140 0.500000
61 62 0.500000
61 64 0.500000
61 65 0.500000
61 68 0.500000
61 69 0.500000
61 70 0.500000
61 72 0.500000
61 73 0.500000
61 75 0.500000
61 76 0.500000
61 78 0.500000
61 81 0.500000
61 83 0.500000
61 85 0.500000
61 87 0.500000
61 88 0.500000
61 89 0.500000
61 90 0.500000
61 91 0.500000
61 95 0.500000
61 96 0.500000
61 97 0.500000
61 98 0.500000
61 100 0.500000
61 102 0.500000
61 106 0.500000
61 107 0.500000
61 109 0.500000
61 111 0.500000
61 114 0.500000
61 115 0.500000
61 116 0.500000
61 117 0.500000
61 119 0.500000
61 121 0.500000
61 122 0.500000
61 123 0.500000
61 124 0.500000
61 125 0.500000
61 127 0.500000
61 131 0.500000
61 132 0.500000
61 134 0.500000
61 135 0.500000
61 136 0.500000
61 137 0.500000
61 138 0.500000
61 139 0.500000
61 140 0.500000
62 65 0.500000
62 66 0.500000
62 67 0.500000
62 68 0.500000
62 72 0.500000
62 74 0.500000
62 76 0.500000
62 77 0.500000
62 79 0.500000
62 80 0.500000
62 82 0.500000
62 83 0.500000
62 84 0.500000
62 90 0.500000
62 91 0.500000
62 92 0.500000
62 93 0.500000
62 96 0.500000
62 98 0.500000
62 100 0.500000
62 101 0.500000
62 105 0.500000
62 106 0.500000
62 111 0.500000
62 112 0.500000
62 116 0.500000
62 117 0.500000
62 118 0.500000
62 119 0.500000
62 120 0.500000
62 122 0.500000
62 123 0.500000
62 127 0.500000
62 128 0.500000
62 130 0.500000
62 133 0.500000
62 134 0.500000
62 137 0.500000
62 138 0.500000
63 65 0.500000
63 66 0.500000
63 68 0.500000
63 69 0.500000
63 73 0.500000
63 74 0.500000
63 75 0.500000
63 77 0.500000
63 78 0.500000
63 79 0.500000
63 81 0.500000
63 83 0.500000
63 84 0.500000
63 86 0.500000
63 88 0.500000
63 91 0.500000
63 92 0.500000
63 93 0.500000
63 98 0.500000
63 101 0.500000
63 102 0.500000
63 105 0.500000
63 108 0.500000
63 109 0.500000
63 111 0.500000
63 112 0.500000
63 114 0.500000
63 117 0.500000
63 120 0.500000
63 121 0.500000
63 124 0.500000
63 125 0.500000
63 126 0.500000
63 127 0.500000
63 129 0.500000
63 131 0.500000
63 132 0.500000
63 135 0.500000
63 136 0.500000
63 137 0.500000
63 140 0.500000
64 65 0.500000
64 66 0.500000
64 67 0.500000
64 68 0.500000
64 70 0.500000
64 73 0.500000
64 75 0.500000
64 76 0.500000
64 78 0.500000
64 79 0.500000
64 80 0.500000
64 81 0.500000
64 84 0.500000
64 85 0.500000
64 86 0.500000
64 87 0.500000
64 89 0.500000
64 90 0.500000
64 92 0.500000
64 93 0.500000
64 95 0.500000
64 96 0.500000
64 97 0.500000
64 99 0.500000
64 101 0.500000
64 103 0.500000
64 107 0.500000
64 108 0.500000
64 112 0.500000
64 114 0.500000
64 115 0.500000
64 117 0.500000
64 119 0.500000
64 120 0.500000
64 122 0.500000
64 123 0.500000
64 125 0.500000
64 126 0.500000
64 127 0.500000
64 129 0.500000
64 131 0.500000
64 132 0.500000
65 67 0.500000
65 68 0.500000
65 69 0.500000
65 71 0.500000
65 77 0.500000
65 78 0.500000
65 79 0.500000
65 80 0.500000
65 85 0.500000
65 86 0.500000
65 87 0.500000
65 90 0.500000
65 93 0.500000
65 97 0.500000
65 98 0.500000
65 100 0.500000
65 101 0.500000
65 103 0.500000
65 104 0.500000
65 107 0.500000
65 109 0.500000
65 111 0.500000
65 113 0.500000
65 115 0.500000
65 116 0.500000
65 117 0.500000
65 121 0.500000
65 125 0.500000
65 127 0.500000
65 128 0.500000
65 129 0.500000
65 132 0.500000
65 134 0.500000
65 135 0.500000
65 137 0.500000
65 138 0.500000
66 73 0.500000
66 75 0.500000
66 81 0.500000
66 84 0.500000
66 85 0.500000
66 86 0.500000
66 87 0.500000
66 89 0.500000
66 90 0.500000
66 91 0.500000
66 93 0.500000
66 95 0.500000
66 96 0.500000
66 97 0.500000
66 99 0.500000
66 101 0.500000
66 102 0.500000
66 103 0.500000
66 106 0.500000
66 109 0.500000
66 110 0.500000
66 117 0.500000
66 118 0.500000
66 123 0.500000
66 124 0.500000
66 126 0.500000
66 127 0.500000
66 128 0.500000
66 129 0.500000
66 130 0.500000
66 133 0.500000
66 134 0.500000
66 137 0.500000
66 139 0.500000
67 68 0.500000
67 69 0.500000
67 70 0.500000
67 71 0.500000
67 75 0.500000
67 80 0.500000
67 84 0.500000
67 88 0.500000
67 97 0.500000
67 102 0.500000
67 105 0.500000
67 108 0.500000
67 110 0.500000
67 111 0.500000
67 112 0.500000
67 114 0.500000
67 116 0.500000
67 117 0.500000
67 118 0.500000
67 121 0.500000
67 122 0.500000
67 125 0.500000
67 126 0.500000
67 127 0.500000
67 136 0.500000
67 138 0.500000
68 69 0.500000
68 70 0.500000
68 71 0.500000
68 73 0.500000
68 74 0.500000
68 75 0.500000
68 77 0.500000
68 78 0.500000
68 79 0.500000
68 81 0.500000
68 82 0.500000
68 83 0.500000
68 85 0.500000
68 86 0.500000
68 87 0.500000
68 88 0.500000
68 89 0.500000
68 90 0.500000
68 91 0.500000
68 92 0.500000
68 99 0.500000
68 100 0.500000
68 106 0.500000
68 112 0.500000
68 113 0.500000
68 115 0.500000
68 117 0.500000
68 123 0.500000
68 124 0.500000
68 127 0.500000
68 131 0.500000
68 133 0.500000
68 137 0.500000
68 139 0.500000
68 140 0.500000
69 70 0.500000
69 71 0.500000
69 72 0.500000
69 74 0.500000
69 75 0.500000
69 77 0.500000
69 78 0.500000
69 79 0.500000
69 80 0.500000
69 84 0.500000
69 85 0.500000
69 86 0.500000
69 87 0.500000
69 89 0.500000
69 91 0.500000
69 92 0.500000
69 93 0.500000
69 94 0.500000
69 97 0.500000
69 98 0.500000
69 100 0.500000
69 102 0.500000
69 103 0.500000
69 108 0.500000
69 111 0.500000
69 112 0.500000
69 113 0.500000
69 117 0.500000
69 119 0.500000
69 121 0.500000
69 126 0.500000
69 132 0.500000
69 133 0.500000
69 134 0.500000
69 136 0.500000
69 137 0.500000
69 138 0.500000
70 71 0.500000
70 72 0.500000
70 73 0.500000
70 76 0.500000
70 77 0.500000
70 80 0.500000
70 81 0.500000
70 83 0.500000
70 85 0.500000
70 87 0.500000
70 88 0.500000
70 92 0.500000
70 93 0.500000
70 94 0.500000
70 96 0.500000
70 97 0.500000
70 98 0.500000
70 99 0.500000
70 100 0.500000
70 101 0.500000
70 102 0.500000
70 103 0.500000
70 105 0.500000
70 106 0.500000
70 107 0.500000
70 110 0.500000
70 111 0.500000
70 112 0.500000
70 115 0.500000
70 119 0.500000
70 120 0.500000
70 121 0.500000
70 122 0.500000
70 123 0.500000
70 127 0.500000
70 128 0.500000
70 130 0.500000
70 131 0.500000
70 132 0.500000
70 133 0.500000
70 136 0.500000
71 72 0.500000
71 73 0.500000
71 80 0.500000
71 81 0.500000
71 83 0.500000
71 84 0.500000
71 86 0.500000
71 87 0.500000
71 89 0.500000
71 94 0.500000
71 95 0.500000
71 97 0.500000
71 98 0.500000
71 100 0.500000
71 101 0.500000
71 102 0.500000
71 104 0.500000
71 105 0.500000
71 112 0.500000
71 117 0.500000
71 120 0.500000
71 121 0.500000
71 122 0.500000
71 124 0.500000
71 126 0.500000
71 128 0.500000
71 129 0.500000
71 131 0.500000
71 135 0.500000
71 136 0.500000
71 137 0.500000
71 138 0.500000
71 139 0.500000
72 73 0.500000
72 79 0.500000
72 80 0.500000
72 82 0.500000
72 83 0.500000
72 84 0.500000
72 86 0.500000
72 88 0.500000
72 90 0.500000
72 96 0.500000
72 99 0.500000
72 100 0.500000
72 101 0.500000
72 103 0.500000
72 104 0.500000
72 107 0.500000
72 108 0.500000
72 113 0.500000
72 114 0.500000
72 120 0.500000
72 124 0.500000
72 127 0.500000
72 129 0.500000
72 130 0.500000
72 131 0.500000
72 135 0.500000
72 136 0.500000
72 137 0.500000
72 138 0.500000
73 74 0.500000
73 78 0.500000
73 80 0.500000
73 83 0.500000
73 84 0.500000
73 88 0.500000
73 89 0.500000
73 93 0.500000
73 94 0.500000
73 96 0.500000
73 97 0.500000
73 98 0.500000
73 101 0.500000
73 102 0.500000
73 104 0.500000
73 105 0.500000
73 106 0.500000
73 109 0.500000
73 110 0.500000
73 112 0.500000
73 113 0.500000
73 114 0.500000
73 115 0.500000
73 117 0.500000
73 118 0.500000
73 120 0.500000
73 121 0.500000
73 122 0.500000
73 124 0.500000
73 126 0.500000
73 130 0.500000
73 131 0.500000
73 132 0.500000
73 134 0.500000
73 137 0.500000
73 138 0.500000
73 139 0.500000
73 140 0.500000
74 76 0.500000
74 77 0.500000
74 78 0.500000
74 84 0.500000
74 88 0.500000
74 89 0.500000
74 93 0.500000
74 95 0.500000
74 97 0.500000
74 100 0.500000
74 102 0.500000
74 108 0.500000
74 109 0.500000
74 112 0.500000
74 113 0.500000
74 115 0.500000
74 118 0.500000
74 119 0.500000
74 126 0.500000
74 128 0.500000
74 129 0.500000
74 131 0.500000
74 134 0.500000
74 136 0.500000
74 137 0.500000
74 140 0.500000
75 76 0.500000
75 77 0.500000
75 78 0.500000
75 79 0.500000
75 83 0.500000
75 84 0.500000
75 86 0.500000
75 87 0.500000
75 88 0.500000
75 92 0.500000
75 93 0.500000
75 95 0.500000
75 96 0.500000
75 99 0.500000
75 101 0.500000
75 102 0.500000
75 107 0.500000
75 110 0.500000
75 112 0.500000
75 114 0.500000
75 115 0.500000
75 118 0.500000
75 119 0.500000
75 120 0.500000
75 122 0.500000
75 123 0.500000
75 125 0.500000
75 129 0.500000
75 135 0.500000
75 136 0.500000
75 137 0.500000
75 139 0.500000
75 140 0.500000
76 78 0.500000
76 79 0.500000
76 81 0.500000
76 84 0.500000
76 85 0.500000
76 90 0.500000
76 92 0.500000
76 98 0.500000
76 99 0.500000
76 100 0.500000
76 102 0.500000
76 105 0.500000
76 107 0.500000
76 111 0.500000
76 112 0.500000
76 115 0.500000
76 117 0.500000
76 121 0.500000
76 122 0.500000
76 124 0.500000
76 128 0.500000
76 129 0.500000
76 130 0.500000
76 131 0.500000
76 132 0.500000
76 133 0.500000
76 134 0.500000
76 135 0.500000
76 138 0.500000
76 139 0.500000
76 140 0.500000
77 79 0.500000
77 81 0.500000
77 82 0.500000
77 83 0.500000
77 86 0.500000
77 87 0.500000
77 88 0.500000
77 90 0.500000
77 91 0.500000
77 92 0.500000
77 93 0.500000
77 95 0.500000
77 96 0.500000
77 97 0.500000
77 98 0.500000
77 104 0.500000
77 106 0.500000
77 108 0.500000
77 109 0.500000
77 110 0.500000
77 111 0.500000
77 112 0.500000
77 113 0.500000
77 114 0.500000
77 115 0.500000
77 116 0.500000
77 118 0.500000
77 120 0.500000
77 121 0.500000
77 122 0.500000
77 123 0.500000
77 124 0.500000
77 129 0.500000
77 132 0.500000
77 136 0.500000
77 138 0.500000
77 140 0.500000
78 79 0.500000
78 80 0.500000
78 84 0.500000
78 85 0.500000
78 87 0.500000
78 88 0.500000
78 90 0.500000
78 91 0.500000
78 96 0.500000
78 98 0.500000
78 101 0.500000
78 102 0.500000
78 105 0.500000
78 106 0.500000
78 109 0.500000
78 110 0.500000
78 116 0.500000
78 118 0.500000
78 120 0.500000
78 122 0.500000
78 123 0.500000
78 124 0.500000
78 125 0.500000
78 127 0.500000
78 128 0.500000
78 131 0.500000
78 132 0.500000
78 139 0.500000
79 80 0.500000
79 81 0.500000
79 83 0.500000
79 85 0.500000
79 86 0.500000
79 87 0.500000
79 89 0.500000
79 92 0.500000
79 93 0.500000
79 94 0.500000
79 95 0.500000
79 96 0.500000
79 97 0.500000
79 99 0.500000
79 102 0.500000
79 103 0.500000
79 105 0.500000
79 106 0.500000
79 107 0.500000
79 109 0.500000
79 112 0.500000
79 113 0.500000
79 114 0.500000
79 115 0.500000
79 117 0.500000
79 120 0.500000
79 124 0.500000
79 128 0.500000
79 135 0.500000
79 136 0.500000
79 138 0.500000
80 83 0.500000
80 84 0.500000
80 85 0.500000
80 86 0.500000
80 87 0.500000
80 88 0.500000
80 89 0.500000
80 90 0.500000
80 99 0.500000
80 100 0.500000
80 102 0.500000
80 107 0.500000
80 108 0.500000
80 110 0.500000
80 113 0.500000
80 115 0.500000
80 117 0.500000
80 118 0.500000
80 119 0.500000
80 127 0.500000
80 129 0.500000
80 130 0.500000
80 132 0.500000
80 133 0.500000
80 137 0.500000
80 138 0.500000
80 139 0.500000
80 140 0.500000
81 82 0.500000
81 83 0.500000
81 84 0.500000
81 89 0.500000
81 91 0.500000
81 93 0.500000
81 94 0.500000
81 96 0.500000
81 98 0.500000
81 99 0.500000
81 103 0.500000
81 105 0.500000
81 107 0.500000
81 108 0.500000
81 110 0.500000
81 111 0.500000
81 113 0.500000
81 115 0.500000
81 118 0.500000
81 119 0.500000
81 120 0.500000
81 121 0.500000
81 122 0.500000
81 128 0.500000
81 129 0.500000
81 132 0.500000
81 134 0.500000
81 136 0.500000
81 138 0.500000
81 139 0.500000
81 140 0.500000
82 83 0.500000
82 84 0.500000
82 88 0.500000
82 89 0.500000
82 91 0.500000
82 93 0.500000
82 95 0.500000
82 97 0.500000
82 98 0.500000
82 99 0.500000
82 100 0.500000
82 101 0.500000
82 102 0.500000
82 104 0.500000
82 105 0.500000
82 111 0.500000
82 113 0.500000
82 114 0.500000
82 116 0.500000
82 119 0.500000
82 121 0.500000
82 126 0.500000
82 132 0.500000
82 133 0.500000
82 134 0.500000
82 135 0.500000
82 136 0.500000
82 137 0.500000
83 84 0.500000
83 85 0.500000
83 87 0.500000
83 88 0.500000
83 89 0.500000
83 94 0.500000
83 95 0.500000
83 99 0.500000
83 100 0.500000
83 104 0.500000
83 107 0.500000
83 109 0.500000
83 110 0.500000
83 111 0.500000
83 112 0.500000
83 113 0.500000
83 117 0.500000
83 118 0.500000
83 119 0.500000
83 120 0.500000
83 121 0.500000
83 123 0.500000
83 125 0.500000
83 126 0.500000
83 127 0.500000
83 130 0.500000
83 132 0.500000
83 137 0.500000
83 138 0.500000
83 139 0.500000
84 86 0.500000
84 87 0.500000
84 88 0.500000
84 91 0.500000
84 93 0.500000
84 95 0.500000
84 96 0.500000
84 97 0.500000
84 99 0.500000
84 101 0.500000
84 105 0.500000
84 109 0.500000
84 110 0.500000
84 111 0.500000
84 114 0.500000
84 115 0.500000
84 117 0.500000
84 118 0.500000
84 119 0.500000
84 125 0.500000
84 126 0.500000
84 127 0.500000
84 130 0.500000
84 131 0.500000
84 132 0.500000
84 133 0.500000
84 138 0.500000
84 140 0.500000
85 88 0.500000
85 90 0.500000
85 91 0.500000
85 95 0.500000
85 100 0.500000
85 101 0.500000
85 102 0.500000
85 104 0.500000
85 105 0.500000
85 109 0.500000
85 110 0.500000
85 112 0.500000
85 113 0.500000
85 117 0.500000
85 120 0.500000
85 122 0.500000
85 123 0.500000
85 124 0.500000
85 125 0.500000
85 127 0.500000
85 128 0.500000
85 131 0.500000
85 132 0.500000
85 133 0.500000
85 134 0.500000
85 135 0.500000
85 138 0.500000
86 89 0.500000
86 91 0.500000
86 93 0.500000
86 95 0.500000
86 99 0.500000
86 101 0.500000
86 106 0.500000
86 112 0.500000
86 113 0.500000
86 114 0.500000
86 115 0.500000
86 117 0.500000
86 118 0.500000
86 119 0.500000
86 120 0.500000
86 121 0.500000
86 122 0.500000
86 123 0.500000
86 124 0.500000
86 125 0.500000
86 126 0.500000
86 129 0.500000
86 136 0.500000
86 137 0.500000
86 139 0.500000
86 140 0.500000
87 89 0.500000
87 90 0.500000
87 91 0.500000
87 92 0.500000
87 93 0.500000
87 96 0.500000
87 97 0.500000
87 98 0.500000
87 99 0.500000
87 100 0.500000
87 107 0.500000
87 109 0.500000
87 111 0.500000
87 112 0.500000
87 114 0.500000
87 116 0.500000
87 117 0.500000
87 121 0.500000
87 123 0.500000
87 124 0.500000
87 127 0.500000
87 128 0.500000
87 132 0.500000
87 136 0.500000
87 139 0.500000
87 140 0.500000
88 89 0.500000
88 91 0.500000
88 95 0.500000
88 97 0.500000
88 98 0.500000
88 101 0.500000
88 103 0.500000
88 106 0.500000
88 107 0.500000
88 110 0.500000
88 111 0.500000
88 113 0.500000
88 114 0.500000
88 118 0.500000
88 120 0.500000
88 123 0.500000
88 127 0.500000
88 128 0.500000
88 129 0.500000
88 133 0.500000
88 134 0.500000
88 135 0.500000
88 138 0.500000
88 139 0.500000
89 90 0.500000
89 91 0.500000
89 92 0.500000
89 96 0.500000
89 100 0.500000
89 101 0.500000
89 104 0.500000
89 109 0.500000
89 110 0.500000
89 112 0.500000
89 113 0.500000
89 115 0.500000
89 116 0.500000
89 117 0.500000
89 118 0.500000
89 120 0.500000
89 125 0.500000
89 126 0.500000
89 128 0.500000
89 130 0.500000
89 131 0.500000
89 132 0.500000
89 133 0.500000
89 134 0.500000
89 135 0.500000
89 137 0.500000
89 139 0.500000
90 92 0.500000
90 94 0.500000
90 95 0.500000
90 96 0.500000
90 97 0.500000
90 101 0.500000
90 103 0.500000
90 105 0.500000
90 106 0.500000
90 107 0.500000
90 109 0.500000
90 112 0.500000
90 114 0.500000
90 120 0.500000
90 124 0.500000
90 126 0.500000
90 132 0.500000
90 133 0.500000
90 134 0.500000
90 136 0.500000
90 137 0.500000
90 138 0.500000
91 92 0.500000
91 93 0.500000
91 95 0.500000
91 96 0.500000
91 98 0.500000
91 102 0.500000
91 103 0.500000
91 104 0.500000
91 106 0.500000
91 110 0.500000
91 111 0.500000
91 112 0.500000
91 115 0.500000
91 116 0.500000
91 118 0.500000
91 122 0.500000
91 124 0.500000
91 125 0.500000
91 126 0.500000
91 129 0.500000
91 130 0.500000
91 132 0.500000
91 134 0.500000
91 136 0.500000
91 137 0.500000
91 139 0.500000
92 94 0.500000
92 95 0.500000
92 98 0.500000
92 100 0.500000
92 101 0.500000
92 102 0.500000
92 104 0.500000
92 106 0.500000
92 108 0.500000
92 110 0.500000
92 112 0.500000
92 113 0.500000
92 121 0.500000
92 123 0.500000
92 124 0.500000
92 125 0.500000
92 126 0.500000
92 127 0.500000
92 128 0.500000
92 130 0.500000
92 132 0.500000
92 135 0.500000
92 137 0.500000
92 138 0.500000
92 139 0.500000
92 140 0.500000
93 94 0.500000
93 95 0.500000
93 96 0.500000
93 98 0.500000
93 99 0.500000
93 100 0.500000
93 104 0.500000
93 107 0.500000
93 109 0.500000
93 110 0.500000
93 111 0.500000
93 114 0.500000
93 115 0.500000
93 120 0.500000
93 124 0.500000
93 127 0.500000
93 128 0.500000
93 129 0.500000
93 133 0.500000
93 134 0.500000
93 135 0.500000
93 137 0.500000
93 138 0.500000
93 140 0.500000
94 96 0.500000
94 98 0.500000
94 99 0.500000
94 100 0.500000
94 102 0.500000
94 105 0.500000
94 107 0.500000
94 108 0.500000
94 112 0.500000
94 113 0.500000
94 115 0.500000
94 116 0.500000
94 118 0.500000
94 123 0.500000
94 124 0.500000
94 128 0.500000
94 132 0.500000
94 133 0.500000
94 135 0.500000
94 136 0.500000
94 138 0.500000
95 96 0.500000
95 99 0.500000
95 100 0.500000
95 101 0.500000
95 102 0.500000
95 104 0.500000
95 105 0.500000
95 107 0.500000
95 109 0.500000
95 111 0.500000
95 112 0.500000
95 114 0.500000
95 115 0.500000
95 116 0.500000
95 117 0.500000
95 118 0.500000
95 120 0.500000
95 122 0.500000
95 124 0.500000
95 126 0.500000
95 127 0.500000
95 128 0.500000
95 130 0.500000
95 131 0.500000
95 133 0.500000
95 134 0.500000
95 135 0.500000
95 136 0.500000
96 97 0.500000
96 98 0.500000
96 100 0.500000
96 101 0.500000
96 103 0.500000
96 105 0.500000
96 107 0.500000
96 108 0.500000
96 110 0.500000
96 111 0.500000
96 113 0.500000
96 114 0.500000
96 117 0.500000
96 118 0.500000
96 119 0.500000
96 123 0.500000
96 127 0.500000
96 129 0.500000
96 130 0.500000
96 132 0.500000
96 133 0.500000
96 134 0.500000
96 135 0.500000
96 137 0.500000
96 138 0.500000
96 139 0.500000
96 140 0.500000
97 98 0.500000
97 99 0.500000
97 100 0.500000
97 103 0.500000
97 104 0.500000
97 105 0.500000
97 106 0.500000
97 110 0.500000
97 112 0.500000
97 114 0.500000
97 117 0.500000
97 118 0.500000
97 120 0.500000
97 121 0.500000
97 122 0.500000
97 126 0.500000
97 127 0.500000
97 130 0.500000
97 134 0.500000
97 138 0.500000
97 139 0.500000
97 140 0.500000
98 102 0.500000
98 107 0.500000
98 109 0.500000
98 110 0.500000
98 121 0.500000
98 124 0.500000
98 127 0.500000
98 128 0.500000
98 129 0.500000
98 131 0.500000
98 132 0.500000
98 136 0.500000
99 100 0.500000
99 101 0.500000
99 102 0.500000
99 103 0.500000
99 104 0.500000
99 106 0.500000
99 108 0.500000
99 109 0.500000
99 111 0.500000
99 112 0.500000
99 114 0.500000
99 115 0.500000
99 116 0.500000
99 117 0.500000
99 118 0.500000
99 120 0.500000
99 127 0.500000
99 129 0.500000
99 130 0.500000
99 132 0.500000
99 134 0.500000
99 136 0.500000
99 137 0.500000
100 106 0.500000
100 109 0.500000
100 111 0.500000
100 112 0.500000
100 113 0.500000
100 114 0.500000
100 117 0.500000
100 122 0.500000
100 123 0.500000
100 124 0.500000
100 125 0.500000
100 126 0.500000
100 127 0.500000
100 129 0.500000
100 132 0.500000
100 135 0.500000
100 136 0.500000
100 137 0.500000
100 138 0.500000
100 139 0.500000
101 102 0.500000
101 109 0.500000
101 112 0.500000
101 115 0.500000
101 117 0.500000
101 119 0.500000
101 121 0.500000
101 123 0.500000
101 124 0.500000
101 129 0.500000
101 130 0.500000
101 135 0.500000
101 136 0.500000
101 137 0.500000
101 138 0.500000
101 139 0.500000
102 103 0.500000
102 106 0.500000
102 107 0.500000
102 108 0.500000
102 110 0.500000
102 112 0.500000
102 113 0.500000
102 115 0.500000
102 117 0.500000
102 120 0.500000
102 121 0.500000
102 122 0.500000
102 124 0.500000
102 125 0.500000
102 127 0.500000
102 132 0.500000
102 133 0.500000
102 135 0.500000
102 136 0.500000
102 137 0.500000
102 138 0.500000
102 139 0.500000
103 104 0.500000
103 105 0.500000
103 111 0.500000
103 114 0.500000
103 117 0.500000
103 118 0.500000
103 121 0.500000
103 122 0.500000
103 125 0.500000
103 127 0.500000
103 130 0.500000
103 131 0.500000
103 137 0.500000
103 138 0.500000
104 106 0.500000
104 107 0.500000
104 109 0.500000
104 110 0.500000
104 111 0.500000
104 113 0.500000
104 114 0.500000
104 115 0.500000
104 116 0.500000
104 117 0.500000
104 119 0.500000
104 123 0.500000
104 125 0.500000
104 126 0.500000
104 127 0.500000
104 130 0.500000
104 132 0.500000
104 133 0.500000
104 134 0.500000
104 139 0.500000
104 140 0.500000
105 108 0.500000
105 109 0.500000
105 111 0.500000
105 116 0.500000
105 117 0.500000
105 118 0.500000
105 119 0.500000
105 123 0.500000
105 124 0.500000
105 125 0.500000
105 127 0.500000
105 128 0.500000
105 131 0.500000
105 134 0.500000
105 135 0.500000
105 137 0.500000
105 140 0.500000
106 108 0.500000
106 110 0.500000
106 112 0.500000
106 113 0.500000
106 114 0.500000
106 115 0.500000
106 121 0.500000
106 122 0.500000
106 123 0.500000
106 126 0.500000
106 127 0.500000
106 128 0.500000
106 131 0.500000
106 132 0.500000
106 133 0.500000
106 134 0.500000
106 136 0.500000
106 137 0.500000
106 139 0.500000
107 110 0.500000
107 114 0.500000
107 116 0.500000
107 117 0.500000
107 119 0.500000
107 120 0.500000
107 122 0.500000
107 123 0.500000
107 124 0.500000
107 125 0.500000
107 128 0.500000
107 131 0.500000
107 140 0.500000
108 110 0.500000
108 112 0.500000
108 113 0.500000
108 120 0.500000
108 121 0.500000
108 122 0.500000
108 123 0.500000
108 128 0.500000
108 130 0.500000
108 131 0.500000
108 132 0.500000
108 134 0.500000
108 136 0.500000
108 137 0.500000
108 139 0.500000
109 110 0.500000
109 111 0.500000
109 115 0.500000
109 116 0.500000
109 117 0.500000
109 121 0.500000
109 123 0.500000
109 124 0.500000
109 126 0.500000
109 127 0.500000
109 128 0.500000
109 129 0.500000
109 130 0.500000
109 131 0.500000
109 132 0.500000
109 135 0.500000
109 138 0.500000
110 113 0.500000
110 115 0.500000
110 121 0.500000
110 122 0.500000
110 125 0.500000
110 128 0.500000
110 129 0.500000
110 131 0.500000
110 134 0.500000
110 136 0.500000
110 137 0.500000
111 113 0.500000
111 115 0.500000
111 116 0.500000
111 118 0.500000
111 119 0.500000
111 120 0.500000
111 121 0.500000
111 123 0.500000
111 124 0.500000
111 128 0.500000
111 129 0.500000
111 130 0.500000
111 132 0.500000
111 134 0.500000
111 135 0.500000
111 136 0.500000
111 137 0.500000
111 140 0.500000
112 113 0.500000
112 114 0.500000
112 117 0.500000
112 121 0.500000
112 122 0.500000
112 124 0.500000
112 127 0.500000
112 130 0.500000
112 133 0.500000
112 134 0.500000
112 136 0.500000
113 124 0.500000
113 125 0.500000
113 126 0.500000
113 128 0.500000
113 129 0.500000
113 130 0.500000
113 131 0.500000
113 132 0.500000
113 133 0.500000
113 135 0.500000
113 136 0.500000
113 137 0.500000
113 138 0.500000
114 116 0.500000
114 118 0.500000
114 119 0.500000
114 121 0.500000
114 123 0.500000
114 125 0.500000
114 127 0.500000
114 133 0.500000
114 135 0.500000
114 138 0.500000
114 139 0.500000
114 140 0.500000
115 118 0.500000
115 119 0.500000
115 120 0.500000
115 122 0.500000
115 125 0.500000
115 127 0.500000
115 129 0.500000
115 130 0.500000
115 132 0.500000
115 133 0.500000
115 134 0.500000
115 136 0.500000
116 118 0.500000
116 121 0.500000
116 125 0.500000
116 127 0.500000
116 128 0.500000
116 129 0.500000
116 130 0.500000
116 132 0.500000
116 134 0.500000
116 135 0.500000
116 137 0.500000
116 138 0.500000
117 118 0.500000
117 121 0.500000
117 123 0.500000
117 124 0.500000
117 125 0.500000
117 130 0.500000
117 133 0.500000
117 134 0.500000
117 138 0.500000
117 139 0.500000
117 140 0.500000
118 119 0.500000
118 121 0.500000
118 122 0.500000
118 123 0.500000
118 125 0.500000
118 128 0.500000
118 131 0.500000
118 133 0.500000
118 136 0.500000
119 120 0.500000
119 127 0.500000
119 128 0.500000
119 132 0.500000
119 133 0.500000
119 139 0.500000
119 140 0.500000
120 121 0.500000
120 122 0.500000
120 125 0.500000
120 126 0.500000
120 127 0.500000
120 130 0.500000
120 133 0.500000
120 136 0.500000
120 137 0.500000
120 138 0.500000
120 139 0.500000
120 140 0.500000
121 122 0.500000
121 123 0.500000
121 126 0.500000
121 127 0.500000
121 129 0.500000
121 132 0.500000
121 134 0.500000
121 135 0.500000
121 136 0.500000
121 137 0.500000
121 138 0.500000
121 139 0.500000
121 140 0.500000
122 125 0.500000
122 128 0.500000
122 129 0.500000
122 130 0.500000
122 131 0.500000
122 133 0.500000
122 135 0.500000
122 138 0.500000
122 140 0.500000
123 125 0.500000
123 126 0.500000
123 128 0.500000
123 129 0.500000
123 130 0.500000
123 134 0.500000
123 138 0.500000
123 140 0.500000
124 126 0.500000
124 127 0.500000
124 131 0.500000
124 132 0.500000
124 133 0.500000
124 134 0.500000
124 135 0.500000
124 136 0.500000
124 139 0.500000
124 140 0.500000
125 127 0.500000
125 128 0.500000
125 130 0.500000
125 131 0.500000
125 132 0.500000
125 134 0.500000
125 135 0.500000
125 136 0.500000
125 137 0.500000
125 139 0.500000
126 127 0.500000
126 128 0.500000
126 129 0.500000
126 132 0.500000
126 133 0.500000
126 137 0.500000
126 138 0.500000
127 129 0.500000
127 132 0.500000
127 133 0.500000
127 135 0.500000
127 136 0.500000
127 137 0.500000
127 140 0.500000
128 131 0.500000
128 132 0.500000
128 137 0.500000
128 138 0.500000
128 139 0.500000
129 130 0.500000
129 131 0.500000
129 132 0.500000
129 133 0.500000
129 135 0.500000
129 137 0.500000
129 139 0.500000
130 133 0.500000
130 135 0.500000
130 136 0.500000
130 140 0.500000
131 132 0.500000
131 136 0.500000
131 138 0.500000
131 139 0.500000
132 133 0.500000
132 134 0.500000
132 138 0.500000
132 139 0.500000
133 134 0.500000
133 135 0.500000
133 139 0.500000
133 140 0.500000
134 135 0.500000
134 136 0.500000
134 138 0.500000
134 139 0.500000
135 137 0.500000
135 138 0.500000
135 139 0.500000
136 138 0.500000
136 140 0.500000
137 139 0.500000
138 140 0.500000
