140 35 4865
1 2 0.500000
1 5 0.500000
1 9 0.500000
1 12 0.500000
1 13 0.500000
1 14 0.500000
1 15 0.500000
1 16 0.500000
1 18 0.500000
1 20 0.500000
1 21 0.500000
1 22 0.500000
1 23 0.500000
1 26 0.500000
1 29 0.500000
1 30 0.500000
1 31 0.500000
1 32 0.500000
1 34 0.500000
1 35 0.500000
1 43 0.500000
1 44 0.500000
1 45 0.500000
1 46 0.500000
1 47 0.500000
1 48 0.500000
1 51 0.500000
1 52 0.500000
1 54 0.500000
1 57 0.500000
1 59 0.500000
1 61 0.500000
1 62 0.500000
1 64 0.500000
1 68 0.500000
1 69 0.500000
1 70 0.500000
1 72 0.500000
1 73 0.500000
1 74 0.500000
1 79 0.500000
1 80 0.500000
1 85 0.500000
1 87 0.500000
1 88 0.500000
1 90 0.500000
1 92 0.500000
1 94 0.500000
1 97 0.500000
1 98 0.500000
1 99 0.500000
1 104 0.500000
1 105 0.500000
1 107 0.500000
1 108 0.500000
1 110 0.500000
1 111 0.500000
1 117 0.500000
1 118 0.500000
1 126 0.500000
1 128 0.500000
1 129 0.500000
1 130 0.500000
1 131 0.500000
1 135 0.500000
1 136 0.500000
1 138 0.500000
1 140 0.500000
2 5 0.500000
2 6 0.500000
2 7 0.500000
2 8 0.500000
2 9 0.500000
2 11 0.500000
2 12 0.500000
2 14 0.500000
2 15 0.500000
2 16 0.500000
2 17 0.500000
2 19 0.500000
2 20 0.500000
2 21 0.500000
2 23 0.500000
2 24 0.500000
2 27 0.500000
2 28 0.500000
2 29 0.500000
2 30 0.500000
2 31 0.500000
2 32 0.500000
2 33 0.500000
2 35 0.500000
2 41 0.500000
2 42 0.500000
2 43 0.500000
2 44 0.500000
2 45 0.500000
2 48 0.500000
2 50 0.500000
2 53 0.500000
2 55 0.500000
2 56 0.500000
2 57 0.500000
2 59 0.500000
2 60 0.500000
2 61 0.500000
2 62 0.500000
2 64 0.500000
2 66 0.500000
2 67 0.500000
2 68 0.500000
2 69 0.500000
2 70 0.500000
2 72 0.500000
2 74 0.500000
2 76 0.500000
2 77 0.500000
2 78 0.500000
2 79 0.500000
2 80 0.500000
2 81 0.500000
2 83 0.500000
2 87 0.500000
2 89 0.500000
2 91 0.500000
2 92 0.500000
2 93 0.500000
2 95 0.500000
2 98 0.500000
2 101 0.500000
2 102 0.500000
2 104 0.500000
2 105 0.500000
2 106 0.500000
2 110 0.500000
2 112 0.500000
2 114 0.500000
2 116 0.500000
2 120 0.500000
2 121 0.500000
2 122 0.500000
2 123 0.500000
2 125 0.500000
2 126 0.500000
2 127 0.500000
2 128 0.500000
2 130 0.500000
2 134 0.500000
2 136 0.500000
2 138 0.500000
2 139 0.500000
3 5 0.500000
3 8 0.500000
3 9 0.500000
3 11 0.500000
3 14 0.500000
3 18 0.500000
3 26 0.500000
3 27 0.500000
3 28 0.500000
3 29 0.500000
3 30 0.500000
3 31 0.500000
3 33 0.500000
3 34 0.500000
3 35 0.500000
3 37 0.500000
3 38 0.500000
3 40 0.500000
3 44 0.500000
3 47 0.500000
3 49 0.500000
3 50 0.500000
3 51 0.500000
3 52 0.500000
3 53 0.500000
3 55 0.500000
3 57 0.500000
3 59 0.500000
3 61 0.500000
3 62 0.500000
3 65 0.500000
3 66 0.500000
3 67 0.500000
3 68 0.500000
3 69 0.500000
3 70 0.500000
3 71 0.500000
3 73 0.500000
3 74 0.500000
3 75 0.500000
3 76 0.500000
3 79 0.500000
3 83 0.500000
3 85 0.500000
3 89 0.500000
3 92 0.500000
3 93 0.500000
3 94 0.500000
3 98 0.500000
3 100 0.500000
3 102 0.500000
3 103 0.500000
3 104 0.500000
3 114 0.500000
3 115 0.500000
3 116 0.500000
3 117 0.500000
3 118 0.500000
3 119 0.500000
3 120 0.500000
3 121 0.500000
3 122 0.500000
3 124 0.500000
3 125 0.500000
3 127 0.500000
3 130 0.500000
3 131 0.500000
3 132 0.500000
3 133 0.500000
3 135 0.500000
3 136 0.500000
3 138 0.500000
4 5 0.500000
4 7 0.500000
4 8 0.500000
4 9 0.500000
4 11 0.500000
4 12 0.500000
4 14 0.500000
4 18 0.500000
4 19 0.500000
4 20 0.500000
4 23 0.500000
4 24 0.500000
4 25 0.500000
4 26 0.500000
4 28 0.500000
4 29 0.500000
4 31 0.500000
4 36 0.500000
4 37 0.500000
4 38 0.500000
4 42 0.500000
4 46 0.500000
4 47 0.500000
4 49 0.500000
4 50 0.500000
4 51 0.500000
4 54 0.500000
4 58 0.500000
4 59 0.500000
4 60 0.500000
4 61 0.500000
4 63 0.500000
4 65 0.500000
4 67 0.500000
4 71 0.500000
4 73 0.500000
4 74 0.500000
4 76 0.500000
4 78 0.500000
4 79 0.500000
4 81 0.500000
4 83 0.500000
4 85 0.500000
4 86 0.500000
4 87 0.500000
4 88 0.500000
4 89 0.500000
4 94 0.500000
4 99 0.500000
4 100 0.500000
4 101 0.500000
4 103 0.500000
4 104 0.500000
4 105 0.500000
4 106 0.500000
4 108 0.500000
4 111 0.500000
4 113 0.500000
4 116 0.500000
4 118 0.500000
4 121 0.500000
4 123 0.500000
4 124 0.500000
4 130 0.500000
4 131 0.500000
4 132 0.500000
4 133 0.500000
4 134 0.500000
4 135 0.500000
4 136 0.500000
4 137 0.500000
4 138 0.500000
4 139 0.500000
5 6 0.500000
5 7 0.500000
5 10 0.500000
5 11 0.500000
5 12 0.500000
5 13 0.500000
5 15 0.500000
5 17 0.500000
5 18 0.500000
5 21 0.500000
5 25 0.500000
5 28 0.500000
5 29 0.500000
5 32 0.500000
5 35 0.500000
5 36 0.500000
5 37 0.500000
5 40 0.500000
5 41 0.500000
5 45 0.500000
5 46 0.500000
5 47 0.500000
5 50 0.500000
5 51 0.500000
5 52 0.500000
5 55 0.500000
5 59 0.500000
5 61 0.500000
5 62 0.500000
5 65 0.500000
5 66 0.500000
5 67 0.500000
5 68 0.500000
5 72 0.500000
5 73 0.500000
5 74 0.500000
5 80 0.500000
5 82 0.500000
5 84 0.500000
5 87 0.500000
5 91 0.500000
5 92 0.500000
5 93 0.500000
5 94 0.500000
5 95 0.500000
5 96 0.500000
5 97 0.500000
5 99 0.500000
5 102 0.500000
5 103 0.500000
5 104 0.500000
5 109 0.500000
5 111 0.500000
5 112 0.500000
5 116 0.500000
5 118 0.500000
5 119 0.500000
5 120 0.500000
5 124 0.500000
5 128 0.500000
5 130 0.500000
5 133 0.500000
5 134 0.500000
5 135 0.500000
5 139 0.500000
6 7 0.500000
6 8 0.500000
6 9 0.500000
6 10 0.500000
6 11 0.500000
6 13 0.500000
6 14 0.500000
6 15 0.500000
6 18 0.500000
6 21 0.500000
6 22 0.500000
6 23 0.500000
6 24 0.500000
6 25 0.500000
6 29 0.500000
6 30 0.500000
6 32 0.500000
6 35 0.500000
6 38 0.500000
6 40 0.500000
6 41 0.500000
6 43 0.500000
6 44 0.500000
6 46 0.500000
6 47 0.500000
6 48 0.500000
6 49 0.500000
6 53 0.500000
6 55 0.500000
6 56 0.500000
6 58 0.500000
6 63 0.500000
6 65 0.500000
6 66 0.500000
6 67 0.500000
6 73 0.500000
6 74 0.500000
6 77 0.500000
6 78 0.500000
6 80 0.500000
6 84 0.500000
6 88 0.500000
6 89 0.500000
6 90 0.500000
6 91 0.500000
6 92 0.500000
6 93 0.500000
6 94 0.500000
6 95 0.500000
6 96 0.500000
6 100 0.500000
6 101 0.500000
6 103 0.500000
6 104 0.500000
6 105 0.500000
6 106 0.500000
6 109 0.500000
6 113 0.500000
6 115 0.500000
6 116 0.500000
6 117 0.500000
6 118 0.500000
6 119 0.500000
6 121 0.500000
6 123 0.500000
6 124 0.500000
6 129 0.500000
6 130 0.500000
6 135 0.500000
6 136 0.500000
6 137 0.500000
6 139 0.500000
7 8 0.500000
7 11 0.500000
7 12 0.500000
7 14 0.500000
7 15 0.500000
7 16 0.500000
7 18 0.500000
7 19 0.500000
7 22 0.500000
7 26 0.500000
7 27 0.500000
7 29 0.500000
7 30 0.500000
7 31 0.500000
7 41 0.500000
7 42 0.500000
7 43 0.500000
7 44 0.500000
7 47 0.500000
7 48 0.500000
7 49 0.500000
7 51 0.500000
7 52 0.500000
7 53 0.500000
7 55 0.500000
7 56 0.500000
7 58 0.500000
7 59 0.500000
7 61 0.500000
7 62 0.500000
7 64 0.500000
7 65 0.500000
7 66 0.500000
7 67 0.500000
7 70 0.500000
7 71 0.500000
7 74 0.500000
7 75 0.500000
7 76 0.500000
7 79 0.500000
7 81 0.500000
7 85 0.500000
7 88 0.500000
7 93 0.500000
7 95 0.500000
7 96 0.500000
7 98 0.500000
7 101 0.500000
7 102 0.500000
7 105 0.500000
7 110 0.500000
7 113 0.500000
7 114 0.500000
7 125 0.500000
7 126 0.500000
7 127 0.500000
7 130 0.500000
7 131 0.500000
7 133 0.500000
7 134 0.500000
7 138 0.500000
7 139 0.500000
7 140 0.500000
8 9 0.500000
8 10 0.500000
8 15 0.500000
8 16 0.500000
8 17 0.500000
8 19 0.500000
8 22 0.500000
8 23 0.500000
8 24 0.500000
8 29 0.500000
8 32 0.500000
8 35 0.500000
8 36 0.500000
8 37 0.500000
8 38 0.500000
8 39 0.500000
8 41 0.500000
8 42 0.500000
8 43 0.500000
8 45 0.500000
8 46 0.500000
8 50 0.500000
8 53 0.500000
8 54 0.500000
8 55 0.500000
8 56 0.500000
8 59 0.500000
8 60 0.500000
8 62 0.500000
8 70 0.500000
8 71 0.500000
8 72 0.500000
8 73 0.500000
8 74 0.500000
8 75 0.500000
8 77 0.500000
8 78 0.500000
8 80 0.500000
8 83 0.500000
8 84 0.500000
8 85 0.500000
8 86 0.500000
8 88 0.500000
8 90 0.500000
8 91 0.500000
8 95 0.500000
8 97 0.500000
8 98 0.500000
8 99 0.500000
8 104 0.500000
8 107 0.500000
8 108 0.500000
8 110 0.500000
8 113 0.500000
8 116 0.500000
8 118 0.500000
8 119 0.500000
8 123 0.500000
8 125 0.500000
8 129 0.500000
8 131 0.500000
8 133 0.500000
8 137 0.500000
8 140 0.500000
9 10 0.500000
9 11 0.500000
9 12 0.500000
9 13 0.500000
9 16 0.500000
9 17 0.500000
9 19 0.500000
9 23 0.500000
9 24 0.500000
9 25 0.500000
9 26 0.500000
9 28 0.500000
9 29 0.500000
9 30 0.500000
9 32 0.500000
9 34 0.500000
9 35 0.500000
9 37 0.500000
9 46 0.500000
9 47 0.500000
9 48 0.500000
9 49 0.500000
9 50 0.500000
9 54 0.500000
9 56 0.500000
9 57 0.500000
9 60 0.500000
9 61 0.500000
9 66 0.500000
9 67 0.500000
9 69 0.500000
9 73 0.500000
9 74 0.500000
9 77 0.500000
9 79 0.500000
9 81 0.500000
9 82 0.500000
9 83 0.500000
9 86 0.500000
9 88 0.500000
9 91 0.500000
9 92 0.500000
9 93 0.500000
9 99 0.500000
9 100 0.500000
9 101 0.500000
9 102 0.500000
9 103 0.500000
9 105 0.500000
9 106 0.500000
9 107 0.500000
9 108 0.500000
9 109 0.500000
9 110 0.500000
9 111 0.500000
9 113 0.500000
9 114 0.500000
9 115 0.500000
9 116 0.500000
9 118 0.500000
9 121 0.500000
9 122 0.500000
9 124 0.500000
9 125 0.500000
9 126 0.500000
9 127 0.500000
9 128 0.500000
9 129 0.500000
9 130 0.500000
9 131 0.500000
9 132 0.500000
9 134 0.500000
9 136 0.500000
9 138 0.500000
9 139 0.500000
10 12 0.500000
10 13 0.500000
10 14 0.500000
10 17 0.500000
10 21 0.500000
10 23 0.500000
10 27 0.500000
10 28 0.500000
10 29 0.500000
10 30 0.500000
10 31 0.500000
10 33 0.500000
10 35 0.500000
10 36 0.500000
10 38 0.500000
10 40 0.500000
10 43 0.500000
10 44 0.500000
10 48 0.500000
10 51 0.500000
10 55 0.500000
10 57 0.500000
10 58 0.500000
10 60 0.500000
10 61 0.500000
10 66 0.500000
10 68 0.500000
10 71 0.500000
10 75 0.500000
10 76 0.500000
10 77 0.500000
10 78 0.500000
10 80 0.500000
10 81 0.500000
10 82 0.500000
10 84 0.500000
10 87 0.500000
10 88 0.500000
10 91 0.500000
10 92 0.500000
10 93 0.500000
10 94 0.500000
10 95 0.500000
10 96 0.500000
10 97 0.500000
10 99 0.500000
10 106 0.500000
10 107 0.500000
10 111 0.500000
10 114 0.500000
10 115 0.500000
10 118 0.500000
10 120 0.500000
10 121 0.500000
10 122 0.500000
10 123 0.500000
10 125 0.500000
10 127 0.500000
10 129 0.500000
10 130 0.500000
10 131 0.500000
10 132 0.500000
10 133 0.500000
10 134 0.500000
10 135 0.500000
10 138 0.500000
11 12 0.500000
11 14 0.500000
11 17 0.500000
11 22 0.500000
11 25 0.500000
11 30 0.500000
11 31 0.500000
11 32 0.500000
11 33 0.500000
11 34 0.500000
11 35 0.500000
11 37 0.500000
11 38 0.500000
11 39 0.500000
11 40 0.500000
11 41 0.500000
11 45 0.500000
11 46 0.500000
11 47 0.500000
11 48 0.500000
11 50 0.500000
11 51 0.500000
11 52 0.500000
11 53 0.500000
11 57 0.500000
11 63 0.500000
11 65 0.500000
11 68 0.500000
11 69 0.500000
11 72 0.500000
11 74 0.500000
11 75 0.500000
11 78 0.500000
11 79 0.500000
11 80 0.500000
11 81 0.500000
11 82 0.500000
11 84 0.500000
11 86 0.500000
11 90 0.500000
11 91 0.500000
11 95 0.500000
11 97 0.500000
11 99 0.500000
11 101 0.500000
11 103 0.500000
11 105 0.500000
11 110 0.500000
11 112 0.500000
11 114 0.500000
11 115 0.500000
11 119 0.500000
11 120 0.500000
11 122 0.500000
11 123 0.500000
11 125 0.500000
11 128 0.500000
11 129 0.500000
11 130 0.500000
11 132 0.500000
11 138 0.500000
12 14 0.500000
12 15 0.500000
12 19 0.500000
12 20 0.500000
12 22 0.500000
12 25 0.500000
12 26 0.500000
12 29 0.500000
12 30 0.500000
12 31 0.500000
12 34 0.500000
12 35 0.500000
12 36 0.500000
12 37 0.500000
12 38 0.500000
12 39 0.500000
12 40 0.500000
12 43 0.500000
12 45 0.500000
12 50 0.500000
12 53 0.500000
12 55 0.500000
12 56 0.500000
12 57 0.500000
12 58 0.500000
12 62 0.500000
12 64 0.500000
12 65 0.500000
12 73 0.500000
12 74 0.500000
12 75 0.500000
12 78 0.500000
12 79 0.500000
12 81 0.500000
12 84 0.500000
12 86 0.500000
12 88 0.500000
12 89 0.500000
12 90 0.500000
12 93 0.500000
12 94 0.500000
12 95 0.500000
12 98 0.500000
12 99 0.500000
12 103 0.500000
12 104 0.500000
12 105 0.500000
12 109 0.500000
12 111 0.500000
12 113 0.500000
12 114 0.500000
12 119 0.500000
12 121 0.500000
12 123 0.500000
12 124 0.500000
12 125 0.500000
12 126 0.500000
12 127 0.500000
12 128 0.500000
12 129 0.500000
12 130 0.500000
12 132 0.500000
12 133 0.500000
12 135 0.500000
12 137 0.500000
12 139 0.500000
12 140 0.500000
13 14 0.500000
13 20 0.500000
13 23 0.500000
13 29 0.500000
13 33 0.500000
13 35 0.500000
13 37 0.500000
13 38 0.500000
13 40 0.500000
13 41 0.500000
13 44 0.500000
13 45 0.500000
13 53 0.500000
13 58 0.500000
13 59 0.500000
13 60 0.500000
13 62 0.500000
13 64 0.500000
13 65 0.500000
13 68 0.500000
13 71 0.500000
13 73 0.500000
13 74 0.500000
13 75 0.500000
13 76 0.500000
13 77 0.500000
13 78 0.500000
13 82 0.500000
13 83 0.500000
13 84 0.500000
13 86 0.500000
13 91 0.500000
13 98 0.500000
13 99 0.500000
13 101 0.500000
13 104 0.500000
13 105 0.500000
13 107 0.500000
13 109 0.500000
13 117 0.500000
13 118 0.500000
13 121 0.500000
13 124 0.500000
13 125 0.500000
13 130 0.500000
13 132 0.500000
13 135 0.500000
13 138 0.500000
13 140 0.500000
14 15 0.500000
14 18 0.500000
14 19 0.500000
14 20 0.500000
14 23 0.500000
14 26 0.500000
14 27 0.500000
14 28 0.500000
14 29 0.500000
14 31 0.500000
14 32 0.500000
14 35 0.500000
14 36 0.500000
14 38 0.500000
14 39 0.500000
14 41 0.500000
14 42 0.500000
14 43 0.500000
14 45 0.500000
14 47 0.500000
14 49 0.500000
14 50 0.500000
14 51 0.500000
14 53 0.500000
14 57 0.500000
14 58 0.500000
14 61 0.500000
14 63 0.500000
14 66 0.500000
14 70 0.500000
14 72 0.500000
14 73 0.500000
14 74 0.500000
14 75 0.500000
14 81 0.500000
14 82 0.500000
14 83 0.500000
14 87 0.500000
14 88 0.500000
14 89 0.500000
14 90 0.500000
14 91 0.500000
14 93 0.500000
14 95 0.500000
14 96 0.500000
14 97 0.500000
14 100 0.500000
14 101 0.500000
14 102 0.500000
14 103 0.500000
14 105 0.500000
14 106 0.500000
14 107 0.500000
14 108 0.500000
14 110 0.500000
14 111 0.500000
14 112 0.500000
14 115 0.500000
14 120 0.500000
14 123 0.500000
14 125 0.500000
14 127 0.500000
14 128 0.500000
14 130 0.500000
14 132 0.500000
14 135 0.500000
14 137 0.500000
14 138 0.500000
14 140 0.500000
15 16 0.500000
15 18 0.500000
15 23 0.500000
15 25 0.500000
15 26 0.500000
15 30 0.500000
15 33 0.500000
15 37 0.500000
15 40 0.500000
15 42 0.500000
15 47 0.500000
15 56 0.500000
15 58 0.500000
15 59 0.500000
15 61 0.500000
15 62 0.500000
15 68 0.500000
15 69 0.500000
15 70 0.500000
15 74 0.500000
15 76 0.500000
15 78 0.500000
15 79 0.500000
15 80 0.500000
15 81 0.500000
15 83 0.500000
15 87 0.500000
15 89 0.500000
15 90 0.500000
15 92 0.500000
15 93 0.500000
15 95 0.500000
15 96 0.500000
15 99 0.500000
15 100 0.500000
15 102 0.500000
15 103 0.500000
15 105 0.500000
15 106 0.500000
15 108 0.500000
15 110 0.500000
15 112 0.500000
15 114 0.500000
15 116 0.500000
15 118 0.500000
15 121 0.500000
15 124 0.500000
15 126 0.500000
15 129 0.500000
15 130 0.500000
15 135 0.500000
15 136 0.500000
15 140 0.500000
16 17 0.500000
16 19 0.500000
16 20 0.500000
16 21 0.500000
16 22 0.500000
16 23 0.500000
16 27 0.500000
16 28 0.500000
16 29 0.500000
16 31 0.500000
16 32 0.500000
16 33 0.500000
16 36 0.500000
16 37 0.500000
16 38 0.500000
16 42 0.500000
16 45 0.500000
16 47 0.500000
16 48 0.500000
16 49 0.500000
16 50 0.500000
16 55 0.500000
16 56 0.500000
16 57 0.500000
16 59 0.500000
16 61 0.500000
16 62 0.500000
16 64 0.500000
16 66 0.500000
16 67 0.500000
16 70 0.500000
16 72 0.500000
16 73 0.500000
16 75 0.500000
16 76 0.500000
16 77 0.500000
16 79 0.500000
16 80 0.500000
16 86 0.500000
16 90 0.500000
16 91 0.500000
16 92 0.500000
16 93 0.500000
16 94 0.500000
16 95 0.500000
16 99 0.500000
16 100 0.500000
16 101 0.500000
16 103 0.500000
16 107 0.500000
16 111 0.500000
16 112 0.500000
16 113 0.500000
16 114 0.500000
16 115 0.500000
16 117 0.500000
16 120 0.500000
16 122 0.500000
16 123 0.500000
16 125 0.500000
16 126 0.500000
16 127 0.500000
16 130 0.500000
16 132 0.500000
16 136 0.500000
16 138 0.500000
17 19 0.500000
17 21 0.500000
17 22 0.500000
17 24 0.500000
17 26 0.500000
17 27 0.500000
17 29 0.500000
17 30 0.500000
17 32 0.500000
17 34 0.500000
17 36 0.500000
17 37 0.500000
17 38 0.500000
17 39 0.500000
17 43 0.500000
17 44 0.500000
17 45 0.500000
17 49 0.500000
17 51 0.500000
17 52 0.500000
17 56 0.500000
17 57 0.500000
17 58 0.500000
17 59 0.500000
17 60 0.500000
17 64 0.500000
17 66 0.500000
17 67 0.500000
17 68 0.500000
17 69 0.500000
17 70 0.500000
17 71 0.500000
17 73 0.500000
17 75 0.500000
17 76 0.500000
17 79 0.500000
17 80 0.500000
17 81 0.500000
17 86 0.500000
17 87 0.500000
17 88 0.500000
17 89 0.500000
17 91 0.500000
17 93 0.500000
17 94 0.500000
17 95 0.500000
17 96 0.500000
17 97 0.500000
17 98 0.500000
17 99 0.500000
17 100 0.500000
17 103 0.500000
17 104 0.500000
17 105 0.500000
17 107 0.500000
17 108 0.500000
17 109 0.500000
17 110 0.500000
17 111 0.500000
17 112 0.500000
17 114 0.500000
17 116 0.500000
17 118 0.500000
17 122 0.500000
17 124 0.500000
17 125 0.500000
17 126 0.500000
17 127 0.500000
17 130 0.500000
17 131 0.500000
17 133 0.500000
17 135 0.500000
17 137 0.500000
18 21 0.500000
18 23 0.500000
18 24 0.500000
18 25 0.500000
18 26 0.500000
18 31 0.500000
18 33 0.500000
18 36 0.500000
18 38 0.500000
18 47 0.500000
18 48 0.500000
18 50 0.500000
18 52 0.500000
18 53 0.500000
18 54 0.500000
18 55 0.500000
18 56 0.500000
18 57 0.500000
18 59 0.500000
18 61 0.500000
18 62 0.500000
18 63 0.500000
18 66 0.500000
18 67 0.500000
18 68 0.500000
18 71 0.500000
18 72 0.500000
18 73 0.500000
18 76 0.500000
18 77 0.500000
18 78 0.500000
18 80 0.500000
18 81 0.500000
18 82 0.500000
18 83 0.500000
18 85 0.500000
18 88 0.500000
18 90 0.500000
18 97 0.500000
18 102 0.500000
18 104 0.500000
18 107 0.500000
18 110 0.500000
18 111 0.500000
18 116 0.500000
18 118 0.500000
18 119 0.500000
18 120 0.500000
18 121 0.500000
18 123 0.500000
18 125 0.500000
18 127 0.500000
18 129 0.500000
18 131 0.500000
18 132 0.500000
18 134 0.500000
18 135 0.500000
18 137 0.500000
18 138 0.500000
18 139 0.500000
19 20 0.500000
19 21 0.500000
19 22 0.500000
19 23 0.500000
19 25 0.500000
19 27 0.500000
19 28 0.500000
19 30 0.500000
19 31 0.500000
19 33 0.500000
19 34 0.500000
19 36 0.500000
19 39 0.500000
19 40 0.500000
19 42 0.500000
19 43 0.500000
19 44 0.500000
19 45 0.500000
19 46 0.500000
19 48 0.500000
19 50 0.500000
19 51 0.500000
19 52 0.500000
19 53 0.500000
19 55 0.500000
19 57 0.500000
19 58 0.500000
19 62 0.500000
19 64 0.500000
19 66 0.500000
19 68 0.500000
19 70 0.500000
19 72 0.500000
19 75 0.500000
19 76 0.500000
19 77 0.500000
19 79 0.500000
19 81 0.500000
19 84 0.500000
19 88 0.500000
19 90 0.500000
19 93 0.500000
19 94 0.500000
19 95 0.500000
19 98 0.500000
19 101 0.500000
19 102 0.500000
19 103 0.500000
19 104 0.500000
19 105 0.500000
19 110 0.500000
19 113 0.500000
19 114 0.500000
19 115 0.500000
19 118 0.500000
19 123 0.500000
19 126 0.500000
19 128 0.500000
19 129 0.500000
19 130 0.500000
19 131 0.500000
19 134 0.500000
19 135 0.500000
19 136 0.500000
19 139 0.500000
19 140 0.500000
20 21 0.500000
20 22 0.500000
20 23 0.500000
20 24 0.500000
20 27 0.500000
20 28 0.500000
20 29 0.500000
20 31 0.500000
20 32 0.500000
20 33 0.500000
20 35 0.500000
20 37 0.500000
20 39 0.500000
20 40 0.500000
20 42 0.500000
20 48 0.500000
20 49 0.500000
20 51 0.500000
20 53 0.500000
20 54 0.500000
20 56 0.500000
20 57 0.500000
20 58 0.500000
20 62 0.500000
20 66 0.500000
20 67 0.500000
20 71 0.500000
20 76 0.500000
20 79 0.500000
20 82 0.500000
20 84 0.500000
20 86 0.500000
20 90 0.500000
20 91 0.500000
20 92 0.500000
20 94 0.500000
20 95 0.500000
20 96 0.500000
20 98 0.500000
20 99 0.500000
20 100 0.500000
20 102 0.500000
20 103 0.500000
20 104 0.500000
20 105 0.500000
20 106 0.500000
20 109 0.500000
20 110 0.500000
20 111 0.500000
20 112 0.500000
20 116 0.500000
20 118 0.500000
20 123 0.500000
20 125 0.500000
20 128 0.500000
20 129 0.500000
20 130 0.500000
20 133 0.500000
20 137 0.500000
21 24 0.500000
21 25 0.500000
21 26 0.500000
21 30 0.500000
21 32 0.500000
21 34 0.500000
21 35 0.500000
21 36 0.500000
21 40 0.500000
21 46 0.500000
21 50 0.500000
21 51 0.500000
21 54 0.500000
21 57 0.500000
21 60 0.500000
21 61 0.500000
21 64 0.500000
21 65 0.500000
21 67 0.500000
21 68 0.500000
21 70 0.500000
21 71 0.500000
21 72 0.500000
21 74 0.500000
21 75 0.500000
21 81 0.500000
21 85 0.500000
21 88 0.500000
21 89 0.500000
21 90 0.500000
21 91 0.500000
21 93 0.500000
21 96 0.500000
21 98 0.500000
21 101 0.500000
21 103 0.500000
21 109 0.500000
21 110 0.500000
21 111 0.500000
21 112 0.500000
21 113 0.500000
21 114 0.500000
21 117 0.500000
21 118 0.500000
21 119 0.500000
21 122 0.500000
21 127 0.500000
21 132 0.500000
21 137 0.500000
21 139 0.500000
22 25 0.500000
22 27 0.500000
22 30 0.500000
22 32 0.500000
22 34 0.500000
22 37 0.500000
22 39 0.500000
22 42 0.500000
22 43 0.500000
22 45 0.500000
22 47 0.500000
22 52 0.500000
22 53 0.500000
22 59 0.500000
22 74 0.500000
22 76 0.500000
22 77 0.500000
22 78 0.500000
22 81 0.500000
22 83 0.500000
22 84 0.500000
22 85 0.500000
22 90 0.500000
22 94 0.500000
22 95 0.500000
22 96 0.500000
22 99 0.500000
22 100 0.500000
22 104 0.500000
22 109 0.500000
22 112 0.500000
22 113 0.500000
22 115 0.500000
22 116 0.500000
22 120 0.500000
22 121 0.500000
22 122 0.500000
22 124 0.500000
22 125 0.500000
22 126 0.500000
22 127 0.500000
22 130 0.500000
22 131 0.500000
22 132 0.500000
22 133 0.500000
22 134 0.500000
22 136 0.500000
23 29 0.500000
23 30 0.500000
23 31 0.500000
23 32 0.500000
23 33 0.500000
23 34 0.500000
23 36 0.500000
23 38 0.500000
23 39 0.500000
23 40 0.500000
23 42 0.500000
23 44 0.500000
23 45 0.500000
23 48 0.500000
23 52 0.500000
23 54 0.500000
23 55 0.500000
23 60 0.500000
23 63 0.500000
23 65 0.500000
23 66 0.500000
23 70 0.500000
23 73 0.500000
23 74 0.500000
23 75 0.500000
23 76 0.500000
23 77 0.500000
23 80 0.500000
23 82 0.500000
23 83 0.500000
23 85 0.500000
23 86 0.500000
23 87 0.500000
23 90 0.500000
23 94 0.500000
23 95 0.500000
23 100 0.500000
23 101 0.500000
23 103 0.500000
23 104 0.500000
23 105 0.500000
23 110 0.500000
23 111 0.500000
23 116 0.500000
23 120 0.500000
23 122 0.500000
23 124 0.500000
23 127 0.500000
23 128 0.500000
23 132 0.500000
23 134 0.500000
23 135 0.500000
23 136 0.500000
23 138 0.500000
24 26 0.500000
24 27 0.500000
24 28 0.500000
24 31 0.500000
24 33 0.500000
24 35 0.500000
24 41 0.500000
24 44 0.500000
24 45 0.500000
24 46 0.500000
24 48 0.500000
24 51 0.500000
24 52 0.500000
24 53 0.500000
24 56 0.500000
24 58 0.500000
24 60 0.500000
24 61 0.500000
24 62 0.500000
24 66 0.500000
24 67 0.500000
24 68 0.500000
24 69 0.500000
24 71 0.500000
24 72 0.500000
24 75 0.500000
24 78 0.500000
24 79 0.500000
24 80 0.500000
24 82 0.500000
24 84 0.500000
24 86 0.500000
24 87 0.500000
24 88 0.500000
24 92 0.500000
24 93 0.500000
24 94 0.500000
24 96 0.500000
24 97 0.500000
24 98 0.500000
24 99 0.500000
24 100 0.500000
24 101 0.500000
24 103 0.500000
24 104 0.500000
24 105 0.500000
24 106 0.500000
24 107 0.500000
24 108 0.500000
24 109 0.500000
24 111 0.500000
24 114 0.500000
24 115 0.500000
24 119 0.500000
24 121 0.500000
24 122 0.500000
24 124 0.500000
24 126 0.500000
24 127 0.500000
24 128 0.500000
24 129 0.500000
24 130 0.500000
24 132 0.500000
24 133 0.500000
24 136 0.500000
24 137 0.500000
25 26 0.500000
25 31 0.500000
25 32 0.500000
25 33 0.500000
25 37 0.500000
25 38 0.500000
25 39 0.500000
25 41 0.500000
25 42 0.500000
25 44 0.500000
25 45 0.500000
25 46 0.500000
25 48 0.500000
25 49 0.500000
25 51 0.500000
25 54 0.500000
25 55 0.500000
25 56 0.500000
25 57 0.500000
25 58 0.500000
25 59 0.500000
25 64 0.500000
25 65 0.500000
25 67 0.500000
25 68 0.500000
25 69 0.500000
25 72 0.500000
25 73 0.500000
25 79 0.500000
25 80 0.500000
25 83 0.500000
25 85 0.500000
25 86 0.500000
25 89 0.500000
25 90 0.500000
25 91 0.500000
25 93 0.500000
25 95 0.500000
25 97 0.500000
25 99 0.500000
25 100 0.500000
25 101 0.500000
25 102 0.500000
25 103 0.500000
25 104 0.500000
25 111 0.500000
25 113 0.500000
25 114 0.500000
25 117 0.500000
25 118 0.500000
25 121 0.500000
25 125 0.500000
25 130 0.500000
25 131 0.500000
25 132 0.500000
25 133 0.500000
25 135 0.500000
25 136 0.500000
25 140 0.500000
26 30 0.500000
26 32 0.500000
26 35 0.500000
26 36 0.500000
26 39 0.500000
26 40 0.500000
26 42 0.500000
26 43 0.500000
26 44 0.500000
26 45 0.500000
26 47 0.500000
26 48 0.500000
26 50 0.500000
26 51 0.500000
26 52 0.500000
26 55 0.500000
26 56 0.500000
26 63 0.500000
26 64 0.500000
26 65 0.500000
26 66 0.500000
26 67 0.500000
26 69 0.500000
26 70 0.500000
26 71 0.500000
26 73 0.500000
26 78 0.500000
26 79 0.500000
26 80 0.500000
26 82 0.500000
26 83 0.500000
26 89 0.500000
26 90 0.500000
26 91 0.500000
26 98 0.500000
26 100 0.500000
26 101 0.500000
26 102 0.500000
26 103 0.500000
26 108 0.500000
26 114 0.500000
26 115 0.500000
26 121 0.500000
26 126 0.500000
26 127 0.500000
26 128 0.500000
26 129 0.500000
26 132 0.500000
26 133 0.500000
26 137 0.500000
26 139 0.500000
26 140 0.500000
27 31 0.500000
27 33 0.500000
27 34 0.500000
27 35 0.500000
27 37 0.500000
27 42 0.500000
27 43 0.500000
27 47 0.500000
27 48 0.500000
27 50 0.500000
27 52 0.500000
27 53 0.500000
27 55 0.500000
27 56 0.500000
27 57 0.500000
27 58 0.500000
27 61 0.500000
27 63 0.500000
27 64 0.500000
27 68 0.500000
27 70 0.500000
27 73 0.500000
27 74 0.500000
27 75 0.500000
27 78 0.500000
27 81 0.500000
27 82 0.500000
27 87 0.500000
27 88 0.500000
27 90 0.500000
27 91 0.500000
27 97 0.500000
27 99 0.500000
27 101 0.500000
27 102 0.500000
27 104 0.500000
27 107 0.500000
27 109 0.500000
27 111 0.500000
27 113 0.500000
27 114 0.500000
27 119 0.500000
27 123 0.500000
27 125 0.500000
27 126 0.500000
27 127 0.500000
27 130 0.500000
27 131 0.500000
27 132 0.500000
27 133 0.500000
27 134 0.500000
27 135 0.500000
27 136 0.500000
27 137 0.500000
27 138 0.500000
27 139 0.500000
27 140 0.500000
28 31 0.500000
28 36 0.500000
28 38 0.500000
28 41 0.500000
28 42 0.500000
28 44 0.500000
28 46 0.500000
28 48 0.500000
28 50 0.500000
28 56 0.500000
28 57 0.500000
28 58 0.500000
28 59 0.500000
28 63 0.500000
28 64 0.500000
28 68 0.500000
28 70 0.500000
28 78 0.500000
28 81 0.500000
28 83 0.500000
28 88 0.500000
28 92 0.500000
28 93 0.500000
28 98 0.500000
28 100 0.500000
28 101 0.500000
28 105 0.500000
28 106 0.500000
28 107 0.500000
28 109 0.500000
28 110 0.500000
28 111 0.500000
28 114 0.500000
28 116 0.500000
28 119 0.500000
28 121 0.500000
28 123 0.500000
28 125 0.500000
28 127 0.500000
28 128 0.500000
28 129 0.500000
28 130 0.500000
28 132 0.500000
28 133 0.500000
28 135 0.500000
28 136 0.500000
28 137 0.500000
28 138 0.500000
29 32 0.500000
29 33 0.500000
29 35 0.500000
29 37 0.500000
29 39 0.500000
29 43 0.500000
29 52 0.500000
29 53 0.500000
29 55 0.500000
29 56 0.500000
29 57 0.500000
29 59 0.500000
29 60 0.500000
29 61 0.500000
29 62 0.500000
29 63 0.500000
29 64 0.500000
29 67 0.500000
29 69 0.500000
29 73 0.500000
29 75 0.500000
29 78 0.500000
29 79 0.500000
29 80 0.500000
29 81 0.500000
29 82 0.500000
29 89 0.500000
29 91 0.500000
29 92 0.500000
29 94 0.500000
29 95 0.500000
29 97 0.500000
29 99 0.500000
29 101 0.500000
29 102 0.500000
29 104 0.500000
29 105 0.500000
29 107 0.500000
29 108 0.500000
29 113 0.500000
29 115 0.500000
29 118 0.500000
29 119 0.500000
29 121 0.500000
29 122 0.500000
29 124 0.500000
29 128 0.500000
29 129 0.500000
29 131 0.500000
29 136 0.500000
29 137 0.500000
30 31 0.500000
30 34 0.500000
30 35 0.500000
30 37 0.500000
30 38 0.500000
30 40 0.500000
30 41 0.500000
30 42 0.500000
30 44 0.500000
30 50 0.500000
30 52 0.500000
30 53 0.500000
30 56 0.500000
30 57 0.500000
30 58 0.500000
30 59 0.500000
30 60 0.500000
30 62 0.500000
30 63 0.500000
30 64 0.500000
30 65 0.500000
30 66 0.500000
30 70 0.500000
30 72 0.500000
30 74 0.500000
30 75 0.500000
30 76 0.500000
30 80 0.500000
30 83 0.500000
30 87 0.500000
30 88 0.500000
30 91 0.500000
30 94 0.500000
30 96 0.500000
30 107 0.500000
30 108 0.500000
30 111 0.500000
30 113 0.500000
30 114 0.500000
30 117 0.500000
30 120 0.500000
30 121 0.500000
30 122 0.500000
30 125 0.500000
30 126 0.500000
30 127 0.500000
30 129 0.500000
30 131 0.500000
30 132 0.500000
30 135 0.500000
30 137 0.500000
30 138 0.500000
30 139 0.500000
30 140 0.500000
31 32 0.500000
31 34 0.500000
31 35 0.500000
31 36 0.500000
31 38 0.500000
31 41 0.500000
31 42 0.500000
31 43 0.500000
31 45 0.500000
31 46 0.500000
31 50 0.500000
31 51 0.500000
31 52 0.500000
31 54 0.500000
31 55 0.500000
31 57 0.500000
31 62 0.500000
31 63 0.500000
31 66 0.500000
31 67 0.500000
31 69 0.500000
31 71 0.500000
31 73 0.500000
31 76 0.500000
31 77 0.500000
31 81 0.500000
31 84 0.500000
31 85 0.500000
31 86 0.500000
31 87 0.500000
31 89 0.500000
31 90 0.500000
31 98 0.500000
31 99 0.500000
31 101 0.500000
31 103 0.500000
31 104 0.500000
31 109 0.500000
31 110 0.500000
31 111 0.500000
31 112 0.500000
31 113 0.500000
31 114 0.500000
31 115 0.500000
31 116 0.500000
31 117 0.500000
31 118 0.500000
31 119 0.500000
31 120 0.500000
31 121 0.500000
31 122 0.500000
31 124 0.500000
31 126 0.500000
31 132 0.500000
31 133 0.500000
31 134 0.500000
31 135 0.500000
31 137 0.500000
31 138 0.500000
31 139 0.500000
32 34 0.500000
32 35 0.500000
32 37 0.500000
32 40 0.500000
32 41 0.500000
32 42 0.500000
32 43 0.500000
32 44 0.500000
32 45 0.500000
32 47 0.500000
32 50 0.500000
32 52 0.500000
32 55 0.500000
32 56 0.500000
32 59 0.500000
32 60 0.500000
32 62 0.500000
32 63 0.500000
32 65 0.500000
32 71 0.500000
32 74 0.500000
32 76 0.500000
32 79 0.500000
32 80 0.500000
32 84 0.500000
32 85 0.500000
32 88 0.500000
32 92 0.500000
32 94 0.500000
32 95 0.500000
32 97 0.500000
32 99 0.500000
32 100 0.500000
32 101 0.500000
32 102 0.500000
32 104 0.500000
32 106 0.500000
32 107 0.500000
32 109 0.500000
32 110 0.500000
32 112 0.500000
32 115 0.500000
32 118 0.500000
32 120 0.500000
32 121 0.500000
32 128 0.500000
32 131 0.500000
32 132 0.500000
32 133 0.500000
32 136 0.500000
32 137 0.500000
32 139 0.500000
32 140 0.500000
33 35 0.500000
33 39 0.500000
33 42 0.500000
33 44 0.500000
33 48 0.500000
33 50 0.500000
33 52 0.500000
33 54 0.500000
33 56 0.500000
33 57 0.500000
33 59 0.500000
33 63 0.500000
33 65 0.500000
33 67 0.500000
33 69 0.500000
33 71 0.500000
33 72 0.500000
33 73 0.500000
33 74 0.500000
33 80 0.500000
33 83 0.500000
33 84 0.500000
33 85 0.500000
33 86 0.500000
33 87 0.500000
33 90 0.500000
33 92 0.500000
33 95 0.500000
33 97 0.500000
33 99 0.500000
33 100 0.500000
33 102 0.500000
33 103 0.500000
33 104 0.500000
33 105 0.500000
33 106 0.500000
33 111 0.500000
33 112 0.500000
33 113 0.500000
33 114 0.500000
33 117 0.500000
33 119 0.500000
33 120 0.500000
33 121 0.500000
33 123 0.500000
33 124 0.500000
33 125 0.500000
33 127 0.500000
33 128 0.500000
33 131 0.500000
33 134 0.500000
33 135 0.500000
34 35 0.500000
34 37 0.500000
34 38 0.500000
34 40 0.500000
34 41 0.500000
34 42 0.500000
34 44 0.500000
34 45 0.500000
34 51 0.500000
34 54 0.500000
34 55 0.500000
34 56 0.500000
34 57 0.500000
34 58 0.500000
34 60 0.500000
34 62 0.500000
34 63 0.500000
34 64 0.500000
34 66 0.500000
34 67 0.500000
34 68 0.500000
34 70 0.500000
34 72 0.500000
34 74 0.500000
34 76 0.500000
34 77 0.500000
34 80 0.500000
34 84 0.500000
34 87 0.500000
34 89 0.500000
34 92 0.500000
34 93 0.500000
34 94 0.500000
34 96 0.500000
34 98 0.500000
34 99 0.500000
34 100 0.500000
34 103 0.500000
34 104 0.500000
34 113 0.500000
34 116 0.500000
34 117 0.500000
34 119 0.500000
34 120 0.500000
34 121 0.500000
34 122 0.500000
34 123 0.500000
34 124 0.500000
34 127 0.500000
34 130 0.500000
34 132 0.500000
34 134 0.500000
34 138 0.500000
34 139 0.500000
35 38 0.500000
35 40 0.500000
35 41 0.500000
35 44 0.500000
35 49 0.500000
35 50 0.500000
35 51 0.500000
35 52 0.500000
35 56 0.500000
35 57 0.500000
35 60 0.500000
35 63 0.500000
35 65 0.500000
35 67 0.500000
35 70 0.500000
35 73 0.500000
35 76 0.500000
35 77 0.500000
35 78 0.500000
35 80 0.500000
35 82 0.500000
35 85 0.500000
35 87 0.500000
35 89 0.500000
35 90 0.500000
35 91 0.500000
35 93 0.500000
35 99 0.500000
35 102 0.500000
35 104 0.500000
35 111 0.500000
35 112 0.500000
35 113 0.500000
35 114 0.500000
35 116 0.500000
35 119 0.500000
35 120 0.500000
35 123 0.500000
35 125 0.500000
35 126 0.500000
35 129 0.500000
35 131 0.500000
35 133 0.500000
35 136 0.500000
35 137 0.500000
35 138 0.500000
36 37 0.500000
36 43 0.500000
36 44 0.500000
36 48 0.500000
36 49 0.500000
36 50 0.500000
36 51 0.500000
36 52 0.500000
36 56 0.500000
36 58 0.500000
36 61 0.500000
36 62 0.500000
36 63 0.500000
36 64 0.500000
36 65 0.500000
36 67 0.500000
36 69 0.500000
36 70 0.500000
36 72 0.500000
36 75 0.500000
36 77 0.500000
36 80 0.500000
36 82 0.500000
36 84 0.500000
36 86 0.500000
36 90 0.500000
36 92 0.500000
36 93 0.500000
36 94 0.500000
36 95 0.500000
36 97 0.500000
36 98 0.500000
36 99 0.500000
36 100 0.500000
36 101 0.500000
36 102 0.500000
36 103 0.500000
36 104 0.500000
36 106 0.500000
36 107 0.500000
36 108 0.500000
36 109 0.500000
36 110 0.500000
36 111 0.500000
36 112 0.500000
36 116 0.500000
36 117 0.500000
36 118 0.500000
36 119 0.500000
36 121 0.500000
36 122 0.500000
36 123 0.500000
36 124 0.500000
36 125 0.500000
36 128 0.500000
36 132 0.500000
36 135 0.500000
36 136 0.500000
36 137 0.500000
36 138 0.500000
36 139 0.500000
36 140 0.500000
37 41 0.500000
37 42 0.500000
37 43 0.500000
37 44 0.500000
37 45 0.500000
37 46 0.500000
37 48 0.500000
37 51 0.500000
37 52 0.500000
37 53 0.500000
37 55 0.500000
37 56 0.500000
37 58 0.500000
37 60 0.500000
37 66 0.500000
37 67 0.500000
37 68 0.500000
37 70 0.500000
37 71 0.500000
37 74 0.500000
37 76 0.500000
37 77 0.500000
37 81 0.500000
37 84 0.500000
37 88 0.500000
37 89 0.500000
37 90 0.500000
37 91 0.500000
37 92 0.500000
37 94 0.500000
37 95 0.500000
37 97 0.500000
37 99 0.500000
37 103 0.500000
37 107 0.500000
37 108 0.500000
37 109 0.500000
37 110 0.500000
37 112 0.500000
37 113 0.500000
37 115 0.500000
37 116 0.500000
37 117 0.500000
37 118 0.500000
37 119 0.500000
37 120 0.500000
37 123 0.500000
37 124 0.500000
37 125 0.500000
37 126 0.500000
37 127 0.500000
37 128 0.500000
37 129 0.500000
37 131 0.500000
37 132 0.500000
37 135 0.500000
37 138 0.500000
37 139 0.500000
37 140 0.500000
38 42 0.500000
38 44 0.500000
38 45 0.500000
38 48 0.500000
38 50 0.500000
38 56 0.500000
38 57 0.500000
38 59 0.500000
38 61 0.500000
38 63 0.500000
38 65 0.500000
38 68 0.500000
38 69 0.500000
38 70 0.500000
38 71 0.500000
38 74 0.500000
38 77 0.500000
38 80 0.500000
38 81 0.500000
38 82 0.500000
38 83 0.500000
38 86 0.500000
38 87 0.500000
38 89 0.500000
38 91 0.500000
38 94 0.500000
38 99 0.500000
38 103 0.500000
38 105 0.500000
38 106 0.500000
38 108 0.500000
38 110 0.500000
38 112 0.500000
38 114 0.500000
38 118 0.500000
38 119 0.500000
38 122 0.500000
38 123 0.500000
38 124 0.500000
38 130 0.500000
38 134 0.500000
38 135 0.500000
38 136 0.500000
38 139 0.500000
39 42 0.500000
39 47 0.500000
39 48 0.500000
39 51 0.500000
39 54 0.500000
39 55 0.500000
39 62 0.500000
39 68 0.500000
39 70 0.500000
39 71 0.500000
39 72 0.500000
39 74 0.500000
39 76 0.500000
39 82 0.500000
39 85 0.500000
39 86 0.500000
39 88 0.500000
39 92 0.500000
39 95 0.500000
39 97 0.500000
39 105 0.500000
39 106 0.500000
39 107 0.500000
39 108 0.500000
39 109 0.500000
39 110 0.500000
39 111 0.500000
39 115 0.500000
39 116 0.500000
39 117 0.500000
39 121 0.500000
39 123 0.500000
39 124 0.500000
39 126 0.500000
39 129 0.500000
39 130 0.500000
39 131 0.500000
39 132 0.500000
39 133 0.500000
39 135 0.500000
39 136 0.500000
39 137 0.500000
39 138 0.500000
39 139 0.500000
39 140 0.500000
40 41 0.500000
40 42 0.500000
40 44 0.500000
40 50 0.500000
40 51 0.500000
40 53 0.500000
40 54 0.500000
40 55 0.500000
40 56 0.500000
40 59 0.500000
40 62 0.500000
40 63 0.500000
40 64 0.500000
40 65 0.500000
40 66 0.500000
40 69 0.500000
40 70 0.500000
40 71 0.500000
40 75 0.500000
40 77 0.500000
40 78 0.500000
40 79 0.500000
40 80 0.500000
40 81 0.500000
40 84 0.500000
40 85 0.500000
40 88 0.500000
40 90 0.500000
40 91 0.500000
40 92 0.500000
40 93 0.500000
40 94 0.500000
40 99 0.500000
40 100 0.500000
40 103 0.500000
40 104 0.500000
40 105 0.500000
40 109 0.500000
40 112 0.500000
40 113 0.500000
40 117 0.500000
40 119 0.500000
40 121 0.500000
40 122 0.500000
40 125 0.500000
40 126 0.500000
40 129 0.500000
40 132 0.500000
40 134 0.500000
40 136 0.500000
40 137 0.500000
41 42 0.500000
41 43 0.500000
41 45 0.500000
41 48 0.500000
41 51 0.500000
41 52 0.500000
41 56 0.500000
41 57 0.500000
41 59 0.500000
41 60 0.500000
41 65 0.500000
41 67 0.500000
41 68 0.500000
41 69 0.500000
41 71 0.500000
41 72 0.500000
41 73 0.500000
41 74 0.500000
41 75 0.500000
41 77 0.500000
41 79 0.500000
41 82 0.500000
41 83 0.500000
41 84 0.500000
41 85 0.500000
41 86 0.500000
41 89 0.500000
41 90 0.500000
41 93 0.500000
41 94 0.500000
41 96 0.500000
41 97 0.500000
41 98 0.500000
41 101 0.500000
41 102 0.500000
41 103 0.500000
41 107 0.500000
41 109 0.500000
41 110 0.500000
41 112 0.500000
41 115 0.500000
41 116 0.500000
41 120 0.500000
41 122 0.500000
41 124 0.500000
41 125 0.500000
41 126 0.500000
41 129 0.500000
41 130 0.500000
41 132 0.500000
41 136 0.500000
41 138 0.500000
42 43 0.500000
42 44 0.500000
42 46 0.500000
42 49 0.500000
42 52 0.500000
42 56 0.500000
42 57 0.500000
42 59 0.500000
42 60 0.500000
42 62 0.500000
42 69 0.500000
42 77 0.500000
42 79 0.500000
42 81 0.500000
42 82 0.500000
42 84 0.500000
42 88 0.500000
42 90 0.500000
42 91 0.500000
42 93 0.500000
42 94 0.500000
42 95 0.500000
42 96 0.500000
42 103 0.500000
42 105 0.500000
42 106 0.500000
42 107 0.500000
42 108 0.500000
42 110 0.500000
42 113 0.500000
42 119 0.500000
42 120 0.500000
42 122 0.500000
42 127 0.500000
42 130 0.500000
42 131 0.500000
42 133 0.500000
42 136 0.500000
42 137 0.500000
42 138 0.500000
42 139 0.500000
43 46 0.500000
43 51 0.500000
43 52 0.500000
43 58 0.500000
43 59 0.500000
43 68 0.500000
43 72 0.500000
43 73 0.500000
43 76 0.500000
43 77 0.500000
43 80 0.500000
43 82 0.500000
43 83 0.500000
43 84 0.500000
43 87 0.500000
43 91 0.500000
43 92 0.500000
43 93 0.500000
43 97 0.500000
43 99 0.500000
43 102 0.500000
43 108 0.500000
43 109 0.500000
43 110 0.500000
43 112 0.500000
43 113 0.500000
43 114 0.500000
43 117 0.500000
43 118 0.500000
43 119 0.500000
43 121 0.500000
43 123 0.500000
43 124 0.500000
43 126 0.500000
43 128 0.500000
43 129 0.500000
43 130 0.500000
43 132 0.500000
43 133 0.500000
43 134 0.500000
43 136 0.500000
43 137 0.500000
43 140 0.500000
44 46 0.500000
44 47 0.500000
44 48 0.500000
44 52 0.500000
44 56 0.500000
44 58 0.500000
44 60 0.500000
44 62 0.500000
44 63 0.500000
44 66 0.500000
44 67 0.500000
44 69 0.500000
44 70 0.500000
44 72 0.500000
44 76 0.500000
44 78 0.500000
44 80 0.500000
44 81 0.500000
44 82 0.500000
44 83 0.500000
44 86 0.500000
44 87 0.500000
44 88 0.500000
44 92 0.500000
44 94 0.500000
44 98 0.500000
44 101 0.500000
44 102 0.500000
44 103 0.500000
44 106 0.500000
44 109 0.500000
44 112 0.500000
44 116 0.500000
44 120 0.500000
44 127 0.500000
44 129 0.500000
44 131 0.500000
44 133 0.500000
44 135 0.500000
44 136 0.500000
45 46 0.500000
45 47 0.500000
45 49 0.500000
45 50 0.500000
45 52 0.500000
45 54 0.500000
45 55 0.500000
45 57 0.500000
45 64 0.500000
45 65 0.500000
45 67 0.500000
45 69 0.500000
45 72 0.500000
45 74 0.500000
45 77 0.500000
45 79 0.500000
45 80 0.500000
45 82 0.500000
45 84 0.500000
45 86 0.500000
45 87 0.500000
45 90 0.500000
45 92 0.500000
45 93 0.500000
45 94 0.500000
45 95 0.500000
45 101 0.500000
45 103 0.500000
45 106 0.500000
45 107 0.500000
45 109 0.500000
45 110 0.500000
45 114 0.500000
45 115 0.500000
45 118 0.500000
45 119 0.500000
45 120 0.500000
45 121 0.500000
45 126 0.500000
45 128 0.500000
45 130 0.500000
45 134 0.500000
45 135 0.500000
45 136 0.500000
45 139 0.500000
46 47 0.500000
46 48 0.500000
46 53 0.500000
46 56 0.500000
46 57 0.500000
46 59 0.500000
46 60 0.500000
46 61 0.500000
46 65 0.500000
46 66 0.500000
46 67 0.500000
46 68 0.500000
46 69 0.500000
46 70 0.500000
46 72 0.500000
46 74 0.500000
46 75 0.500000
46 76 0.500000
46 78 0.500000
46 80 0.500000
46 81 0.500000
46 83 0.500000
46 84 0.500000
46 89 0.500000
46 93 0.500000
46 96 0.500000
46 97 0.500000
46 101 0.500000
46 102 0.500000
46 103 0.500000
46 104 0.500000
46 105 0.500000
46 108 0.500000
46 110 0.500000
46 112 0.500000
46 115 0.500000
46 116 0.500000
46 118 0.500000
46 123 0.500000
46 125 0.500000
46 126 0.500000
46 127 0.500000
46 129 0.500000
46 132 0.500000
46 134 0.500000
46 135 0.500000
46 136 0.500000
46 138 0.500000
46 139 0.500000
46 140 0.500000
47 49 0.500000
47 50 0.500000
47 51 0.500000
47 52 0.500000
47 54 0.500000
47 55 0.500000
47 57 0.500000
47 59 0.500000
47 60 0.500000
47 64 0.500000
47 65 0.500000
47 66 0.500000
47 71 0.500000
47 74 0.500000
47 77 0.500000
47 79 0.500000
47 80 0.500000
47 81 0.500000
47 84 0.500000
47 86 0.500000
47 88 0.500000
47 89 0.500000
47 91 0.500000
47 92 0.500000
47 93 0.500000
47 96 0.500000
47 98 0.500000
47 99 0.500000
47 106 0.500000
47 108 0.500000
47 109 0.500000
47 110 0.500000
47 111 0.500000
47 113 0.500000
47 114 0.500000
47 115 0.500000
47 117 0.500000
47 118 0.500000
47 124 0.500000
47 125 0.500000
47 127 0.500000
47 129 0.500000
47 130 0.500000
47 135 0.500000
47 138 0.500000
48 49 0.500000
48 53 0.500000
48 54 0.500000
48 56 0.500000
48 59 0.500000
48 61 0.500000
48 62 0.500000
48 63 0.500000
48 64 0.500000
48 65 0.500000
48 68 0.500000
48 71 0.500000
48 72 0.500000
48 74 0.500000
48 76 0.500000
48 77 0.500000
48 79 0.500000
48 81 0.500000
48 82 0.500000
48 83 0.500000
48 85 0.500000
48 86 0.500000
48 88 0.500000
48 90 0.500000
48 92 0.500000
48 93 0.500000
48 94 0.500000
48 95 0.500000
48 96 0.500000
48 97 0.500000
48 100 0.500000
48 101 0.500000
48 104 0.500000
48 106 0.500000
48 108 0.500000
48 110 0.500000
48 111 0.500000
48 114 0.500000
48 118 0.500000
48 119 0.500000
48 122 0.500000
48 123 0.500000
48 126 0.500000
48 130 0.500000
48 131 0.500000
48 132 0.500000
48 133 0.500000
48 137 0.500000
48 139 0.500000
48 140 0.500000
49 51 0.500000
49 53 0.500000
49 55 0.500000
49 56 0.500000
49 58 0.500000
49 59 0.500000
49 60 0.500000
49 61 0.500000
49 63 0.500000
49 64 0.500000
49 66 0.500000
49 67 0.500000
49 71 0.500000
49 72 0.500000
49 74 0.500000
49 75 0.500000
49 77 0.500000
49 78 0.500000
49 79 0.500000
49 81 0.500000
49 83 0.500000
49 84 0.500000
49 86 0.500000
49 89 0.500000
49 91 0.500000
49 93 0.500000
49 95 0.500000
49 96 0.500000
49 98 0.500000
49 99 0.500000
49 100 0.500000
49 101 0.500000
49 102 0.500000
49 103 0.500000
49 105 0.500000
49 106 0.500000
49 108 0.500000
49 109 0.500000
49 110 0.500000
49 111 0.500000
49 112 0.500000
49 115 0.500000
49 119 0.500000
49 120 0.500000
49 123 0.500000
49 124 0.500000
49 127 0.500000
49 128 0.500000
49 129 0.500000
49 131 0.500000
49 132 0.500000
49 134 0.500000
49 136 0.500000
49 138 0.500000
49 140 0.500000
50 51 0.500000
50 52 0.500000
50 53 0.500000
50 55 0.500000
50 58 0.500000
50 59 0.500000
50 60 0.500000
50 61 0.500000
50 62 0.500000
50 64 0.500000
50 65 0.500000
50 67 0.500000
50 69 0.500000
50 75 0.500000
50 78 0.500000
50 83 0.500000
50 86 0.500000
50 87 0.500000
50 89 0.500000
50 92 0.500000
50 95 0.500000
50 102 0.500000
50 103 0.500000
50 105 0.500000
50 106 0.500000
50 107 0.500000
50 110 0.500000
50 111 0.500000
50 112 0.500000
50 114 0.500000
50 115 0.500000
50 116 0.500000
50 118 0.500000
50 119 0.500000
50 122 0.500000
50 126 0.500000
50 127 0.500000
50 130 0.500000
50 131 0.500000
50 133 0.500000
50 135 0.500000
50 136 0.500000
50 137 0.500000
50 140 0.500000
51 54 0.500000
51 56 0.500000
51 57 0.500000
51 59 0.500000
51 60 0.500000
51 62 0.500000
51 64 0.500000
51 65 0.500000
51 66 0.500000
51 67 0.500000
51 68 0.500000
51 73 0.500000
51 74 0.500000
51 76 0.500000
51 78 0.500000
51 79 0.500000
51 80 0.500000
51 81 0.500000
51 84 0.500000
51 86 0.500000
51 87 0.500000
51 89 0.500000
51 91 0.500000
51 92 0.500000
51 96 0.500000
51 97 0.500000
51 98 0.500000
51 99 0.500000
51 103 0.500000
51 104 0.500000
51 105 0.500000
51 106 0.500000
51 109 0.500000
51 113 0.500000
51 114 0.500000
51 116 0.500000
51 119 0.500000
51 123 0.500000
51 124 0.500000
51 126 0.500000
51 133 0.500000
51 134 0.500000
51 139 0.500000
51 140 0.500000
52 54 0.500000
52 58 0.500000
52 60 0.500000
52 61 0.500000
52 62 0.500000
52 63 0.500000
52 66 0.500000
52 67 0.500000
52 69 0.500000
52 74 0.500000
52 75 0.500000
52 78 0.500000
52 79 0.500000
52 80 0.500000
52 83 0.500000
52 84 0.500000
52 85 0.500000
52 86 0.500000
52 87 0.500000
52 89 0.500000
52 90 0.500000
52 91 0.500000
52 94 0.500000
52 96 0.500000
52 97 0.500000
52 98 0.500000
52 100 0.500000
52 101 0.500000
52 109 0.500000
52 112 0.500000
52 116 0.500000
52 117 0.500000
52 118 0.500000
52 125 0.500000
52 126 0.500000
52 129 0.500000
52 130 0.500000
52 131 0.500000
52 132 0.500000
52 133 0.500000
52 135 0.500000
52 136 0.500000
52 139 0.500000
52 140 0.500000
53 54 0.500000
53 55 0.500000
53 56 0.500000
53 57 0.500000
53 58 0.500000
53 63 0.500000
53 66 0.500000
53 67 0.500000
53 69 0.500000
53 73 0.500000
53 74 0.500000
53 75 0.500000
53 78 0.500000
53 79 0.500000
53 81 0.500000
53 82 0.500000
53 84 0.500000
53 88 0.500000
53 90 0.500000
53 93 0.500000
53 95 0.500000
53 99 0.500000
53 102 0.500000
53 103 0.500000
53 106 0.500000
53 108 0.500000
53 109 0.500000
53 111 0.500000
53 112 0.500000
53 113 0.500000
53 115 0.500000
53 118 0.500000
53 119 0.500000
53 120 0.500000
53 121 0.500000
53 122 0.500000
53 124 0.500000
53 125 0.500000
53 129 0.500000
53 132 0.500000
53 136 0.500000
53 138 0.500000
54 55 0.500000
54 56 0.500000
54 58 0.500000
54 60 0.500000
54 62 0.500000
54 68 0.500000
54 70 0.500000
54 71 0.500000
54 78 0.500000
54 79 0.500000
54 80 0.500000
54 84 0.500000
54 85 0.500000
54 86 0.500000
54 87 0.500000
54 89 0.500000
54 90 0.500000
54 92 0.500000
54 95 0.500000
54 99 0.500000
54 100 0.500000
54 104 0.500000
54 106 0.500000
54 108 0.500000
54 109 0.500000
54 110 0.500000
54 111 0.500000
54 112 0.500000
54 113 0.500000
54 118 0.500000
54 125 0.500000
54 127 0.500000
54 130 0.500000
54 131 0.500000
54 133 0.500000
54 134 0.500000
54 137 0.500000
54 138 0.500000
54 140 0.500000
55 56 0.500000
55 57 0.500000
55 59 0.500000
55 60 0.500000
55 62 0.500000
55 63 0.500000
55 65 0.500000
55 66 0.500000
55 67 0.500000
55 68 0.500000
55 69 0.500000
55 70 0.500000
55 71 0.500000
55 72 0.500000
55 73 0.500000
55 76 0.500000
55 77 0.500000
55 78 0.500000
55 79 0.500000
55 80 0.500000
55 82 0.500000
55 84 0.500000
55 86 0.500000
55 89 0.500000
55 92 0.500000
55 99 0.500000
55 103 0.500000
55 106 0.500000
55 108 0.500000
55 109 0.500000
55 110 0.500000
55 111 0.500000
55 112 0.500000
55 114 0.500000
55 115 0.500000
55 117 0.500000
55 118 0.500000
55 119 0.500000
55 120 0.500000
55 121 0.500000
55 123 0.500000
55 124 0.500000
55 125 0.500000
55 126 0.500000
55 128 0.500000
55 129 0.500000
55 132 0.500000
55 133 0.500000
55 134 0.500000
55 135 0.500000
56 60 0.500000
56 61 0.500000
56 63 0.500000
56 66 0.500000
56 70 0.500000
56 71 0.500000
56 72 0.500000
56 74 0.500000
56 77 0.500000
56 78 0.500000
56 79 0.500000
56 81 0.500000
56 82 0.500000
56 83 0.500000
56 84 0.500000
56 85 0.500000
56 87 0.500000
56 88 0.500000
56 89 0.500000
56 90 0.500000
56 92 0.500000
56 94 0.500000
56 95 0.500000
56 96 0.500000
56 97 0.500000
56 100 0.500000
56 104 0.500000
56 105 0.500000
56 108 0.500000
56 110 0.500000
56 112 0.500000
56 113 0.500000
56 114 0.500000
56 117 0.500000
56 118 0.500000
56 119 0.500000
56 120 0.500000
56 122 0.500000
56 125 0.500000
56 127 0.500000
56 129 0.500000
56 131 0.500000
56 132 0.500000
56 133 0.500000
56 134 0.500000
56 139 0.500000
56 140 0.500000
57 63 0.500000
57 65 0.500000
57 66 0.500000
57 67 0.500000
57 68 0.500000
57 69 0.500000
57 70 0.500000
57 73 0.500000
57 75 0.500000
57 76 0.500000
57 78 0.500000
57 79 0.500000
57 80 0.500000
57 82 0.500000
57 83 0.500000
57 84 0.500000
57 85 0.500000
57 87 0.500000
57 89 0.500000
57 90 0.500000
57 91 0.500000
57 92 0.500000
57 95 0.500000
57 96 0.500000
57 97 0.500000
57 98 0.500000
57 100 0.500000
57 101 0.500000
57 103 0.500000
57 105 0.500000
57 106 0.500000
57 107 0.500000
57 111 0.500000
57 113 0.500000
57 116 0.500000
57 117 0.500000
57 118 0.500000
57 120 0.500000
57 121 0.500000
57 122 0.500000
57 124 0.500000
57 125 0.500000
57 127 0.500000
57 129 0.500000
57 130 0.500000
57 131 0.500000
57 132 0.500000
57 133 0.500000
57 134 0.500000
57 135 0.500000
57 136 0.500000
57 140 0.500000
58 59 0.500000
58 60 0.500000
58 62 0.500000
58 63 0.500000
58 64 0.500000
58 65 0.500000
58 66 0.500000
58 67 0.500000
58 68 0.500000
58 69 0.500000
58 72 0.500000
58 75 0.500000
58 79 0.500000
58 81 0.500000
58 85 0.500000
58 88 0.500000
58 91 0.500000
58 92 0.500000
58 93 0.500000
58 96 0.500000
58 97 0.500000
58 103 0.500000
58 105 0.500000
58 107 0.500000
58 108 0.500000
58 109 0.500000
58 111 0.500000
58 112 0.500000
58 115 0.500000
58 116 0.500000
58 117 0.500000
58 119 0.500000
58 120 0.500000
58 121 0.500000
58 122 0.500000
58 124 0.500000
58 127 0.500000
58 134 0.500000
58 137 0.500000
58 140 0.500000
59 60 0.500000
59 62 0.500000
59 63 0.500000
59 65 0.500000
59 67 0.500000
59 69 0.500000
59 72 0.500000
59 74 0.500000
59 75 0.500000
59 77 0.500000
59 78 0.500000
59 79 0.500000
59 86 0.500000
59 87 0.500000
59 88 0.500000
59 89 0.500000
59 95 0.500000
59 96 0.500000
59 100 0.500000
59 102 0.500000
59 105 0.500000
59 106 0.500000
59 109 0.500000
59 110 0.500000
59 111 0.500000
59 112 0.500000
59 113 0.500000
59 115 0.500000
59 116 0.500000
59 118 0.500000
59 121 0.500000
59 123 0.500000
59 124 0.500000
59 125 0.500000
59 126 0.500000
59 127 0.500000
59 129 0.500000
59 132 0.500000
59 133 0.500000
59 134 0.500000
59 135 0.500000
59 136 0.500000
59 137 0.500000
59 139 0.500000
60 68 0.500000
60 70 0.500000
60 72 0.500000
60 74 0.500000
60 76 0.500000
60 77 0.500000
60 78 0.500000
60 87 0.500000
60 88 0.500000
60 91 0.500000
60 92 0.500000
60 94 0.500000
60 95 0.500000
60 96 0.500000
60 103 0.500000
60 105 0.500000
60 106 0.500000
60 108 0.500000
60 109 0.500000
60 110 0.500000
60 115 0.500000
60 116 0.500000
60 121 0.500000
60 122 0.500000
60 123 0.500000
60 127 0.500000
60 131 0.500000
60 134 0.500000
60 135 0.500000
60 138 0.500000
61 62 0.500000
61 65 0.500000
61 69 0.500000
61 72 0.500000
61 74 0.500000
61 75 0.500000
61 78 0.500000
61 79 0.500000
61 81 0.500000
61 82 0.500000
61 85 0.500000
61 86 0.500000
61 88 0.500000
61 92 0.500000
61 93 0.500000
61 96 0.500000
61 100 0.500000
61 101 0.500000
61 102 0.500000
61 105 0.500000
61 106 0.500000
61 107 0.500000
61 108 0.500000
61 109 0.500000
61 110 0.500000
61 114 0.500000
61 117 0.500000
61 118 0.500000
61 119 0.500000
61 120 0.500000
61 123 0.500000
61 124 0.500000
61 126 0.500000
61 127 0.500000
61 128 0.500000
61 129 0.500000
61 130 0.500000
61 134 0.500000
61 136 0.500000
61 138 0.500000
61 139 0.500000
62 64 0.500000
62 65 0.500000
62 69 0.500000
62 70 0.500000
62 72 0.500000
62 74 0.500000
62 76 0.500000
62 78 0.500000
62 79 0.500000
62 80 0.500000
62 81 0.500000
62 83 0.500000
62 84 0.500000
62 86 0.500000
62 87 0.500000
62 88 0.500000
62 94 0.500000
62 95 0.500000
62 96 0.500000
62 99 0.500000
62 102 0.500000
62 104 0.500000
62 107 0.500000
62 110 0.500000
62 111 0.500000
62 112 0.500000
62 114 0.500000
62 120 0.500000
62 122 0.500000
62 123 0.500000
62 125 0.500000
62 132 0.500000
62 134 0.500000
62 135 0.500000
62 136 0.500000
62 137 0.500000
62 138 0.500000
62 139 0.500000
62 140 0.500000
63 68 0.500000
63 69 0.500000
63 71 0.500000
63 73 0.500000
63 75 0.500000
63 77 0.500000
63 79 0.500000
63 80 0.500000
63 82 0.500000
63 83 0.500000
63 84 0.500000
63 87 0.500000
63 89 0.500000
63 90 0.500000
63 93 0.500000
63 94 0.500000
63 95 0.500000
63 97 0.500000
63 98 0.500000
63 99 0.500000
63 100 0.500000
63 104 0.500000
63 105 0.500000
63 110 0.500000
63 111 0.500000
63 112 0.500000
63 114 0.500000
63 115 0.500000
63 116 0.500000
63 119 0.500000
63 120 0.500000
63 124 0.500000
63 128 0.500000
63 129 0.500000
63 130 0.500000
63 132 0.500000
63 133 0.500000
63 134 0.500000
63 135 0.500000
63 137 0.500000
63 138 0.500000
64 65 0.500000
64 67 0.500000
64 68 0.500000
64 69 0.500000
64 71 0.500000
64 72 0.500000
64 74 0.500000
64 75 0.500000
64 76 0.500000
64 77 0.500000
64 79 0.500000
64 80 0.500000
64 81 0.500000
64 82 0.500000
64 86 0.500000
64 87 0.500000
64 88 0.500000
64 89 0.500000
64 93 0.500000
64 95 0.500000
64 97 0.500000
64 99 0.500000
64 100 0.500000
64 101 0.500000
64 103 0.500000
64 108 0.500000
64 117 0.500000
64 119 0.500000
64 123 0.500000
64 124 0.500000
64 140 0.500000
65 66 0.500000
65 71 0.500000
65 72 0.500000
65 73 0.500000
65 75 0.500000
65 76 0.500000
65 78 0.500000
65 79 0.500000
65 82 0.500000
65 85 0.500000
65 86 0.500000
65 89 0.500000
65 90 0.500000
65 94 0.500000
65 95 0.500000
65 96 0.500000
65 97 0.500000
65 100 0.500000
65 102 0.500000
65 103 0.500000
65 104 0.500000
65 105 0.500000
65 106 0.500000
65 107 0.500000
65 111 0.500000
65 115 0.500000
65 119 0.500000
65 121 0.500000
65 122 0.500000
65 124 0.500000
65 125 0.500000
65 126 0.500000
65 127 0.500000
65 128 0.500000
65 129 0.500000
65 132 0.500000
65 134 0.500000
65 135 0.500000
65 137 0.500000
65 139 0.500000
66 67 0.500000
66 68 0.500000
66 69 0.500000
66 70 0.500000
66 73 0.500000
66 75 0.500000
66 76 0.500000
66 78 0.500000
66 81 0.500000
66 83 0.500000
66 84 0.500000
66 86 0.500000
66 90 0.500000
66 91 0.500000
66 93 0.500000
66 95 0.500000
66 98 0.500000
66 99 0.500000
66 100 0.500000
66 101 0.500000
66 106 0.500000
66 110 0.500000
66 111 0.500000
66 115 0.500000
66 117 0.500000
66 121 0.500000
66 122 0.500000
66 127 0.500000
66 128 0.500000
66 131 0.500000
66 135 0.500000
66 137 0.500000
66 139 0.500000
66 140 0.500000
67 69 0.500000
67 71 0.500000
67 73 0.500000
67 75 0.500000
67 77 0.500000
67 79 0.500000
67 80 0.500000
67 82 0.500000
67 83 0.500000
67 85 0.500000
67 86 0.500000
67 89 0.500000
67 92 0.500000
67 93 0.500000
67 95 0.500000
67 98 0.500000
67 101 0.500000
67 105 0.500000
67 106 0.500000
67 108 0.500000
67 113 0.500000
67 115 0.500000
67 117 0.500000
67 120 0.500000
67 122 0.500000
67 124 0.500000
67 133 0.500000
67 136 0.500000
67 137 0.500000
67 138 0.500000
67 139 0.500000
68 71 0.500000
68 72 0.500000
68 74 0.500000
68 76 0.500000
68 77 0.500000
68 78 0.500000
68 79 0.500000
68 80 0.500000
68 82 0.500000
68 85 0.500000
68 88 0.500000
68 89 0.500000
68 91 0.500000
68 95 0.500000
68 96 0.500000
68 97 0.500000
68 100 0.500000
68 102 0.500000
68 108 0.500000
68 112 0.500000
68 113 0.500000
68 115 0.500000
68 117 0.500000
68 122 0.500000
68 124 0.500000
68 125 0.500000
68 133 0.500000
68 135 0.500000
68 137 0.500000
69 74 0.500000
69 75 0.500000
69 77 0.500000
69 78 0.500000
69 81 0.500000
69 82 0.500000
69 85 0.500000
69 88 0.500000
69 91 0.500000
69 92 0.500000
69 93 0.500000
69 97 0.500000
69 99 0.500000
69 101 0.500000
69 104 0.500000
69 107 0.500000
69 109 0.500000
69 110 0.500000
69 111 0.500000
69 112 0.500000
69 113 0.500000
69 114 0.500000
69 115 0.500000
69 116 0.500000
69 119 0.500000
69 120 0.500000
69 121 0.500000
69 122 0.500000
69 124 0.500000
69 126 0.500000
69 127 0.500000
69 129 0.500000
69 132 0.500000
69 135 0.500000
70 71 0.500000
70 72 0.500000
70 74 0.500000
70 75 0.500000
70 77 0.500000
70 80 0.500000
70 81 0.500000
70 85 0.500000
70 88 0.500000
70 89 0.500000
70 90 0.500000
70 94 0.500000
70 101 0.500000
70 102 0.500000
70 103 0.500000
70 104 0.500000
70 105 0.500000
70 106 0.500000
70 107 0.500000
70 108 0.500000
70 112 0.500000
70 113 0.500000
70 115 0.500000
70 117 0.500000
70 123 0.500000
70 124 0.500000
70 125 0.500000
70 129 0.500000
70 131 0.500000
70 132 0.500000
70 133 0.500000
70 139 0.500000
71 73 0.500000
71 76 0.500000
71 80 0.500000
71 81 0.500000
71 83 0.500000
71 85 0.500000
71 87 0.500000
71 88 0.500000
71 90 0.500000
71 91 0.500000
71 92 0.500000
71 98 0.500000
71 104 0.500000
71 105 0.500000
71 107 0.500000
71 109 0.500000
71 112 0.500000
71 115 0.500000
71 117 0.500000
71 120 0.500000
71 122 0.500000
71 123 0.500000
71 125 0.500000
71 126 0.500000
71 129 0.500000
71 132 0.500000
71 133 0.500000
71 135 0.500000
71 137 0.500000
71 138 0.500000
72 73 0.500000
72 74 0.500000
72 75 0.500000
72 77 0.500000
72 78 0.500000
72 79 0.500000
72 80 0.500000
72 81 0.500000
72 82 0.500000
72 83 0.500000
72 87 0.500000
72 89 0.500000
72 90 0.500000
72 91 0.500000
72 92 0.500000
72 94 0.500000
72 96 0.500000
72 99 0.500000
72 100 0.500000
72 101 0.500000
72 102 0.500000
72 106 0.500000
72 108 0.500000
72 109 0.500000
72 111 0.500000
72 112 0.500000
72 113 0.500000
72 114 0.500000
72 115 0.500000
72 116 0.500000
72 118 0.500000
72 120 0.500000
72 121 0.500000
72 125 0.500000
72 126 0.500000
72 130 0.500000
72 131 0.500000
72 132 0.500000
72 133 0.500000
72 134 0.500000
72 135 0.500000
72 136 0.500000
72 138 0.500000
72 139 0.500000
73 75 0.500000
73 76 0.500000
73 80 0.500000
73 81 0.500000
73 83 0.500000
73 85 0.500000
73 87 0.500000
73 89 0.500000
73 96 0.500000
73 100 0.500000
73 104 0.500000
73 105 0.500000
73 106 0.500000
73 107 0.500000
73 108 0.500000
73 109 0.500000
73 110 0.500000
73 112 0.500000
73 113 0.500000
73 114 0.500000
73 115 0.500000
73 117 0.500000
73 118 0.500000
73 119 0.500000
73 121 0.500000
73 123 0.500000
73 127 0.500000
73 132 0.500000
73 133 0.500000
73 137 0.500000
73 140 0.500000
74 75 0.500000
74 76 0.500000
74 77 0.500000
74 80 0.500000
74 81 0.500000
74 82 0.500000
74 83 0.500000
74 85 0.500000
74 88 0.500000
74 90 0.500000
74 91 0.500000
74 93 0.500000
74 94 0.500000
74 95 0.500000
74 97 0.500000
74 99 0.500000
74 101 0.500000
74 102 0.500000
74 104 0.500000
74 105 0.500000
74 106 0.500000
74 107 0.500000
74 109 0.500000
74 112 0.500000
74 113 0.500000
74 114 0.500000
74 115 0.500000
74 117 0.500000
74 118 0.500000
74 119 0.500000
74 122 0.500000
74 123 0.500000
74 128 0.500000
74 129 0.500000
74 133 0.500000
74 134 0.500000
74 140 0.500000
75 76 0.500000
75 77 0.500000
75 79 0.500000
75 81 0.500000
75 82 0.500000
75 83 0.500000
75 84 0.500000
75 86 0.500000
75 90 0.500000
75 91 0.500000
75 92 0.500000
75 95 0.500000
75 96 0.500000
75 97 0.500000
75 98 0.500000
75 99 0.500000
75 100 0.500000
75 102 0.500000
75 107 0.500000
75 108 0.500000
75 109 0.500000
75 111 0.500000
75 118 0.500000
75 122 0.500000
75 124 0.500000
75 126 0.500000
75 127 0.500000
75 133 0.500000
75 134 0.500000
75 135 0.500000
75 136 0.500000
75 137 0.500000
75 139 0.500000
76 79 0.500000
76 80 0.500000
76 85 0.500000
76 92 0.500000
76 93 0.500000
76 94 0.500000
76 95 0.500000
76 96 0.500000
76 97 0.500000
76 98 0.500000
76 100 0.500000
76 102 0.500000
76 103 0.500000
76 105 0.500000
76 109 0.500000
76 112 0.500000
76 113 0.500000
76 114 0.500000
76 116 0.500000
76 117 0.500000
76 120 0.500000
76 122 0.500000
76 123 0.500000
76 129 0.500000
76 130 0.500000
76 134 0.500000
76 135 0.500000
76 136 0.500000
76 137 0.500000
76 138 0.500000
76 139 0.500000
76 140 0.500000
77 81 0.500000
77 84 0.500000
77 85 0.500000
77 86 0.500000
77 87 0.500000
77 88 0.500000
77 93 0.500000
77 94 0.500000
77 97 0.500000
77 99 0.500000
77 102 0.500000
77 108 0.500000
77 109 0.500000
77 110 0.500000
77 113 0.500000
77 115 0.500000
77 116 0.500000
77 117 0.500000
77 120 0.500000
77 121 0.500000
77 123 0.500000
77 124 0.500000
77 129 0.500000
77 131 0.500000
77 132 0.500000
77 134 0.500000
77 135 0.500000
77 137 0.500000
77 139 0.500000
78 79 0.500000
78 81 0.500000
78 86 0.500000
78 88 0.500000
78 89 0.500000
78 90 0.500000
78 91 0.500000
78 93 0.500000
78 96 0.500000
78 98 0.500000
78 102 0.500000
78 104 0.500000
78 105 0.500000
78 107 0.500000
78 109 0.500000
78 110 0.500000
78 114 0.500000
78 116 0.500000
78 117 0.500000
78 121 0.500000
78 122 0.500000
78 123 0.500000
78 125 0.500000
78 126 0.500000
78 129 0.500000
78 131 0.500000
78 132 0.500000
78 134 0.500000
78 135 0.500000
78 137 0.500000
78 139 0.500000
78 140 0.500000
79 83 0.500000
79 86 0.500000
79 92 0.500000
79 93 0.500000
79 96 0.500000
79 98 0.500000
79 100 0.500000
79 101 0.500000
79 102 0.500000
79 103 0.500000
79 104 0.500000
79 105 0.500000
79 107 0.500000
79 108 0.500000
79 115 0.500000
79 116 0.500000
79 117 0.500000
79 120 0.500000
79 121 0.500000
79 122 0.500000
79 123 0.500000
79 127 0.500000
79 128 0.500000
79 134 0.500000
79 137 0.500000
79 138 0.500000
80 81 0.500000
80 84 0.500000
80 85 0.500000
80 87 0.500000
80 89 0.500000
80 91 0.500000
80 93 0.500000
80 94 0.500000
80 95 0.500000
80 96 0.500000
80 98 0.500000
80 102 0.500000
80 104 0.500000
80 105 0.500000
80 106 0.500000
80 108 0.500000
80 110 0.500000
80 111 0.500000
80 112 0.500000
80 113 0.500000
80 114 0.500000
80 115 0.500000
80 118 0.500000
80 119 0.500000
80 120 0.500000
80 121 0.500000
80 122 0.500000
80 125 0.500000
80 126 0.500000
80 129 0.500000
80 131 0.500000
80 133 0.500000
80 134 0.500000
80 136 0.500000
81 84 0.500000
81 86 0.500000
81 87 0.500000
81 88 0.500000
81 90 0.500000
81 91 0.500000
81 93 0.500000
81 95 0.500000
81 97 0.500000
81 99 0.500000
81 100 0.500000
81 101 0.500000
81 102 0.500000
81 105 0.500000
81 109 0.500000
81 110 0.500000
81 113 0.500000
81 114 0.500000
81 115 0.500000
81 116 0.500000
81 117 0.500000
81 121 0.500000
81 122 0.500000
81 123 0.500000
81 125 0.500000
81 127 0.500000
81 131 0.500000
81 132 0.500000
81 133 0.500000
81 134 0.500000
81 135 0.500000
81 137 0.500000
81 140 0.500000
82 83 0.500000
82 84 0.500000
82 86 0.500000
82 87 0.500000
82 89 0.500000
82 91 0.500000
82 92 0.500000
82 93 0.500000
82 95 0.500000
82 96 0.500000
82 97 0.500000
82 100 0.500000
82 103 0.500000
82 105 0.500000
82 106 0.500000
82 109 0.500000
82 111 0.500000
82 114 0.500000
82 115 0.500000
82 116 0.500000
82 118 0.500000
82 119 0.500000
82 124 0.500000
82 132 0.500000
82 135 0.500000
82 140 0.500000
83 85 0.500000
83 88 0.500000
83 89 0.500000
83 90 0.500000
83 94 0.500000
83 96 0.500000
83 97 0.500000
83 99 0.500000
83 100 0.500000
83 102 0.500000
83 103 0.500000
83 105 0.500000
83 106 0.500000
83 107 0.500000
83 108 0.500000
83 110 0.500000
83 114 0.500000
83 117 0.500000
83 118 0.500000
83 120 0.500000
83 121 0.500000
83 126 0.500000
83 127 0.500000
83 128 0.500000
83 130 0.500000
83 132 0.500000
83 136 0.500000
83 137 0.500000
84 87 0.500000
84 88 0.500000
84 90 0.500000
84 91 0.500000
84 92 0.500000
84 93 0.500000
84 96 0.500000
84 97 0.500000
84 98 0.500000
84 99 0.500000
84 101 0.500000
84 103 0.500000
84 104 0.500000
84 105 0.500000
84 106 0.500000
84 107 0.500000
84 110 0.500000
84 112 0.500000
84 114 0.500000
84 116 0.500000
84 117 0.500000
84 124 0.500000
84 127 0.500000
84 129 0.500000
84 133 0.500000
84 135 0.500000
84 137 0.500000
84 140 0.500000
85 88 0.500000
85 90 0.500000
85 92 0.500000
85 93 0.500000
85 95 0.500000
85 97 0.500000
85 99 0.500000
85 100 0.500000
85 101 0.500000
85 102 0.500000
85 103 0.500000
85 104 0.500000
85 105 0.500000
85 107 0.500000
85 108 0.500000
85 109 0.500000
85 110 0.500000
85 113 0.500000
85 115 0.500000
85 116 0.500000
85 118 0.500000
85 121 0.500000
85 122 0.500000
85 123 0.500000
85 124 0.500000
85 129 0.500000
85 134 0.500000
85 135 0.500000
85 136 0.500000
85 137 0.500000
85 138 0.500000
85 139 0.500000
85 140 0.500000
86 87 0.500000
86 91 0.500000
86 94 0.500000
86 95 0.500000
86 96 0.500000
86 97 0.500000
86 99 0.500000
86 103 0.500000
86 106 0.500000
86 108 0.500000
86 112 0.500000
86 117 0.500000
86 120 0.500000
86 123 0.500000
86 124 0.500000
86 126 0.500000
86 127 0.500000
86 128 0.500000
86 131 0.500000
86 133 0.500000
86 137 0.500000
86 138 0.500000
86 140 0.500000
87 89 0.500000
87 93 0.500000
87 95 0.500000
87 96 0.500000
87 97 0.500000
87 100 0.500000
87 102 0.500000
87 105 0.500000
87 107 0.500000
87 108 0.500000
87 109 0.500000
87 110 0.500000
87 117 0.500000
87 120 0.500000
87 121 0.500000
87 123 0.500000
87 125 0.500000
87 128 0.500000
87 129 0.500000
87 131 0.500000
87 133 0.500000
87 135 0.500000
87 136 0.500000
87 137 0.500000
87 138 0.500000
87 139 0.500000
88 89 0.500000
88 90 0.500000
88 92 0.500000
88 96 0.500000
88 99 0.500000
88 100 0.500000
88 102 0.500000
88 104 0.500000
88 106 0.500000
88 107 0.500000
88 111 0.500000
88 113 0.500000
88 115 0.500000
88 116 0.500000
88 117 0.500000
88 118 0.500000
88 120 0.500000
88 121 0.500000
88 122 0.500000
88 123 0.500000
88 124 0.500000
88 126 0.500000
88 127 0.500000
88 134 0.500000
88 135 0.500000
88 136 0.500000
88 138 0.500000
88 140 0.500000
89 91 0.500000
89 94 0.500000
89 95 0.500000
89 97 0.500000
89 98 0.500000
89 103 0.500000
89 105 0.500000
89 106 0.500000
89 108 0.500000
89 111 0.500000
89 113 0.500000
89 114 0.500000
89 115 0.500000
89 116 0.500000
89 117 0.500000
89 119 0.500000
89 120 0.500000
89 122 0.500000
89 127 0.500000
89 132 0.500000
89 133 0.500000
89 135 0.500000
89 136 0.500000
89 137 0.500000
89 138 0.500000
89 139 0.500000
90 91 0.500000
90 93 0.500000
90 98 0.500000
90 100 0.500000
90 101 0.500000
90 103 0.500000
90 105 0.500000
90 106 0.500000
90 110 0.500000
90 111 0.500000
90 112 0.500000
90 113 0.500000
90 115 0.500000
90 116 0.500000
90 120 0.500000
90 121 0.500000
90 122 0.500000
90 123 0.500000
90 124 0.500000
90 125 0.500000
90 129 0.500000
90 131 0.500000
90 132 0.500000
90 133 0.500000
90 135 0.500000
90 136 0.500000
90 138 0.500000
90 139 0.500000
91 93 0.500000
91 97 0.500000
91 102 0.500000
91 103 0.500000
91 106 0.500000
91 108 0.500000
91 109 0.500000
91 111 0.500000
91 113 0.500000
91 114 0.500000
91 115 0.500000
91 116 0.500000
91 117 0.500000
91 119 0.500000
91 120 0.500000
91 123 0.500000
91 125 0.500000
91 126 0.500000
91 130 0.500000
91 133 0.500000
91 135 0.500000
91 136 0.500000
91 138 0.500000
91 139 0.500000
92 95 0.500000
92 97 0.500000
92 98 0.500000
92 100 0.500000
92 101 0.500000
92 103 0.500000
92 104 0.500000
92 105 0.500000
92 107 0.500000
92 108 0.500000
92 109 0.500000
92 111 0.500000
92 112 0.500000
92 113 0.500000
92 115 0.500000
92 119 0.500000
92 120 0.500000
92 122 0.500000
92 125 0.500000
92 129 0.500000
92 130 0.500000
92 131 0.500000
92 133 0.500000
92 134 0.500000
92 136 0.500000
92 138 0.500000
92 139 0.500000
93 95 0.500000
93 97 0.500000
93 98 0.500000
93 100 0.500000
93 102 0.500000
93 104 0.500000
93 105 0.500000
93 106 0.500000
93 107 0.500000
93 114 0.500000
93 117 0.500000
93 118 0.500000
93 123 0.500000
93 125 0.500000
93 126 0.500000
93 127 0.500000
93 130 0.500000
93 131 0.500000
93 132 0.500000
93 134 0.500000
93 136 0.500000
94 95 0.500000
94 96 0.500000
94 97 0.500000
94 98 0.500000
94 101 0.500000
94 102 0.500000
94 103 0.500000
94 104 0.500000
94 106 0.500000
94 107 0.500000
94 109 0.500000
94 110 0.500000
94 111 0.500000
94 116 0.500000
94 117 0.500000
94 119 0.500000
94 121 0.500000
94 122 0.500000
94 126 0.500000
94 127 0.500000
94 128 0.500000
94 130 0.500000
94 131 0.500000
94 132 0.500000
94 134 0.500000
94 135 0.500000
94 138 0.500000
94 140 0.500000
95 97 0.500000
95 103 0.500000
95 104 0.500000
95 105 0.500000
95 107 0.500000
95 110 0.500000
95 112 0.500000
95 113 0.500000
95 116 0.500000
95 117 0.500000
95 120 0.500000
95 123 0.500000
95 124 0.500000
95 126 0.500000
95 127 0.500000
95 130 0.500000
95 132 0.500000
95 135 0.500000
95 136 0.500000
95 137 0.500000
95 138 0.500000
96 97 0.500000
96 98 0.500000
96 102 0.500000
96 104 0.500000
96 106 0.500000
96 107 0.500000
96 108 0.500000
96 109 0.500000
96 110 0.500000
96 111 0.500000
96 119 0.500000
96 120 0.500000
96 123 0.500000
96 124 0.500000
96 125 0.500000
96 126 0.500000
96 127 0.500000
96 133 0.500000
96 135 0.500000
96 136 0.500000
96 137 0.500000
96 139 0.500000
96 140 0.500000
97 98 0.500000
97 99 0.500000
97 100 0.500000
97 103 0.500000
97 105 0.500000
97 106 0.500000
97 107 0.500000
97 116 0.500000
97 117 0.500000
97 119 0.500000
97 123 0.500000
97 125 0.500000
97 126 0.500000
97 127 0.500000
97 134 0.500000
97 135 0.500000
97 137 0.500000
97 140 0.500000
98 99 0.500000
98 100 0.500000
98 101 0.500000
98 103 0.500000
98 105 0.500000
98 106 0.500000
98 107 0.500000
98 111 0.500000
98 115 0.500000
98 116 0.500000
98 117 0.500000
98 118 0.500000
98 119 0.500000
98 120 0.500000
98 121 0.500000
98 122 0.500000
98 126 0.500000
98 128 0.500000
98 130 0.500000
98 133 0.500000
98 134 0.500000
98 136 0.500000
99 100 0.500000
99 101 0.500000
99 103 0.500000
99 107 0.500000
99 109 0.500000
99 112 0.500000
99 113 0.500000
99 114 0.500000
99 117 0.500000
99 119 0.500000
99 120 0.500000
99 121 0.500000
99 123 0.500000
99 124 0.500000
99 127 0.500000
99 128 0.500000
99 129 0.500000
99 130 0.500000
99 132 0.500000
99 133 0.500000
99 134 0.500000
99 135 0.500000
99 136 0.500000
99 137 0.500000
99 139 0.500000
99 140 0.500000
100 105 0.500000
100 106 0.500000
100 107 0.500000
100 115 0.500000
100 117 0.500000
100 118 0.500000
100 119 0.500000
100 120 0.500000
100 121 0.500000
100 122 0.500000
100 126 0.500000
100 128 0.500000
100 129 0.500000
100 130 0.500000
100 131 0.500000
100 132 0.500000
100 133 0.500000
100 134 0.500000
100 135 0.500000
100 136 0.500000
100 139 0.500000
101 102 0.500000
101 103 0.500000
101 104 0.500000
101 105 0.500000
101 106 0.500000
101 108 0.500000
101 109 0.500000
101 110 0.500000
101 113 0.500000
101 116 0.500000
101 117 0.500000
101 118 0.500000
101 119 0.500000
101 121 0.500000
101 122 0.500000
101 123 0.500000
101 124 0.500000
101 126 0.500000
101 128 0.500000
101 129 0.500000
101 130 0.500000
101 134 0.500000
101 136 0.500000
101 137 0.500000
101 138 0.500000
101 139 0.500000
102 103 0.500000
102 104 0.500000
102 106 0.500000
102 107 0.500000
102 108 0.500000
102 112 0.500000
102 113 0.500000
102 114 0.500000
102 116 0.500000
102 118 0.500000
102 120 0.500000
102 124 0.500000
102 128 0.500000
102 129 0.500000
102 130 0.500000
102 131 0.500000
102 132 0.500000
102 133 0.500000
102 136 0.500000
102 137 0.500000
103 104 0.500000
103 108 0.500000
103 109 0.500000
103 112 0.500000
103 114 0.500000
103 115 0.500000
103 116 0.500000
103 117 0.500000
103 119 0.500000
103 120 0.500000
103 122 0.500000
103 124 0.500000
103 125 0.500000
103 126 0.500000
103 128 0.500000
103 129 0.500000
103 130 0.500000
103 131 0.500000
103 132 0.500000
103 133 0.500000
103 136 0.500000
103 139 0.500000
104 108 0.500000
104 109 0.500000
104 110 0.500000
104 113 0.500000
104 116 0.500000
104 119 0.500000
104 121 0.500000
104 122 0.500000
104 124 0.500000
104 125 0.500000
104 126 0.500000
104 128 0.500000
104 129 0.500000
104 132 0.500000
104 134 0.500000
104 135 0.500000
104 136 0.500000
104 137 0.500000
104 138 0.500000
105 106 0.500000
105 107 0.500000
105 110 0.500000
105 111 0.500000
105 115 0.500000
105 116 0.500000
105 120 0.500000
105 122 0.500000
105 123 0.500000
105 125 0.500000
105 126 0.500000
105 129 0.500000
105 133 0.500000
105 134 0.500000
105 137 0.500000
105 139 0.500000
106 107 0.500000
106 108 0.500000
106 109 0.500000
106 111 0.500000
106 113 0.500000
106 114 0.500000
106 116 0.500000
106 119 0.500000
106 120 0.500000
106 124 0.500000
106 125 0.500000
106 126 0.500000
106 127 0.500000
106 129 0.500000
106 130 0.500000
106 132 0.500000
106 133 0.500000
107 108 0.500000
107 110 0.500000
107 111 0.500000
107 112 0.500000
107 113 0.500000
107 115 0.500000
107 119 0.500000
107 120 0.500000
107 123 0.500000
107 124 0.500000
107 125 0.500000
107 127 0.500000
107 129 0.500000
107 132 0.500000
107 133 0.500000
107 134 0.500000
107 137 0.500000
107 140 0.500000
108 111 0.500000
108 113 0.500000
108 116 0.500000
108 118 0.500000
108 119 0.500000
108 123 0.500000
108 124 0.500000
108 125 0.500000
108 126 0.500000
108 128 0.500000
108 129 0.500000
108 130 0.500000
108 131 0.500000
108 132 0.500000
108 134 0.500000
108 137 0.500000
108 140 0.500000
109 111 0.500000
109 113 0.500000
109 114 0.500000
109 118 0.500000
109 119 0.500000
109 120 0.500000
109 121 0.500000
109 122 0.500000
109 123 0.500000
109 127 0.500000
109 128 0.500000
109 129 0.500000
109 134 0.500000
109 136 0.500000
110 111 0.500000
110 112 0.500000
110 113 0.500000
110 114 0.500000
110 115 0.500000
110 118 0.500000
110 119 0.500000
110 121 0.500000
110 122 0.500000
110 125 0.500000
110 128 0.500000
110 130 0.500000
110 131 0.500000
110 136 0.500000
110 138 0.500000
110 139 0.500000
111 124 0.500000
111 125 0.500000
111 129 0.500000
111 130 0.500000
111 132 0.500000
111 134 0.500000
111 136 0.500000
111 138 0.500000
111 139 0.500000
112 113 0.500000
112 114 0.500000
112 115 0.500000
112 116 0.500000
112 127 0.500000
112 128 0.500000
112 131 0.500000
112 133 0.500000
112 134 0.500000
112 135 0.500000
112 136 0.500000
112 137 0.500000
112 140 0.500000
113 115 0.500000
113 116 0.500000
113 118 0.500000
113 119 0.500000
113 121 0.500000
113 123 0.500000
113 124 0.500000
113 126 0.500000
113 132 0.500000
113 133 0.500000
113 134 0.500000
113 137 0.500000
114 117 0.500000
114 121 0.500000
114 123 0.500000
114 124 0.500000
114 127 0.500000
114 128 0.500000
114 129 0.500000
114 131 0.500000
114 134 0.500000
114 136 0.500000
114 140 0.500000
115 117 0.500000
115 120 0.500000
115 121 0.500000
115 122 0.500000
115 124 0.500000
115 125 0.500000
115 127 0.500000
115 131 0.500000
115 132 0.500000
115 136 0.500000
115 138 0.500000
115 139 0.500000
115 140 0.500000
116 117 0.500000
116 118 0.500000
116 119 0.500000
116 122 0.500000
116 125 0.500000
116 127 0.500000
116 130 0.500000
116 134 0.500000
116 136 0.500000
116 138 0.500000
116 139 0.500000
117 120 0.500000
117 122 0.500000
117 123 0.500000
117 127 0.500000
117 129 0.500000
117 130 0.500000
117 131 0.500000
117 133 0.500000
117 135 0.500000
117 136 0.500000
117 137 0.500000
117 140 0.500000
118 121 0.500000
118 123 0.500000
118 124 0.500000
118 125 0.500000
118 127 0.500000
118 133 0.500000
118 134 0.500000
118 135 0.500000
118 136 0.500000
118 138 0.500000
119 121 0.500000
119 122 0.500000
119 124 0.500000
119 125 0.500000
119 126 0.500000
119 128 0.500000
119 129 0.500000
119 130 0.500000
119 131 0.500000
119 132 0.500000
119 135 0.500000
119 138 0.500000
119 140 0.500000
120 123 0.500000
120 124 0.500000
120 126 0.500000
120 127 0.500000
120 129 0.500000
120 132 0.500000
120 133 0.500000
120 134 0.500000
120 136 0.500000
120 139 0.500000
120 140 0.500000
121 123 0.500000
121 125 0.500000
121 129 0.500000
121 132 0.500000
121 135 0.500000
121 137 0.500000
121 139 0.500000
121 140 0.500000
122 125 0.500000
122 130 0.500000
122 131 0.500000
122 133 0.500000
122 134 0.500000
122 135 0.500000
122 138 0.500000
122 140 0.500000
123 124 0.500000
123 125 0.500000
123 127 0.500000
123 131 0.500000
123 132 0.500000
123 133 0.500000
123 134 0.500000
123 136 0.500000
123 138 0.500000
123 139 0.500000
124 126 0.500000
124 128 0.500000
124 129 0.500000
124 132 0.500000
124 135 0.500000
124 136 0.500000
125 128 0.500000
125 131 0.500000
125 134 0.500000
125 139 0.500000
125 140 0.500000
126 128 0.500000
126 130 0.500000
126 131 0.500000
126 132 0.500000
126 133 0.500000
126 135 0.500000
126 138 0.500000
126 139 0.500000
127 128 0.500000
127 130 0.500000
127 131 0.500000
127 132 0.500000
127 134 0.500000
127 136 0.500000
128 129 0.500000
128 133 0.500000
128 136 0.500000
128 138 0.500000
128 139 0.500000
129 131 0.500000
129 132 0.500000
129 133 0.500000
129 134 0.500000
129 135 0.500000
129 136 0.500000
129 137 0.500000
129 138 0.500000
129 139 0.500000
130 131 0.500000
130 133 0.500000
130 138 0.500000
131 132 0.500000
131 133 0.500000
131 134 0.500000
131 135 0.500000
132 133 0.500000
132 137 0.500000
132 138 0.500000
133 134 0.500000
133 136 0.500000
133 137 0.500000
133 138 0.500000
133 139 0.500000
133 140 0.500000
134 137 0.500000
134 138 0.500000
135 136 0.500000
135 137 0.500000
135 138 0.500000
135 139 0.500000
136 139 0.500000
138 139 0.500000
138 140 0.500000
