140 35 2433
1 4 0.500000
1 19 0.500000
1 21 0.500000
1 22 0.500000
1 27 0.500000
1 40 0.500000
1 42 0.500000
1 50 0.500000
1 53 0.500000
1 55 0.500000
1 58 0.500000
1 62 0.500000
1 66 0.500000
1 76 0.500000
1 87 0.500000
1 91 0.500000
1 92 0.500000
1 97 0.500000
1 99 0.500000
1 104 0.500000
1 107 0.500000
1 111 0.500000
1 112 0.500000
1 116 0.500000
1 120 0.500000
1 122 0.500000
1 125 0.500000
1 128 0.500000
1 130 0.500000
1 131 0.500000
1 138 0.500000
1 139 0.500000
2 5 0.500000
2 7 0.500000
2 8 0.500000
2 11 0.500000
2 17 0.500000
2 21 0.500000
2 23 0.500000
2 27 0.500000
2 47 0.500000
2 51 0.500000
2 55 0.500000
2 57 0.500000
2 58 0.500000
2 64 0.500000
2 65 0.500000
2 68 0.500000
2 69 0.500000
2 72 0.500000
2 74 0.500000
2 76 0.500000
2 80 0.500000
2 87 0.500000
2 88 0.500000
2 89 0.500000
2 93 0.500000
2 99 0.500000
2 101 0.500000
2 103 0.500000
2 106 0.500000
2 107 0.500000
2 109 0.500000
2 115 0.500000
2 116 0.500000
2 117 0.500000
2 119 0.500000
2 123 0.500000
3 7 0.500000
3 9 0.500000
3 13 0.500000
3 14 0.500000
3 16 0.500000
3 21 0.500000
3 22 0.500000
3 24 0.500000
3 36 0.500000
3 45 0.500000
3 65 0.500000
3 68 0.500000
3 84 0.500000
3 87 0.500000
3 88 0.500000
3 92 0.500000
3 95 0.500000
3 100 0.500000
3 101 0.500000
3 108 0.500000
3 109 0.500000
3 114 0.500000
3 115 0.500000
3 119 0.500000
3 122 0.500000
3 125 0.500000
3 128 0.500000
3 129 0.500000
3 136 0.500000
4 7 0.500000
4 17 0.500000
4 20 0.500000
4 22 0.500000
4 30 0.500000
4 42 0.500000
4 43 0.500000
4 48 0.500000
4 52 0.500000
4 56 0.500000
4 59 0.500000
4 60 0.500000
4 62 0.500000
4 63 0.500000
4 66 0.500000
4 81 0.500000
4 92 0.500000
4 94 0.500000
4 96 0.500000
4 106 0.500000
4 108 0.500000
4 113 0.500000
4 123 0.500000
4 131 0.500000
4 137 0.500000
5 7 0.500000
5 17 0.500000
5 18 0.500000
5 23 0.500000
5 25 0.500000
5 30 0.500000
5 32 0.500000
5 42 0.500000
5 43 0.500000
5 44 0.500000
5 49 0.500000
5 53 0.500000
5 60 0.500000
5 61 0.500000
5 64 0.500000
5 67 0.500000
5 74 0.500000
5 75 0.500000
5 81 0.500000
5 82 0.500000
5 84 0.500000
5 85 0.500000
5 88 0.500000
5 91 0.500000
5 93 0.500000
5 98 0.500000
5 100 0.500000
5 105 0.500000
5 106 0.500000
5 121 0.500000
5 124 0.500000
5 129 0.500000
5 132 0.500000
5 135 0.500000
5 139 0.500000
6 11 0.500000
6 12 0.500000
6 20 0.500000
6 24 0.500000
6 26 0.500000
6 31 0.500000
6 32 0.500000
6 34 0.500000
6 38 0.500000
6 39 0.500000
6 40 0.500000
6 43 0.500000
6 49 0.500000
6 50 0.500000
6 52 0.500000
6 55 0.500000
6 57 0.500000
6 59 0.500000
6 65 0.500000
6 67 0.500000
6 82 0.500000
6 86 0.500000
6 94 0.500000
6 101 0.500000
6 104 0.500000
6 114 0.500000
6 116 0.500000
6 122 0.500000
6 123 0.500000
6 126 0.500000
6 130 0.500000
7 10 0.500000
7 13 0.500000
7 20 0.500000
7 24 0.500000
7 25 0.500000
7 26 0.500000
7 29 0.500000
7 41 0.500000
7 44 0.500000
7 51 0.500000
7 55 0.500000
7 58 0.500000
7 62 0.500000
7 66 0.500000
7 71 0.500000
7 76 0.500000
7 80 0.500000
7 85 0.500000
7 86 0.500000
7 88 0.500000
7 89 0.500000
7 91 0.500000
7 92 0.500000
7 96 0.500000
7 100 0.500000
7 103 0.500000
7 106 0.500000
7 107 0.500000
7 109 0.500000
7 113 0.500000
7 115 0.500000
7 120 0.500000
7 128 0.500000
7 130 0.500000
7 132 0.500000
7 133 0.500000
7 137 0.500000
7 138 0.500000
8 13 0.500000
8 19 0.500000
8 21 0.500000
8 26 0.500000
8 27 0.500000
8 30 0.500000
8 33 0.500000
8 36 0.500000
8 39 0.500000
8 41 0.500000
8 42 0.500000
8 43 0.500000
8 44 0.500000
8 46 0.500000
8 54 0.500000
8 63 0.500000
8 64 0.500000
8 70 0.500000
8 73 0.500000
8 77 0.500000
8 80 0.500000
8 81 0.500000
8 88 0.500000
8 89 0.500000
8 93 0.500000
8 103 0.500000
8 104 0.500000
8 106 0.500000
8 107 0.500000
8 110 0.500000
8 117 0.500000
8 126 0.500000
8 127 0.500000
8 130 0.500000
8 131 0.500000
8 132 0.500000
8 134 0.500000
8 136 0.500000
8 140 0.500000
9 10 0.500000
9 12 0.500000
9 15 0.500000
9 27 0.500000
9 28 0.500000
9 51 0.500000
9 57 0.500000
9 68 0.500000
9 75 0.500000
9 76 0.500000
9 85 0.500000
9 87 0.500000
9 93 0.500000
9 106 0.500000
9 107 0.500000
9 110 0.500000
9 113 0.500000
9 114 0.500000
9 120 0.500000
9 123 0.500000
9 124 0.500000
9 130 0.500000
9 133 0.500000
9 137 0.500000
9 138 0.500000
9 140 0.500000
10 17 0.500000
10 19 0.500000
10 20 0.500000
10 29 0.500000
10 31 0.500000
10 32 0.500000
10 34 0.500000
10 38 0.500000
10 44 0.500000
10 45 0.500000
10 46 0.500000
10 47 0.500000
10 54 0.500000
10 56 0.500000
10 57 0.500000
10 62 0.500000
10 64 0.500000
10 67 0.500000
10 72 0.500000
10 73 0.500000
10 74 0.500000
10 75 0.500000
10 76 0.500000
10 82 0.500000
10 89 0.500000
10 93 0.500000
10 98 0.500000
10 106 0.500000
10 107 0.500000
10 116 0.500000
10 119 0.500000
10 125 0.500000
10 126 0.500000
10 132 0.500000
10 133 0.500000
10 134 0.500000
10 135 0.500000
11 12 0.500000
11 14 0.500000
11 15 0.500000
11 16 0.500000
11 28 0.500000
11 30 0.500000
11 44 0.500000
11 50 0.500000
11 61 0.500000
11 63 0.500000
11 66 0.500000
11 68 0.500000
11 71 0.500000
11 73 0.500000
11 76 0.500000
11 82 0.500000
11 85 0.500000
11 87 0.500000
11 91 0.500000
11 92 0.500000
11 94 0.500000
11 104 0.500000
11 111 0.500000
11 113 0.500000
11 117 0.500000
11 121 0.500000
11 123 0.500000
11 124 0.500000
11 126 0.500000
11 130 0.500000
11 132 0.500000
11 134 0.500000
11 139 0.500000
12 13 0.500000
12 14 0.500000
12 15 0.500000
12 16 0.500000
12 20 0.500000
12 34 0.500000
12 38 0.500000
12 40 0.500000
12 41 0.500000
12 56 0.500000
12 57 0.500000
12 58 0.500000
12 61 0.500000
12 63 0.500000
12 65 0.500000
12 71 0.500000
12 73 0.500000
12 76 0.500000
12 78 0.500000
12 86 0.500000
12 91 0.500000
12 95 0.500000
12 97 0.500000
12 101 0.500000
12 107 0.500000
12 109 0.500000
12 110 0.500000
12 112 0.500000
12 113 0.500000
12 115 0.500000
12 117 0.500000
12 121 0.500000
12 124 0.500000
12 126 0.500000
12 128 0.500000
12 139 0.500000
12 140 0.500000
13 14 0.500000
13 17 0.500000
13 19 0.500000
13 20 0.500000
13 22 0.500000
13 27 0.500000
13 35 0.500000
13 39 0.500000
13 41 0.500000
13 44 0.500000
13 47 0.500000
13 48 0.500000
13 51 0.500000
13 52 0.500000
13 53 0.500000
13 54 0.500000
13 61 0.500000
13 62 0.500000
13 67 0.500000
13 71 0.500000
13 74 0.500000
13 77 0.500000
13 85 0.500000
13 91 0.500000
13 95 0.500000
13 100 0.500000
13 110 0.500000
13 113 0.500000
13 120 0.500000
13 124 0.500000
13 126 0.500000
13 129 0.500000
13 132 0.500000
13 137 0.500000
13 139 0.500000
13 140 0.500000
14 16 0.500000
14 18 0.500000
14 25 0.500000
14 26 0.500000
14 32 0.500000
14 37 0.500000
14 40 0.500000
14 45 0.500000
14 50 0.500000
14 52 0.500000
14 53 0.500000
14 57 0.500000
14 62 0.500000
14 64 0.500000
14 71 0.500000
14 75 0.500000
14 76 0.500000
14 85 0.500000
14 87 0.500000
14 88 0.500000
14 98 0.500000
14 101 0.500000
14 106 0.500000
14 115 0.500000
14 116 0.500000
14 120 0.500000
14 123 0.500000
14 128 0.500000
14 134 0.500000
14 137 0.500000
15 19 0.500000
15 20 0.500000
15 25 0.500000
15 36 0.500000
15 40 0.500000
15 46 0.500000
15 48 0.500000
15 49 0.500000
15 52 0.500000
15 56 0.500000
15 60 0.500000
15 62 0.500000
15 64 0.500000
15 67 0.500000
15 69 0.500000
15 72 0.500000
15 75 0.500000
15 81 0.500000
15 82 0.500000
15 84 0.500000
15 87 0.500000
15 93 0.500000
15 95 0.500000
15 97 0.500000
15 99 0.500000
15 102 0.500000
15 107 0.500000
15 108 0.500000
15 111 0.500000
15 117 0.500000
15 119 0.500000
15 134 0.500000
16 17 0.500000
16 18 0.500000
16 28 0.500000
16 29 0.500000
16 35 0.500000
16 37 0.500000
16 38 0.500000
16 45 0.500000
16 51 0.500000
16 53 0.500000
16 57 0.500000
16 65 0.500000
16 73 0.500000
16 74 0.500000
16 77 0.500000
16 78 0.500000
16 82 0.500000
16 99 0.500000
16 103 0.500000
16 110 0.500000
16 113 0.500000
16 114 0.500000
16 122 0.500000
16 138 0.500000
16 140 0.500000
17 18 0.500000
17 20 0.500000
17 25 0.500000
17 26 0.500000
17 31 0.500000
17 40 0.500000
17 41 0.500000
17 43 0.500000
17 46 0.500000
17 48 0.500000
17 50 0.500000
17 52 0.500000
17 53 0.500000
17 60 0.500000
17 63 0.500000
17 64 0.500000
17 67 0.500000
17 76 0.500000
17 83 0.500000
17 86 0.500000
17 92 0.500000
17 97 0.500000
17 99 0.500000
17 101 0.500000
17 103 0.500000
17 104 0.500000
17 108 0.500000
17 109 0.500000
17 110 0.500000
17 116 0.500000
17 126 0.500000
17 131 0.500000
17 137 0.500000
18 19 0.500000
18 22 0.500000
18 26 0.500000
18 27 0.500000
18 31 0.500000
18 51 0.500000
18 52 0.500000
18 56 0.500000
18 57 0.500000
18 59 0.500000
18 64 0.500000
18 68 0.500000
18 69 0.500000
18 75 0.500000
18 93 0.500000
18 95 0.500000
18 97 0.500000
18 98 0.500000
18 100 0.500000
18 104 0.500000
18 123 0.500000
18 124 0.500000
18 130 0.500000
18 132 0.500000
18 133 0.500000
19 20 0.500000
19 25 0.500000
19 29 0.500000
19 38 0.500000
19 42 0.500000
19 44 0.500000
19 48 0.500000
19 49 0.500000
19 50 0.500000
19 54 0.500000
19 57 0.500000
19 60 0.500000
19 61 0.500000
19 65 0.500000
19 66 0.500000
19 67 0.500000
19 70 0.500000
19 75 0.500000
19 81 0.500000
19 85 0.500000
19 86 0.500000
19 87 0.500000
19 98 0.500000
19 102 0.500000
19 105 0.500000
19 106 0.500000
19 115 0.500000
19 116 0.500000
19 117 0.500000
19 123 0.500000
19 130 0.500000
19 131 0.500000
19 135 0.500000
20 21 0.500000
20 26 0.500000
20 32 0.500000
20 36 0.500000
20 38 0.500000
20 40 0.500000
20 45 0.500000
20 48 0.500000
20 52 0.500000
20 53 0.500000
20 55 0.500000
20 60 0.500000
20 70 0.500000
20 71 0.500000
20 78 0.500000
20 79 0.500000
20 84 0.500000
20 86 0.500000
20 95 0.500000
20 106 0.500000
20 107 0.500000
20 109 0.500000
20 110 0.500000
20 111 0.500000
20 112 0.500000
20 128 0.500000
20 140 0.500000
21 24 0.500000
21 26 0.500000
21 29 0.500000
21 35 0.500000
21 37 0.500000
21 38 0.500000
21 43 0.500000
21 46 0.500000
21 53 0.500000
21 63 0.500000
21 67 0.500000
21 79 0.500000
21 84 0.500000
21 87 0.500000
21 89 0.500000
21 91 0.500000
21 96 0.500000
21 98 0.500000
21 100 0.500000
21 106 0.500000
21 117 0.500000
21 118 0.500000
21 120 0.500000
21 123 0.500000
21 131 0.500000
21 134 0.500000
21 137 0.500000
22 23 0.500000
22 26 0.500000
22 27 0.500000
22 28 0.500000
22 29 0.500000
22 30 0.500000
22 35 0.500000
22 43 0.500000
22 46 0.500000
22 47 0.500000
22 52 0.500000
22 54 0.500000
22 55 0.500000
22 62 0.500000
22 63 0.500000
22 64 0.500000
22 65 0.500000
22 66 0.500000
22 71 0.500000
22 72 0.500000
22 75 0.500000
22 76 0.500000
22 79 0.500000
22 87 0.500000
22 92 0.500000
22 94 0.500000
22 96 0.500000
22 100 0.500000
22 107 0.500000
22 109 0.500000
22 110 0.500000
22 111 0.500000
22 120 0.500000
22 123 0.500000
22 124 0.500000
22 129 0.500000
22 132 0.500000
22 138 0.500000
23 28 0.500000
23 30 0.500000
23 34 0.500000
23 38 0.500000
23 41 0.500000
23 49 0.500000
23 50 0.500000
23 51 0.500000
23 54 0.500000
23 55 0.500000
23 57 0.500000
23 67 0.500000
23 71 0.500000
23 74 0.500000
23 75 0.500000
23 76 0.500000
23 81 0.500000
23 82 0.500000
23 83 0.500000
23 89 0.500000
23 91 0.500000
23 98 0.500000
23 103 0.500000
23 106 0.500000
23 108 0.500000
23 109 0.500000
23 110 0.500000
23 111 0.500000
23 113 0.500000
23 117 0.500000
23 120 0.500000
23 123 0.500000
23 124 0.500000
23 125 0.500000
23 127 0.500000
23 132 0.500000
24 30 0.500000
24 47 0.500000
24 55 0.500000
24 60 0.500000
24 64 0.500000
24 65 0.500000
24 71 0.500000
24 72 0.500000
24 75 0.500000
24 76 0.500000
24 77 0.500000
24 80 0.500000
24 84 0.500000
24 86 0.500000
24 87 0.500000
24 89 0.500000
24 92 0.500000
24 94 0.500000
24 95 0.500000
24 99 0.500000
24 106 0.500000
24 115 0.500000
24 130 0.500000
24 137 0.500000
24 139 0.500000
25 28 0.500000
25 32 0.500000
25 36 0.500000
25 40 0.500000
25 48 0.500000
25 50 0.500000
25 55 0.500000
25 69 0.500000
25 72 0.500000
25 78 0.500000
25 83 0.500000
25 85 0.500000
25 87 0.500000
25 92 0.500000
25 95 0.500000
25 98 0.500000
25 102 0.500000
25 108 0.500000
25 128 0.500000
25 129 0.500000
25 130 0.500000
25 135 0.500000
26 27 0.500000
26 30 0.500000
26 31 0.500000
26 37 0.500000
26 41 0.500000
26 43 0.500000
26 45 0.500000
26 46 0.500000
26 48 0.500000
26 51 0.500000
26 56 0.500000
26 57 0.500000
26 66 0.500000
26 68 0.500000
26 69 0.500000
26 70 0.500000
26 76 0.500000
26 86 0.500000
26 90 0.500000
26 95 0.500000
26 96 0.500000
26 109 0.500000
26 121 0.500000
26 123 0.500000
26 128 0.500000
26 132 0.500000
26 136 0.500000
27 37 0.500000
27 38 0.500000
27 43 0.500000
27 46 0.500000
27 48 0.500000
27 52 0.500000
27 60 0.500000
27 61 0.500000
27 63 0.500000
27 65 0.500000
27 68 0.500000
27 72 0.500000
27 75 0.500000
27 79 0.500000
27 80 0.500000
27 85 0.500000
27 89 0.500000
27 92 0.500000
27 98 0.500000
27 101 0.500000
27 104 0.500000
27 106 0.500000
27 107 0.500000
27 112 0.500000
27 113 0.500000
27 116 0.500000
27 129 0.500000
27 139 0.500000
28 34 0.500000
28 38 0.500000
28 48 0.500000
28 61 0.500000
28 64 0.500000
28 65 0.500000
28 68 0.500000
28 69 0.500000
28 77 0.500000
28 79 0.500000
28 85 0.500000
28 86 0.500000
28 93 0.500000
28 96 0.500000
28 99 0.500000
28 103 0.500000
28 107 0.500000
28 112 0.500000
28 120 0.500000
28 128 0.500000
28 129 0.500000
28 132 0.500000
28 140 0.500000
29 30 0.500000
29 32 0.500000
29 33 0.500000
29 37 0.500000
29 39 0.500000
29 42 0.500000
29 46 0.500000
29 54 0.500000
29 57 0.500000
29 62 0.500000
29 63 0.500000
29 66 0.500000
29 70 0.500000
29 76 0.500000
29 79 0.500000
29 82 0.500000
29 89 0.500000
29 91 0.500000
29 96 0.500000
29 100 0.500000
29 102 0.500000
29 105 0.500000
29 124 0.500000
29 125 0.500000
29 127 0.500000
29 128 0.500000
29 130 0.500000
29 131 0.500000
29 137 0.500000
29 138 0.500000
29 140 0.500000
30 32 0.500000
30 44 0.500000
30 51 0.500000
30 57 0.500000
30 59 0.500000
30 69 0.500000
30 71 0.500000
30 72 0.500000
30 73 0.500000
30 75 0.500000
30 84 0.500000
30 95 0.500000
30 99 0.500000
30 100 0.500000
30 105 0.500000
30 108 0.500000
30 112 0.500000
30 113 0.500000
30 114 0.500000
30 120 0.500000
30 121 0.500000
30 122 0.500000
30 126 0.500000
30 131 0.500000
30 134 0.500000
30 137 0.500000
30 139 0.500000
31 32 0.500000
31 36 0.500000
31 37 0.500000
31 38 0.500000
31 39 0.500000
31 44 0.500000
31 49 0.500000
31 57 0.500000
31 58 0.500000
31 62 0.500000
31 64 0.500000
31 66 0.500000
31 68 0.500000
31 77 0.500000
31 78 0.500000
31 81 0.500000
31 84 0.500000
31 90 0.500000
31 92 0.500000
31 96 0.500000
31 109 0.500000
31 110 0.500000
31 111 0.500000
31 117 0.500000
31 121 0.500000
31 124 0.500000
31 129 0.500000
31 133 0.500000
31 136 0.500000
32 41 0.500000
32 43 0.500000
32 48 0.500000
32 52 0.500000
32 55 0.500000
32 67 0.500000
32 73 0.500000
32 74 0.500000
32 77 0.500000
32 81 0.500000
32 86 0.500000
32 90 0.500000
32 91 0.500000
32 93 0.500000
32 94 0.500000
32 95 0.500000
32 106 0.500000
32 112 0.500000
32 116 0.500000
32 118 0.500000
32 125 0.500000
32 128 0.500000
32 133 0.500000
32 136 0.500000
33 34 0.500000
33 36 0.500000
33 39 0.500000
33 41 0.500000
33 44 0.500000
33 46 0.500000
33 48 0.500000
33 51 0.500000
33 62 0.500000
33 65 0.500000
33 70 0.500000
33 76 0.500000
33 79 0.500000
33 81 0.500000
33 83 0.500000
33 88 0.500000
33 89 0.500000
33 93 0.500000
33 98 0.500000
33 101 0.500000
33 103 0.500000
33 105 0.500000
33 106 0.500000
33 107 0.500000
33 116 0.500000
33 119 0.500000
33 130 0.500000
33 132 0.500000
33 134 0.500000
33 136 0.500000
34 36 0.500000
34 39 0.500000
34 41 0.500000
34 44 0.500000
34 52 0.500000
34 53 0.500000
34 63 0.500000
34 69 0.500000
34 74 0.500000
34 77 0.500000
34 81 0.500000
34 86 0.500000
34 89 0.500000
34 103 0.500000
34 112 0.500000
34 113 0.500000
34 114 0.500000
34 120 0.500000
34 121 0.500000
34 123 0.500000
34 124 0.500000
34 125 0.500000
34 130 0.500000
34 132 0.500000
34 138 0.500000
34 139 0.500000
35 37 0.500000
35 47 0.500000
35 60 0.500000
35 63 0.500000
35 64 0.500000
35 66 0.500000
35 72 0.500000
35 75 0.500000
35 76 0.500000
35 82 0.500000
35 90 0.500000
35 93 0.500000
35 101 0.500000
35 102 0.500000
35 103 0.500000
35 110 0.500000
35 111 0.500000
35 114 0.500000
35 117 0.500000
35 118 0.500000
35 121 0.500000
35 122 0.500000
35 125 0.500000
35 131 0.500000
35 140 0.500000
36 44 0.500000
36 47 0.500000
36 62 0.500000
36 63 0.500000
36 66 0.500000
36 70 0.500000
36 72 0.500000
36 74 0.500000
36 75 0.500000
36 81 0.500000
36 86 0.500000
36 95 0.500000
36 96 0.500000
36 107 0.500000
36 109 0.500000
36 114 0.500000
36 118 0.500000
36 120 0.500000
36 121 0.500000
36 122 0.500000
36 125 0.500000
36 128 0.500000
36 133 0.500000
37 45 0.500000
37 46 0.500000
37 47 0.500000
37 50 0.500000
37 59 0.500000
37 60 0.500000
37 68 0.500000
37 69 0.500000
37 70 0.500000
37 71 0.500000
37 74 0.500000
37 78 0.500000
37 81 0.500000
37 82 0.500000
37 93 0.500000
37 104 0.500000
37 105 0.500000
37 106 0.500000
37 107 0.500000
37 108 0.500000
37 110 0.500000
37 114 0.500000
37 116 0.500000
37 120 0.500000
37 123 0.500000
37 127 0.500000
37 131 0.500000
37 133 0.500000
37 134 0.500000
37 139 0.500000
38 53 0.500000
38 66 0.500000
38 70 0.500000
38 72 0.500000
38 73 0.500000
38 84 0.500000
38 85 0.500000
38 86 0.500000
38 91 0.500000
38 93 0.500000
38 100 0.500000
38 109 0.500000
38 110 0.500000
38 113 0.500000
38 116 0.500000
38 117 0.500000
38 118 0.500000
38 126 0.500000
38 131 0.500000
38 132 0.500000
38 133 0.500000
38 135 0.500000
38 138 0.500000
39 41 0.500000
39 42 0.500000
39 47 0.500000
39 53 0.500000
39 62 0.500000
39 63 0.500000
39 67 0.500000
39 73 0.500000
39 76 0.500000
39 77 0.500000
39 79 0.500000
39 81 0.500000
39 84 0.500000
39 85 0.500000
39 88 0.500000
39 94 0.500000
39 96 0.500000
39 97 0.500000
39 105 0.500000
39 108 0.500000
39 112 0.500000
39 113 0.500000
39 115 0.500000
39 116 0.500000
39 125 0.500000
39 127 0.500000
39 133 0.500000
39 138 0.500000
39 139 0.500000
40 45 0.500000
40 48 0.500000
40 52 0.500000
40 56 0.500000
40 59 0.500000
40 63 0.500000
40 67 0.500000
40 69 0.500000
40 81 0.500000
40 82 0.500000
40 84 0.500000
40 87 0.500000
40 88 0.500000
40 95 0.500000
40 96 0.500000
40 99 0.500000
40 100 0.500000
40 105 0.500000
40 106 0.500000
40 112 0.500000
40 113 0.500000
40 115 0.500000
40 119 0.500000
40 122 0.500000
40 125 0.500000
40 135 0.500000
40 136 0.500000
40 138 0.500000
41 42 0.500000
41 49 0.500000
41 57 0.500000
41 66 0.500000
41 67 0.500000
41 70 0.500000
41 72 0.500000
41 74 0.500000
41 75 0.500000
41 78 0.500000
41 79 0.500000
41 86 0.500000
41 91 0.500000
41 98 0.500000
41 101 0.500000
41 103 0.500000
41 106 0.500000
41 122 0.500000
41 125 0.500000
41 126 0.500000
41 131 0.500000
42 44 0.500000
42 47 0.500000
42 49 0.500000
42 50 0.500000
42 53 0.500000
42 55 0.500000
42 56 0.500000
42 61 0.500000
42 64 0.500000
42 65 0.500000
42 70 0.500000
42 75 0.500000
42 76 0.500000
42 79 0.500000
42 85 0.500000
42 86 0.500000
42 87 0.500000
42 94 0.500000
42 101 0.500000
42 108 0.500000
42 109 0.500000
42 121 0.500000
42 130 0.500000
42 131 0.500000
42 132 0.500000
43 45 0.500000
43 47 0.500000
43 54 0.500000
43 58 0.500000
43 66 0.500000
43 69 0.500000
43 70 0.500000
43 71 0.500000
43 72 0.500000
43 74 0.500000
43 75 0.500000
43 78 0.500000
43 86 0.500000
43 88 0.500000
43 89 0.500000
43 90 0.500000
43 91 0.500000
43 94 0.500000
43 96 0.500000
43 98 0.500000
43 102 0.500000
43 104 0.500000
43 125 0.500000
43 131 0.500000
43 134 0.500000
43 139 0.500000
43 140 0.500000
44 45 0.500000
44 46 0.500000
44 50 0.500000
44 53 0.500000
44 57 0.500000
44 61 0.500000
44 63 0.500000
44 66 0.500000
44 68 0.500000
44 73 0.500000
44 75 0.500000
44 79 0.500000
44 80 0.500000
44 84 0.500000
44 85 0.500000
44 87 0.500000
44 93 0.500000
44 101 0.500000
44 105 0.500000
44 108 0.500000
44 109 0.500000
44 112 0.500000
44 113 0.500000
44 115 0.500000
44 116 0.500000
44 125 0.500000
44 130 0.500000
44 134 0.500000
44 140 0.500000
45 46 0.500000
45 48 0.500000
45 53 0.500000
45 54 0.500000
45 58 0.500000
45 64 0.500000
45 67 0.500000
45 69 0.500000
45 71 0.500000
45 77 0.500000
45 80 0.500000
45 84 0.500000
45 85 0.500000
45 90 0.500000
45 99 0.500000
45 120 0.500000
45 124 0.500000
45 126 0.500000
45 129 0.500000
45 130 0.500000
45 134 0.500000
45 136 0.500000
46 48 0.500000
46 51 0.500000
46 62 0.500000
46 65 0.500000
46 71 0.500000
46 83 0.500000
46 93 0.500000
46 95 0.500000
46 97 0.500000
46 99 0.500000
46 101 0.500000
46 110 0.500000
46 111 0.500000
46 117 0.500000
46 119 0.500000
46 126 0.500000
46 128 0.500000
46 131 0.500000
46 133 0.500000
46 135 0.500000
46 140 0.500000
47 50 0.500000
47 52 0.500000
47 56 0.500000
47 58 0.500000
47 64 0.500000
47 65 0.500000
47 67 0.500000
47 74 0.500000
47 81 0.500000
47 85 0.500000
47 93 0.500000
47 96 0.500000
47 101 0.500000
47 107 0.500000
47 108 0.500000
47 119 0.500000
47 121 0.500000
47 129 0.500000
48 50 0.500000
48 51 0.500000
48 52 0.500000
48 54 0.500000
48 55 0.500000
48 56 0.500000
48 62 0.500000
48 87 0.500000
48 89 0.500000
48 90 0.500000
48 101 0.500000
48 103 0.500000
48 108 0.500000
48 111 0.500000
48 120 0.500000
48 125 0.500000
48 126 0.500000
48 131 0.500000
48 137 0.500000
48 139 0.500000
49 54 0.500000
49 55 0.500000
49 57 0.500000
49 58 0.500000
49 59 0.500000
49 63 0.500000
49 73 0.500000
49 76 0.500000
49 80 0.500000
49 86 0.500000
49 92 0.500000
49 94 0.500000
49 95 0.500000
49 97 0.500000
49 98 0.500000
49 99 0.500000
49 100 0.500000
49 102 0.500000
49 106 0.500000
49 116 0.500000
49 119 0.500000
49 122 0.500000
49 127 0.500000
49 128 0.500000
49 140 0.500000
50 53 0.500000
50 60 0.500000
50 68 0.500000
50 69 0.500000
50 73 0.500000
50 76 0.500000
50 81 0.500000
50 85 0.500000
50 86 0.500000
50 88 0.500000
50 91 0.500000
50 101 0.500000
50 108 0.500000
50 109 0.500000
50 112 0.500000
50 114 0.500000
50 117 0.500000
50 122 0.500000
50 128 0.500000
50 130 0.500000
50 140 0.500000
51 53 0.500000
51 61 0.500000
51 64 0.500000
51 65 0.500000
51 69 0.500000
51 75 0.500000
51 77 0.500000
51 79 0.500000
51 83 0.500000
51 84 0.500000
51 86 0.500000
51 87 0.500000
51 88 0.500000
51 90 0.500000
51 96 0.500000
51 101 0.500000
51 105 0.500000
51 111 0.500000
51 119 0.500000
51 124 0.500000
51 136 0.500000
51 138 0.500000
52 59 0.500000
52 60 0.500000
52 61 0.500000
52 63 0.500000
52 67 0.500000
52 73 0.500000
52 75 0.500000
52 79 0.500000
52 84 0.500000
52 88 0.500000
52 90 0.500000
52 95 0.500000
52 103 0.500000
52 105 0.500000
52 106 0.500000
52 108 0.500000
52 113 0.500000
52 118 0.500000
52 120 0.500000
52 125 0.500000
52 127 0.500000
52 132 0.500000
52 137 0.500000
53 60 0.500000
53 61 0.500000
53 62 0.500000
53 63 0.500000
53 67 0.500000
53 68 0.500000
53 78 0.500000
53 80 0.500000
53 88 0.500000
53 89 0.500000
53 98 0.500000
53 101 0.500000
53 102 0.500000
53 103 0.500000
53 108 0.500000
53 112 0.500000
53 114 0.500000
53 118 0.500000
53 121 0.500000
53 127 0.500000
53 128 0.500000
53 129 0.500000
53 131 0.500000
53 134 0.500000
54 57 0.500000
54 60 0.500000
54 66 0.500000
54 72 0.500000
54 73 0.500000
54 74 0.500000
54 75 0.500000
54 82 0.500000
54 85 0.500000
54 89 0.500000
54 92 0.500000
54 96 0.500000
54 100 0.500000
54 101 0.500000
54 102 0.500000
54 103 0.500000
54 109 0.500000
54 112 0.500000
54 116 0.500000
54 124 0.500000
54 125 0.500000
54 126 0.500000
54 129 0.500000
54 132 0.500000
54 134 0.500000
55 61 0.500000
55 64 0.500000
55 68 0.500000
55 69 0.500000
55 70 0.500000
55 73 0.500000
55 74 0.500000
55 82 0.500000
55 87 0.500000
55 90 0.500000
55 92 0.500000
55 95 0.500000
55 110 0.500000
55 111 0.500000
55 118 0.500000
55 122 0.500000
55 128 0.500000
56 57 0.500000
56 64 0.500000
56 68 0.500000
56 69 0.500000
56 73 0.500000
56 74 0.500000
56 75 0.500000
56 80 0.500000
56 82 0.500000
56 83 0.500000
56 85 0.500000
56 90 0.500000
56 99 0.500000
56 107 0.500000
56 108 0.500000
56 109 0.500000
56 110 0.500000
56 121 0.500000
56 124 0.500000
56 125 0.500000
56 128 0.500000
56 129 0.500000
56 140 0.500000
57 63 0.500000
57 67 0.500000
57 69 0.500000
57 75 0.500000
57 84 0.500000
57 102 0.500000
57 103 0.500000
57 104 0.500000
57 106 0.500000
57 108 0.500000
57 109 0.500000
57 122 0.500000
57 131 0.500000
57 133 0.500000
57 137 0.500000
57 139 0.500000
58 61 0.500000
58 62 0.500000
58 63 0.500000
58 67 0.500000
58 71 0.500000
58 72 0.500000
58 78 0.500000
58 83 0.500000
58 84 0.500000
58 86 0.500000
58 93 0.500000
58 99 0.500000
58 105 0.500000
58 113 0.500000
58 117 0.500000
58 127 0.500000
59 63 0.500000
59 66 0.500000
59 67 0.500000
59 72 0.500000
59 75 0.500000
59 78 0.500000
59 83 0.500000
59 86 0.500000
59 89 0.500000
59 90 0.500000
59 91 0.500000
59 94 0.500000
59 95 0.500000
59 104 0.500000
59 108 0.500000
59 113 0.500000
59 116 0.500000
59 119 0.500000
59 123 0.500000
59 132 0.500000
59 134 0.500000
60 61 0.500000
60 65 0.500000
60 66 0.500000
60 68 0.500000
60 71 0.500000
60 73 0.500000
60 75 0.500000
60 77 0.500000
60 81 0.500000
60 85 0.500000
60 86 0.500000
60 87 0.500000
60 88 0.500000
60 91 0.500000
60 95 0.500000
60 96 0.500000
60 100 0.500000
60 108 0.500000
60 109 0.500000
60 115 0.500000
60 116 0.500000
60 118 0.500000
60 122 0.500000
60 128 0.500000
60 130 0.500000
60 131 0.500000
60 139 0.500000
60 140 0.500000
61 63 0.500000
61 64 0.500000
61 70 0.500000
61 71 0.500000
61 74 0.500000
61 81 0.500000
61 84 0.500000
61 91 0.500000
61 95 0.500000
61 98 0.500000
61 99 0.500000
61 105 0.500000
61 107 0.500000
61 119 0.500000
61 121 0.500000
61 125 0.500000
61 128 0.500000
61 129 0.500000
62 63 0.500000
62 67 0.500000
62 76 0.500000
62 77 0.500000
62 80 0.500000
62 81 0.500000
62 83 0.500000
62 84 0.500000
62 87 0.500000
62 91 0.500000
62 95 0.500000
62 96 0.500000
62 97 0.500000
62 100 0.500000
62 103 0.500000
62 104 0.500000
62 108 0.500000
62 112 0.500000
62 120 0.500000
62 126 0.500000
62 133 0.500000
62 135 0.500000
62 139 0.500000
62 140 0.500000
63 69 0.500000
63 73 0.500000
63 77 0.500000
63 78 0.500000
63 83 0.500000
63 90 0.500000
63 95 0.500000
63 100 0.500000
63 107 0.500000
63 108 0.500000
63 110 0.500000
63 113 0.500000
63 114 0.500000
63 121 0.500000
63 122 0.500000
63 134 0.500000
63 135 0.500000
63 140 0.500000
64 68 0.500000
64 71 0.500000
64 72 0.500000
64 73 0.500000
64 74 0.500000
64 75 0.500000
64 76 0.500000
64 81 0.500000
64 82 0.500000
64 83 0.500000
64 87 0.500000
64 99 0.500000
64 101 0.500000
64 103 0.500000
64 108 0.500000
64 114 0.500000
64 122 0.500000
64 123 0.500000
64 127 0.500000
64 131 0.500000
64 132 0.500000
64 134 0.500000
64 135 0.500000
64 139 0.500000
65 66 0.500000
65 67 0.500000
65 69 0.500000
65 71 0.500000
65 74 0.500000
65 75 0.500000
65 78 0.500000
65 81 0.500000
65 85 0.500000
65 86 0.500000
65 88 0.500000
65 90 0.500000
65 91 0.500000
65 93 0.500000
65 95 0.500000
65 96 0.500000
65 98 0.500000
65 100 0.500000
65 101 0.500000
65 106 0.500000
65 109 0.500000
65 118 0.500000
65 121 0.500000
65 122 0.500000
65 128 0.500000
65 138 0.500000
65 139 0.500000
65 140 0.500000
66 67 0.500000
66 68 0.500000
66 71 0.500000
66 73 0.500000
66 81 0.500000
66 84 0.500000
66 89 0.500000
66 91 0.500000
66 93 0.500000
66 97 0.500000
66 103 0.500000
66 106 0.500000
66 107 0.500000
66 112 0.500000
66 113 0.500000
66 119 0.500000
66 120 0.500000
66 123 0.500000
66 126 0.500000
66 127 0.500000
66 128 0.500000
66 129 0.500000
66 133 0.500000
66 137 0.500000
66 138 0.500000
67 74 0.500000
67 80 0.500000
67 91 0.500000
67 97 0.500000
67 98 0.500000
67 101 0.500000
67 102 0.500000
67 106 0.500000
67 107 0.500000
67 110 0.500000
67 111 0.500000
67 112 0.500000
67 118 0.500000
67 125 0.500000
67 126 0.500000
67 127 0.500000
67 130 0.500000
67 132 0.500000
67 137 0.500000
68 69 0.500000
68 73 0.500000
68 74 0.500000
68 75 0.500000
68 77 0.500000
68 78 0.500000
68 85 0.500000
68 86 0.500000
68 90 0.500000
68 91 0.500000
68 92 0.500000
68 94 0.500000
68 96 0.500000
68 97 0.500000
68 104 0.500000
68 106 0.500000
68 107 0.500000
68 109 0.500000
68 116 0.500000
68 118 0.500000
68 121 0.500000
68 124 0.500000
68 125 0.500000
68 129 0.500000
68 131 0.500000
68 132 0.500000
68 134 0.500000
68 136 0.500000
69 71 0.500000
69 75 0.500000
69 78 0.500000
69 81 0.500000
69 82 0.500000
69 84 0.500000
69 92 0.500000
69 96 0.500000
69 98 0.500000
69 100 0.500000
69 103 0.500000
69 109 0.500000
69 115 0.500000
69 136 0.500000
70 77 0.500000
70 80 0.500000
70 83 0.500000
70 86 0.500000
70 92 0.500000
70 95 0.500000
70 96 0.500000
70 97 0.500000
70 104 0.500000
70 107 0.500000
70 113 0.500000
70 115 0.500000
70 121 0.500000
70 132 0.500000
70 136 0.500000
70 137 0.500000
71 79 0.500000
71 84 0.500000
71 88 0.500000
71 91 0.500000
71 93 0.500000
71 97 0.500000
71 100 0.500000
71 103 0.500000
71 104 0.500000
71 106 0.500000
71 109 0.500000
71 111 0.500000
71 118 0.500000
71 133 0.500000
72 86 0.500000
72 92 0.500000
72 94 0.500000
72 99 0.500000
72 101 0.500000
72 105 0.500000
72 106 0.500000
72 115 0.500000
72 124 0.500000
72 125 0.500000
72 130 0.500000
72 131 0.500000
72 134 0.500000
73 81 0.500000
73 85 0.500000
73 88 0.500000
73 96 0.500000
73 103 0.500000
73 105 0.500000
73 107 0.500000
73 109 0.500000
73 111 0.500000
73 112 0.500000
73 114 0.500000
73 123 0.500000
73 124 0.500000
73 135 0.500000
74 75 0.500000
74 77 0.500000
74 83 0.500000
74 89 0.500000
74 103 0.500000
74 112 0.500000
74 114 0.500000
74 120 0.500000
74 123 0.500000
74 125 0.500000
74 128 0.500000
74 129 0.500000
74 130 0.500000
74 134 0.500000
74 137 0.500000
74 139 0.500000
74 140 0.500000
75 81 0.500000
75 84 0.500000
75 86 0.500000
75 100 0.500000
75 105 0.500000
75 107 0.500000
75 108 0.500000
75 113 0.500000
75 114 0.500000
75 116 0.500000
75 118 0.500000
75 119 0.500000
75 123 0.500000
75 127 0.500000
75 139 0.500000
75 140 0.500000
76 79 0.500000
76 83 0.500000
76 85 0.500000
76 93 0.500000
76 104 0.500000
76 118 0.500000
76 122 0.500000
76 130 0.500000
76 132 0.500000
76 133 0.500000
76 135 0.500000
76 136 0.500000
76 138 0.500000
77 80 0.500000
77 86 0.500000
77 92 0.500000
77 96 0.500000
77 98 0.500000
77 102 0.500000
77 110 0.500000
77 118 0.500000
77 120 0.500000
77 121 0.500000
77 127 0.500000
77 128 0.500000
77 129 0.500000
77 135 0.500000
77 138 0.500000
78 79 0.500000
78 80 0.500000
78 83 0.500000
78 84 0.500000
78 85 0.500000
78 86 0.500000
78 93 0.500000
78 95 0.500000
78 97 0.500000
78 101 0.500000
78 105 0.500000
78 106 0.500000
78 109 0.500000
78 111 0.500000
78 116 0.500000
78 117 0.500000
78 118 0.500000
78 120 0.500000
78 121 0.500000
78 125 0.500000
78 128 0.500000
78 133 0.500000
78 134 0.500000
79 91 0.500000
79 94 0.500000
79 95 0.500000
79 96 0.500000
79 98 0.500000
79 101 0.500000
79 102 0.500000
79 103 0.500000
79 109 0.500000
79 112 0.500000
79 133 0.500000
79 137 0.500000
79 138 0.500000
79 140 0.500000
80 81 0.500000
80 85 0.500000
80 86 0.500000
80 88 0.500000
80 89 0.500000
80 98 0.500000
80 99 0.500000
80 106 0.500000
80 110 0.500000
80 111 0.500000
80 114 0.500000
80 117 0.500000
80 118 0.500000
80 122 0.500000
80 123 0.500000
80 129 0.500000
80 131 0.500000
80 136 0.500000
81 83 0.500000
81 88 0.500000
81 89 0.500000
81 99 0.500000
81 102 0.500000
81 103 0.500000
81 108 0.500000
81 113 0.500000
81 120 0.500000
81 121 0.500000
81 122 0.500000
81 127 0.500000
81 129 0.500000
81 132 0.500000
81 137 0.500000
81 139 0.500000
82 86 0.500000
82 89 0.500000
82 92 0.500000
82 94 0.500000
82 106 0.500000
82 110 0.500000
82 112 0.500000
82 116 0.500000
82 122 0.500000
82 123 0.500000
82 124 0.500000
82 131 0.500000
82 134 0.500000
82 138 0.500000
83 84 0.500000
83 92 0.500000
83 104 0.500000
83 107 0.500000
83 120 0.500000
83 123 0.500000
83 135 0.500000
83 140 0.500000
84 94 0.500000
84 99 0.500000
84 101 0.500000
84 104 0.500000
84 106 0.500000
84 109 0.500000
84 111 0.500000
84 118 0.500000
84 119 0.500000
84 123 0.500000
84 126 0.500000
84 132 0.500000
84 137 0.500000
84 139 0.500000
84 140 0.500000
85 89 0.500000
85 90 0.500000
85 92 0.500000
85 94 0.500000
85 97 0.500000
85 105 0.500000
85 107 0.500000
85 109 0.500000
85 111 0.500000
85 116 0.500000
85 123 0.500000
85 124 0.500000
85 129 0.500000
85 130 0.500000
85 138 0.500000
86 91 0.500000
86 94 0.500000
86 98 0.500000
86 99 0.500000
86 103 0.500000
86 104 0.500000
86 105 0.500000
86 117 0.500000
86 119 0.500000
86 121 0.500000
86 126 0.500000
86 130 0.500000
86 133 0.500000
87 88 0.500000
87 91 0.500000
87 94 0.500000
87 100 0.500000
87 102 0.500000
87 104 0.500000
87 106 0.500000
87 109 0.500000
87 110 0.500000
87 111 0.500000
87 116 0.500000
87 117 0.500000
87 119 0.500000
87 124 0.500000
87 125 0.500000
87 126 0.500000
87 128 0.500000
87 130 0.500000
87 133 0.500000
87 134 0.500000
87 138 0.500000
88 89 0.500000
88 92 0.500000
88 93 0.500000
88 94 0.500000
88 101 0.500000
88 104 0.500000
88 109 0.500000
88 110 0.500000
88 112 0.500000
88 117 0.500000
88 123 0.500000
88 125 0.500000
88 131 0.500000
88 134 0.500000
88 137 0.500000
88 140 0.500000
89 92 0.500000
89 94 0.500000
89 100 0.500000
89 104 0.500000
89 105 0.500000
89 107 0.500000
89 110 0.500000
89 111 0.500000
89 116 0.500000
89 118 0.500000
89 119 0.500000
89 120 0.500000
89 121 0.500000
89 125 0.500000
89 126 0.500000
89 128 0.500000
89 129 0.500000
89 131 0.500000
89 132 0.500000
89 135 0.500000
89 137 0.500000
89 138 0.500000
90 96 0.500000
90 111 0.500000
90 112 0.500000
90 115 0.500000
90 116 0.500000
90 127 0.500000
90 131 0.500000
90 139 0.500000
90 140 0.500000
91 93 0.500000
91 97 0.500000
91 111 0.500000
91 112 0.500000
91 114 0.500000
91 117 0.500000
91 130 0.500000
91 133 0.500000
91 137 0.500000
91 140 0.500000
92 100 0.500000
92 103 0.500000
92 108 0.500000
92 110 0.500000
92 115 0.500000
92 123 0.500000
92 129 0.500000
92 137 0.500000
93 97 0.500000
93 98 0.500000
93 99 0.500000
93 104 0.500000
93 106 0.500000
93 109 0.500000
93 117 0.500000
93 118 0.500000
93 120 0.500000
93 121 0.500000
93 127 0.500000
93 133 0.500000
93 136 0.500000
94 102 0.500000
94 108 0.500000
94 109 0.500000
94 110 0.500000
94 118 0.500000
94 119 0.500000
94 125 0.500000
94 134 0.500000
94 135 0.500000
94 136 0.500000
94 140 0.500000
95 98 0.500000
95 105 0.500000
95 106 0.500000
95 116 0.500000
95 121 0.500000
95 129 0.500000
95 130 0.500000
95 132 0.500000
95 139 0.500000
96 98 0.500000
96 100 0.500000
96 110 0.500000
96 112 0.500000
96 117 0.500000
96 126 0.500000
96 128 0.500000
96 132 0.500000
97 100 0.500000
97 108 0.500000
97 112 0.500000
97 116 0.500000
97 137 0.500000
97 138 0.500000
98 105 0.500000
98 109 0.500000
98 110 0.500000
98 112 0.500000
98 116 0.500000
98 122 0.500000
98 123 0.500000
98 126 0.500000
98 127 0.500000
98 129 0.500000
98 130 0.500000
99 104 0.500000
99 106 0.500000
99 113 0.500000
99 117 0.500000
99 120 0.500000
99 122 0.500000
99 126 0.500000
99 127 0.500000
99 131 0.500000
99 134 0.500000
99 135 0.500000
99 140 0.500000
100 104 0.500000
100 109 0.500000
100 113 0.500000
100 114 0.500000
100 120 0.500000
100 126 0.500000
100 128 0.500000
100 129 0.500000
101 102 0.500000
101 103 0.500000
101 104 0.500000
101 109 0.500000
101 111 0.500000
101 118 0.500000
101 128 0.500000
101 134 0.500000
102 103 0.500000
102 105 0.500000
102 110 0.500000
102 111 0.500000
102 112 0.500000
102 113 0.500000
102 115 0.500000
102 116 0.500000
102 126 0.500000
102 130 0.500000
102 133 0.500000
102 136 0.500000
103 106 0.500000
103 113 0.500000
103 123 0.500000
103 128 0.500000
103 135 0.500000
103 136 0.500000
103 139 0.500000
104 110 0.500000
104 111 0.500000
104 116 0.500000
104 121 0.500000
104 127 0.500000
104 134 0.500000
104 135 0.500000
104 139 0.500000
105 107 0.500000
105 108 0.500000
105 109 0.500000
105 110 0.500000
105 111 0.500000
105 121 0.500000
105 122 0.500000
105 128 0.500000
105 133 0.500000
105 134 0.500000
105 137 0.500000
106 107 0.500000
106 114 0.500000
106 120 0.500000
106 127 0.500000
106 131 0.500000
106 132 0.500000
106 139 0.500000
107 108 0.500000
107 131 0.500000
107 133 0.500000
107 137 0.500000
107 138 0.500000
107 140 0.500000
108 110 0.500000
108 118 0.500000
108 126 0.500000
108 132 0.500000
108 138 0.500000
109 111 0.500000
109 114 0.500000
109 117 0.500000
109 119 0.500000
109 131 0.500000
109 132 0.500000
109 137 0.500000
109 138 0.500000
109 139 0.500000
110 117 0.500000
110 120 0.500000
110 121 0.500000
110 127 0.500000
110 128 0.500000
110 133 0.500000
111 116 0.500000
111 128 0.500000
111 131 0.500000
111 132 0.500000
111 135 0.500000
111 138 0.500000
112 113 0.500000
112 114 0.500000
112 115 0.500000
112 118 0.500000
112 121 0.500000
112 124 0.500000
112 125 0.500000
112 127 0.500000
112 129 0.500000
112 138 0.500000
113 114 0.500000
113 117 0.500000
113 120 0.500000
113 122 0.500000
113 126 0.500000
113 129 0.500000
113 140 0.500000
114 115 0.500000
114 118 0.500000
114 119 0.500000
114 127 0.500000
114 130 0.500000
114 135 0.500000
114 136 0.500000
115 116 0.500000
115 119 0.500000
115 122 0.500000
115 126 0.500000
115 128 0.500000
115 129 0.500000
115 132 0.500000
116 119 0.500000
116 121 0.500000
116 130 0.500000
116 133 0.500000
116 134 0.500000
116 135 0.500000
117 128 0.500000
117 133 0.500000
117 135 0.500000
117 140 0.500000
118 120 0.500000
118 124 0.500000
118 126 0.500000
118 136 0.500000
118 139 0.500000
119 121 0.500000
119 123 0.500000
119 137 0.500000
119 138 0.500000
120 124 0.500000
120 127 0.500000
120 128 0.500000
120 138 0.500000
121 126 0.500000
121 130 0.500000
122 123 0.500000
122 124 0.500000
122 127 0.500000
122 132 0.500000
122 135 0.500000
123 124 0.500000
123 126 0.500000
123 135 0.500000
123 136 0.500000
124 125 0.500000
124 127 0.500000
124 128 0.500000
124 131 0.500000
125 127 0.500000
125 131 0.500000
126 130 0.500000
126 134 0.500000
126 137 0.500000
126 138 0.500000
126 140 0.500000
127 129 0.500000
127 133 0.500000
127 138 0.500000
127 140 0.500000
128 131 0.500000
128 135 0.500000
129 137 0.500000
130 131 0.500000
130 134 0.500000
131 132 0.500000
131 135 0.500000
131 138 0.500000
132 134 0.500000
132 138 0.500000
132 140 0.500000
133 139 0.500000
134 136 0.500000
135 136 0.500000
135 137 0.500000
136 137 0.500000
137 139 0.500000
137 140 0.500000
