160 120 3180
1 8 0.500000
1 9 0.500000
1 10 0.500000
1 11 0.500000
1 15 0.500000
1 17 0.500000
1 18 0.500000
1 23 0.500000
1 27 0.500000
1 29 0.500000
1 32 0.500000
1 33 0.500000
1 36 0.500000
1 50 0.500000
1 55 0.500000
1 60 0.500000
1 66 0.500000
1 69 0.500000
1 72 0.500000
1 73 0.500000
1 74 0.500000
1 76 0.500000
1 80 0.500000
1 82 0.500000
1 83 0.500000
1 89 0.500000
1 98 0.500000
1 99 0.500000
1 101 0.500000
1 104 0.500000
1 106 0.500000
1 109 0.500000
1 110 0.500000
1 116 0.500000
1 121 0.500000
1 123 0.500000
1 126 0.500000
1 127 0.500000
1 133 0.500000
1 134 0.500000
1 137 0.500000
1 138 0.500000
1 144 0.500000
1 145 0.500000
1 149 0.500000
1 151 0.500000
1 153 0.500000
1 155 0.500000
1 157 0.500000
1 160 0.500000
2 4 0.500000
2 13 0.500000
2 14 0.500000
2 18 0.500000
2 21 0.500000
2 25 0.500000
2 50 0.500000
2 51 0.500000
2 53 0.500000
2 55 0.500000
2 56 0.500000
2 59 0.500000
2 63 0.500000
2 68 0.500000
2 79 0.500000
2 83 0.500000
2 84 0.500000
2 85 0.500000
2 88 0.500000
2 91 0.500000
2 95 0.500000
2 96 0.500000
2 100 0.500000
2 102 0.500000
2 106 0.500000
2 107 0.500000
2 117 0.500000
2 127 0.500000
2 128 0.500000
2 130 0.500000
2 131 0.500000
2 138 0.500000
2 139 0.500000
2 148 0.500000
2 149 0.500000
2 153 0.500000
2 156 0.500000
2 157 0.500000
3 5 0.500000
3 12 0.500000
3 16 0.500000
3 22 0.500000
3 28 0.500000
3 35 0.500000
3 46 0.500000
3 47 0.500000
3 50 0.500000
3 52 0.500000
3 55 0.500000
3 57 0.500000
3 61 0.500000
3 66 0.500000
3 73 0.500000
3 81 0.500000
3 82 0.500000
3 83 0.500000
3 86 0.500000
3 91 0.500000
3 92 0.500000
3 93 0.500000
3 95 0.500000
3 98 0.500000
3 110 0.500000
3 115 0.500000
3 116 0.500000
3 120 0.500000
3 129 0.500000
3 132 0.500000
3 133 0.500000
3 135 0.500000
3 142 0.500000
3 143 0.500000
3 148 0.500000
3 149 0.500000
3 151 0.500000
3 156 0.500000
3 158 0.500000
4 7 0.500000
4 8 0.500000
4 9 0.500000
4 12 0.500000
4 21 0.500000
4 23 0.500000
4 26 0.500000
4 32 0.500000
4 34 0.500000
4 49 0.500000
4 55 0.500000
4 64 0.500000
4 65 0.500000
4 68 0.500000
4 74 0.500000
4 76 0.500000
4 84 0.500000
4 88 0.500000
4 91 0.500000
4 92 0.500000
4 93 0.500000
4 107 0.500000
4 112 0.500000
4 123 0.500000
4 145 0.500000
4 147 0.500000
4 155 0.500000
4 157 0.500000
4 159 0.500000
4 160 0.500000
5 17 0.500000
5 23 0.500000
5 29 0.500000
5 32 0.500000
5 47 0.500000
5 50 0.500000
5 55 0.500000
5 63 0.500000
5 73 0.500000
5 76 0.500000
5 78 0.500000
5 82 0.500000
5 87 0.500000
5 88 0.500000
5 96 0.500000
5 104 0.500000
5 107 0.500000
5 111 0.500000
5 113 0.500000
5 114 0.500000
5 116 0.500000
5 117 0.500000
5 121 0.500000
5 131 0.500000
5 133 0.500000
5 135 0.500000
5 141 0.500000
5 142 0.500000
5 148 0.500000
5 153 0.500000
5 155 0.500000
5 160 0.500000
6 10 0.500000
6 14 0.500000
6 20 0.500000
6 24 0.500000
6 29 0.500000
6 31 0.500000
6 32 0.500000
6 35 0.500000
6 36 0.500000
6 37 0.500000
6 42 0.500000
6 43 0.500000
6 58 0.500000
6 60 0.500000
6 69 0.500000
6 79 0.500000
6 105 0.500000
6 108 0.500000
6 121 0.500000
6 123 0.500000
6 128 0.500000
6 132 0.500000
6 141 0.500000
6 145 0.500000
6 148 0.500000
6 150 0.500000
6 152 0.500000
6 159 0.500000
7 9 0.500000
7 14 0.500000
7 17 0.500000
7 25 0.500000
7 30 0.500000
7 54 0.500000
7 57 0.500000
7 60 0.500000
7 63 0.500000
7 71 0.500000
7 73 0.500000
7 77 0.500000
7 80 0.500000
7 81 0.500000
7 82 0.500000
7 89 0.500000
7 90 0.500000
7 94 0.500000
7 99 0.500000
7 100 0.500000
7 104 0.500000
7 121 0.500000
7 123 0.500000
7 134 0.500000
7 136 0.500000
7 139 0.500000
7 142 0.500000
7 143 0.500000
7 147 0.500000
7 150 0.500000
8 14 0.500000
8 16 0.500000
8 18 0.500000
8 22 0.500000
8 28 0.500000
8 30 0.500000
8 34 0.500000
8 41 0.500000
8 44 0.500000
8 54 0.500000
8 59 0.500000
8 68 0.500000
8 70 0.500000
8 73 0.500000
8 77 0.500000
8 78 0.500000
8 79 0.500000
8 85 0.500000
8 89 0.500000
8 92 0.500000
8 95 0.500000
8 97 0.500000
8 99 0.500000
8 101 0.500000
8 105 0.500000
8 108 0.500000
8 116 0.500000
8 119 0.500000
8 120 0.500000
8 121 0.500000
8 141 0.500000
8 142 0.500000
8 143 0.500000
8 144 0.500000
8 150 0.500000
8 151 0.500000
8 152 0.500000
8 153 0.500000
8 158 0.500000
8 159 0.500000
8 160 0.500000
9 13 0.500000
9 15 0.500000
9 16 0.500000
9 17 0.500000
9 18 0.500000
9 19 0.500000
9 28 0.500000
9 30 0.500000
9 32 0.500000
9 35 0.500000
9 37 0.500000
9 39 0.500000
9 48 0.500000
9 49 0.500000
9 59 0.500000
9 61 0.500000
9 64 0.500000
9 67 0.500000
9 69 0.500000
9 72 0.500000
9 75 0.500000
9 80 0.500000
9 81 0.500000
9 86 0.500000
9 92 0.500000
9 96 0.500000
9 97 0.500000
9 107 0.500000
9 110 0.500000
9 114 0.500000
9 119 0.500000
9 121 0.500000
9 122 0.500000
9 123 0.500000
9 126 0.500000
9 129 0.500000
9 130 0.500000
9 134 0.500000
9 135 0.500000
9 139 0.500000
9 146 0.500000
9 151 0.500000
9 152 0.500000
9 154 0.500000
9 158 0.500000
9 159 0.500000
10 11 0.500000
10 12 0.500000
10 13 0.500000
10 20 0.500000
10 24 0.500000
10 25 0.500000
10 26 0.500000
10 39 0.500000
10 41 0.500000
10 43 0.500000
10 46 0.500000
10 51 0.500000
10 54 0.500000
10 74 0.500000
10 76 0.500000
10 84 0.500000
10 92 0.500000
10 96 0.500000
10 98 0.500000
10 103 0.500000
10 104 0.500000
10 108 0.500000
10 116 0.500000
10 129 0.500000
10 132 0.500000
10 135 0.500000
10 136 0.500000
10 138 0.500000
10 140 0.500000
10 141 0.500000
10 150 0.500000
10 151 0.500000
10 156 0.500000
11 14 0.500000
11 18 0.500000
11 21 0.500000
11 22 0.500000
11 25 0.500000
11 27 0.500000
11 35 0.500000
11 39 0.500000
11 45 0.500000
11 49 0.500000
11 50 0.500000
11 54 0.500000
11 56 0.500000
11 57 0.500000
11 59 0.500000
11 61 0.500000
11 65 0.500000
11 67 0.500000
11 70 0.500000
11 71 0.500000
11 72 0.500000
11 79 0.500000
11 83 0.500000
11 86 0.500000
11 98 0.500000
11 104 0.500000
11 114 0.500000
11 116 0.500000
11 117 0.500000
11 121 0.500000
11 124 0.500000
11 131 0.500000
11 142 0.500000
11 146 0.500000
11 152 0.500000
11 158 0.500000
12 23 0.500000
12 27 0.500000
12 36 0.500000
12 40 0.500000
12 42 0.500000
12 52 0.500000
12 53 0.500000
12 56 0.500000
12 59 0.500000
12 61 0.500000
12 67 0.500000
12 74 0.500000
12 80 0.500000
12 85 0.500000
12 86 0.500000
12 87 0.500000
12 94 0.500000
12 97 0.500000
12 98 0.500000
12 103 0.500000
12 104 0.500000
12 105 0.500000
12 106 0.500000
12 112 0.500000
12 113 0.500000
12 119 0.500000
12 121 0.500000
12 128 0.500000
12 129 0.500000
12 132 0.500000
12 148 0.500000
12 152 0.500000
12 154 0.500000
12 155 0.500000
12 157 0.500000
13 15 0.500000
13 21 0.500000
13 30 0.500000
13 38 0.500000
13 41 0.500000
13 54 0.500000
13 56 0.500000
13 66 0.500000
13 75 0.500000
13 77 0.500000
13 80 0.500000
13 89 0.500000
13 90 0.500000
13 94 0.500000
13 96 0.500000
13 100 0.500000
13 101 0.500000
13 102 0.500000
13 105 0.500000
13 106 0.500000
13 110 0.500000
13 111 0.500000
13 120 0.500000
13 123 0.500000
13 124 0.500000
13 125 0.500000
13 131 0.500000
13 132 0.500000
13 135 0.500000
13 137 0.500000
13 138 0.500000
13 139 0.500000
13 142 0.500000
13 149 0.500000
13 150 0.500000
13 151 0.500000
13 156 0.500000
13 158 0.500000
13 159 0.500000
13 160 0.500000
14 15 0.500000
14 16 0.500000
14 46 0.500000
14 48 0.500000
14 49 0.500000
14 50 0.500000
14 52 0.500000
14 58 0.500000
14 67 0.500000
14 70 0.500000
14 74 0.500000
14 78 0.500000
14 79 0.500000
14 85 0.500000
14 91 0.500000
14 93 0.500000
14 94 0.500000
14 97 0.500000
14 98 0.500000
14 99 0.500000
14 101 0.500000
14 102 0.500000
14 104 0.500000
14 106 0.500000
14 109 0.500000
14 110 0.500000
14 113 0.500000
14 118 0.500000
14 120 0.500000
14 122 0.500000
14 126 0.500000
14 129 0.500000
14 130 0.500000
14 132 0.500000
14 133 0.500000
14 149 0.500000
14 155 0.500000
14 160 0.500000
15 17 0.500000
15 20 0.500000
15 23 0.500000
15 24 0.500000
15 30 0.500000
15 34 0.500000
15 44 0.500000
15 48 0.500000
15 50 0.500000
15 52 0.500000
15 59 0.500000
15 60 0.500000
15 62 0.500000
15 64 0.500000
15 66 0.500000
15 67 0.500000
15 69 0.500000
15 72 0.500000
15 78 0.500000
15 80 0.500000
15 86 0.500000
15 94 0.500000
15 99 0.500000
15 101 0.500000
15 103 0.500000
15 104 0.500000
15 110 0.500000
15 111 0.500000
15 113 0.500000
15 116 0.500000
15 122 0.500000
15 125 0.500000
15 126 0.500000
15 127 0.500000
15 132 0.500000
15 133 0.500000
15 138 0.500000
15 139 0.500000
15 141 0.500000
15 148 0.500000
15 149 0.500000
15 154 0.500000
15 156 0.500000
15 158 0.500000
16 21 0.500000
16 22 0.500000
16 23 0.500000
16 24 0.500000
16 28 0.500000
16 31 0.500000
16 39 0.500000
16 41 0.500000
16 42 0.500000
16 43 0.500000
16 45 0.500000
16 46 0.500000
16 55 0.500000
16 57 0.500000
16 64 0.500000
16 76 0.500000
16 78 0.500000
16 81 0.500000
16 83 0.500000
16 86 0.500000
16 88 0.500000
16 93 0.500000
16 97 0.500000
16 103 0.500000
16 105 0.500000
16 106 0.500000
16 113 0.500000
16 115 0.500000
16 121 0.500000
16 122 0.500000
16 136 0.500000
16 140 0.500000
16 146 0.500000
16 152 0.500000
16 154 0.500000
16 155 0.500000
17 19 0.500000
17 20 0.500000
17 26 0.500000
17 29 0.500000
17 48 0.500000
17 50 0.500000
17 52 0.500000
17 53 0.500000
17 62 0.500000
17 63 0.500000
17 64 0.500000
17 69 0.500000
17 72 0.500000
17 73 0.500000
17 74 0.500000
17 81 0.500000
17 82 0.500000
17 83 0.500000
17 87 0.500000
17 94 0.500000
17 95 0.500000
17 98 0.500000
17 109 0.500000
17 112 0.500000
17 116 0.500000
17 117 0.500000
17 118 0.500000
17 122 0.500000
17 124 0.500000
17 136 0.500000
17 141 0.500000
17 143 0.500000
17 148 0.500000
17 151 0.500000
17 154 0.500000
17 159 0.500000
18 20 0.500000
18 21 0.500000
18 25 0.500000
18 30 0.500000
18 36 0.500000
18 40 0.500000
18 42 0.500000
18 54 0.500000
18 58 0.500000
18 65 0.500000
18 68 0.500000
18 73 0.500000
18 85 0.500000
18 89 0.500000
18 91 0.500000
18 92 0.500000
18 93 0.500000
18 101 0.500000
18 105 0.500000
18 106 0.500000
18 107 0.500000
18 109 0.500000
18 110 0.500000
18 112 0.500000
18 114 0.500000
18 115 0.500000
18 121 0.500000
18 123 0.500000
18 126 0.500000
18 128 0.500000
18 129 0.500000
18 130 0.500000
18 131 0.500000
18 132 0.500000
18 136 0.500000
18 137 0.500000
18 138 0.500000
18 140 0.500000
18 142 0.500000
18 143 0.500000
18 153 0.500000
18 154 0.500000
19 20 0.500000
19 25 0.500000
19 28 0.500000
19 30 0.500000
19 34 0.500000
19 35 0.500000
19 36 0.500000
19 39 0.500000
19 40 0.500000
19 45 0.500000
19 46 0.500000
19 47 0.500000
19 50 0.500000
19 51 0.500000
19 56 0.500000
19 57 0.500000
19 62 0.500000
19 63 0.500000
19 64 0.500000
19 68 0.500000
19 69 0.500000
19 72 0.500000
19 74 0.500000
19 78 0.500000
19 80 0.500000
19 82 0.500000
19 96 0.500000
19 104 0.500000
19 105 0.500000
19 106 0.500000
19 107 0.500000
19 109 0.500000
19 110 0.500000
19 111 0.500000
19 112 0.500000
19 115 0.500000
19 123 0.500000
19 126 0.500000
19 129 0.500000
19 135 0.500000
19 138 0.500000
19 139 0.500000
19 141 0.500000
19 142 0.500000
19 144 0.500000
19 145 0.500000
19 151 0.500000
19 152 0.500000
19 153 0.500000
19 154 0.500000
19 156 0.500000
19 157 0.500000
20 21 0.500000
20 25 0.500000
20 30 0.500000
20 35 0.500000
20 36 0.500000
20 38 0.500000
20 43 0.500000
20 45 0.500000
20 47 0.500000
20 53 0.500000
20 54 0.500000
20 57 0.500000
20 60 0.500000
20 63 0.500000
20 68 0.500000
20 69 0.500000
20 72 0.500000
20 73 0.500000
20 77 0.500000
20 79 0.500000
20 86 0.500000
20 90 0.500000
20 95 0.500000
20 108 0.500000
20 111 0.500000
20 116 0.500000
20 121 0.500000
20 124 0.500000
20 131 0.500000
20 132 0.500000
20 133 0.500000
20 134 0.500000
20 135 0.500000
20 137 0.500000
20 146 0.500000
21 23 0.500000
21 26 0.500000
21 32 0.500000
21 36 0.500000
21 44 0.500000
21 47 0.500000
21 61 0.500000
21 62 0.500000
21 65 0.500000
21 85 0.500000
21 87 0.500000
21 88 0.500000
21 91 0.500000
21 93 0.500000
21 94 0.500000
21 98 0.500000
21 99 0.500000
21 104 0.500000
21 111 0.500000
21 116 0.500000
21 126 0.500000
21 127 0.500000
21 128 0.500000
21 131 0.500000
21 140 0.500000
21 142 0.500000
21 144 0.500000
21 151 0.500000
21 154 0.500000
21 157 0.500000
22 36 0.500000
22 38 0.500000
22 43 0.500000
22 46 0.500000
22 47 0.500000
22 52 0.500000
22 53 0.500000
22 60 0.500000
22 68 0.500000
22 72 0.500000
22 73 0.500000
22 76 0.500000
22 79 0.500000
22 88 0.500000
22 102 0.500000
22 103 0.500000
22 106 0.500000
22 110 0.500000
22 112 0.500000
22 126 0.500000
22 130 0.500000
22 132 0.500000
22 133 0.500000
22 136 0.500000
22 138 0.500000
22 141 0.500000
22 146 0.500000
22 149 0.500000
22 151 0.500000
22 159 0.500000
23 27 0.500000
23 28 0.500000
23 29 0.500000
23 31 0.500000
23 35 0.500000
23 37 0.500000
23 38 0.500000
23 39 0.500000
23 40 0.500000
23 43 0.500000
23 44 0.500000
23 46 0.500000
23 57 0.500000
23 61 0.500000
23 65 0.500000
23 67 0.500000
23 69 0.500000
23 70 0.500000
23 74 0.500000
23 78 0.500000
23 79 0.500000
23 80 0.500000
23 87 0.500000
23 89 0.500000
23 93 0.500000
23 106 0.500000
23 107 0.500000
23 113 0.500000
23 114 0.500000
23 115 0.500000
23 118 0.500000
23 125 0.500000
23 141 0.500000
23 143 0.500000
23 145 0.500000
23 155 0.500000
23 156 0.500000
23 157 0.500000
23 160 0.500000
24 30 0.500000
24 32 0.500000
24 41 0.500000
24 43 0.500000
24 52 0.500000
24 55 0.500000
24 60 0.500000
24 67 0.500000
24 71 0.500000
24 81 0.500000
24 86 0.500000
24 87 0.500000
24 105 0.500000
24 106 0.500000
24 109 0.500000
24 111 0.500000
24 118 0.500000
24 126 0.500000
24 130 0.500000
24 136 0.500000
24 139 0.500000
24 146 0.500000
24 153 0.500000
24 156 0.500000
24 157 0.500000
24 160 0.500000
25 27 0.500000
25 29 0.500000
25 32 0.500000
25 34 0.500000
25 40 0.500000
25 41 0.500000
25 43 0.500000
25 58 0.500000
25 62 0.500000
25 68 0.500000
25 71 0.500000
25 78 0.500000
25 84 0.500000
25 96 0.500000
25 97 0.500000
25 102 0.500000
25 103 0.500000
25 105 0.500000
25 106 0.500000
25 108 0.500000
25 110 0.500000
25 114 0.500000
25 123 0.500000
25 134 0.500000
25 145 0.500000
25 149 0.500000
25 154 0.500000
25 156 0.500000
26 28 0.500000
26 30 0.500000
26 35 0.500000
26 38 0.500000
26 42 0.500000
26 58 0.500000
26 61 0.500000
26 68 0.500000
26 70 0.500000
26 72 0.500000
26 74 0.500000
26 77 0.500000
26 79 0.500000
26 82 0.500000
26 83 0.500000
26 84 0.500000
26 85 0.500000
26 86 0.500000
26 90 0.500000
26 92 0.500000
26 96 0.500000
26 104 0.500000
26 107 0.500000
26 112 0.500000
26 113 0.500000
26 116 0.500000
26 122 0.500000
26 123 0.500000
26 133 0.500000
26 138 0.500000
26 140 0.500000
26 141 0.500000
26 143 0.500000
26 147 0.500000
26 150 0.500000
26 155 0.500000
26 158 0.500000
27 32 0.500000
27 37 0.500000
27 38 0.500000
27 40 0.500000
27 43 0.500000
27 44 0.500000
27 48 0.500000
27 57 0.500000
27 61 0.500000
27 62 0.500000
27 64 0.500000
27 79 0.500000
27 85 0.500000
27 86 0.500000
27 90 0.500000
27 92 0.500000
27 94 0.500000
27 98 0.500000
27 99 0.500000
27 108 0.500000
27 111 0.500000
27 113 0.500000
27 119 0.500000
27 122 0.500000
27 127 0.500000
27 130 0.500000
27 131 0.500000
27 133 0.500000
27 139 0.500000
27 140 0.500000
27 146 0.500000
27 147 0.500000
27 159 0.500000
28 29 0.500000
28 32 0.500000
28 33 0.500000
28 39 0.500000
28 44 0.500000
28 48 0.500000
28 59 0.500000
28 61 0.500000
28 65 0.500000
28 69 0.500000
28 70 0.500000
28 71 0.500000
28 78 0.500000
28 79 0.500000
28 83 0.500000
28 84 0.500000
28 86 0.500000
28 87 0.500000
28 88 0.500000
28 90 0.500000
28 92 0.500000
28 94 0.500000
28 97 0.500000
28 100 0.500000
28 101 0.500000
28 108 0.500000
28 109 0.500000
28 112 0.500000
28 115 0.500000
28 116 0.500000
28 125 0.500000
28 126 0.500000
28 130 0.500000
28 133 0.500000
28 134 0.500000
28 142 0.500000
28 143 0.500000
28 145 0.500000
28 148 0.500000
28 149 0.500000
28 154 0.500000
29 32 0.500000
29 33 0.500000
29 36 0.500000
29 39 0.500000
29 40 0.500000
29 49 0.500000
29 62 0.500000
29 63 0.500000
29 64 0.500000
29 72 0.500000
29 79 0.500000
29 80 0.500000
29 99 0.500000
29 100 0.500000
29 104 0.500000
29 106 0.500000
29 108 0.500000
29 113 0.500000
29 116 0.500000
29 117 0.500000
29 118 0.500000
29 119 0.500000
29 126 0.500000
29 127 0.500000
29 133 0.500000
29 134 0.500000
29 138 0.500000
29 139 0.500000
29 145 0.500000
29 154 0.500000
30 33 0.500000
30 34 0.500000
30 35 0.500000
30 37 0.500000
30 45 0.500000
30 47 0.500000
30 49 0.500000
30 51 0.500000
30 59 0.500000
30 67 0.500000
30 71 0.500000
30 73 0.500000
30 74 0.500000
30 83 0.500000
30 84 0.500000
30 87 0.500000
30 90 0.500000
30 94 0.500000
30 97 0.500000
30 98 0.500000
30 99 0.500000
30 104 0.500000
30 112 0.500000
30 116 0.500000
30 119 0.500000
30 132 0.500000
30 135 0.500000
30 137 0.500000
30 138 0.500000
30 139 0.500000
30 140 0.500000
30 146 0.500000
30 149 0.500000
30 150 0.500000
30 159 0.500000
31 32 0.500000
31 35 0.500000
31 41 0.500000
31 42 0.500000
31 45 0.500000
31 50 0.500000
31 51 0.500000
31 66 0.500000
31 70 0.500000
31 76 0.500000
31 79 0.500000
31 84 0.500000
31 91 0.500000
31 101 0.500000
31 103 0.500000
31 106 0.500000
31 108 0.500000
31 113 0.500000
31 117 0.500000
31 119 0.500000
31 125 0.500000
31 126 0.500000
31 128 0.500000
31 129 0.500000
31 131 0.500000
31 134 0.500000
31 137 0.500000
31 144 0.500000
31 145 0.500000
31 146 0.500000
31 151 0.500000
31 157 0.500000
31 158 0.500000
31 160 0.500000
32 33 0.500000
32 38 0.500000
32 45 0.500000
32 48 0.500000
32 49 0.500000
32 50 0.500000
32 59 0.500000
32 60 0.500000
32 68 0.500000
32 69 0.500000
32 72 0.500000
32 73 0.500000
32 79 0.500000
32 84 0.500000
32 85 0.500000
32 86 0.500000
32 89 0.500000
32 90 0.500000
32 92 0.500000
32 93 0.500000
32 99 0.500000
32 100 0.500000
32 107 0.500000
32 114 0.500000
32 118 0.500000
32 121 0.500000
32 126 0.500000
32 130 0.500000
32 138 0.500000
32 141 0.500000
32 148 0.500000
32 153 0.500000
32 156 0.500000
32 158 0.500000
32 160 0.500000
33 35 0.500000
33 38 0.500000
33 40 0.500000
33 41 0.500000
33 43 0.500000
33 45 0.500000
33 49 0.500000
33 57 0.500000
33 64 0.500000
33 68 0.500000
33 72 0.500000
33 73 0.500000
33 81 0.500000
33 83 0.500000
33 84 0.500000
33 85 0.500000
33 87 0.500000
33 92 0.500000
33 102 0.500000
33 105 0.500000
33 106 0.500000
33 112 0.500000
33 126 0.500000
33 142 0.500000
33 147 0.500000
33 150 0.500000
33 156 0.500000
33 160 0.500000
34 41 0.500000
34 42 0.500000
34 45 0.500000
34 50 0.500000
34 56 0.500000
34 61 0.500000
34 65 0.500000
34 67 0.500000
34 77 0.500000
34 80 0.500000
34 84 0.500000
34 86 0.500000
34 87 0.500000
34 90 0.500000
34 93 0.500000
34 100 0.500000
34 101 0.500000
34 106 0.500000
34 107 0.500000
34 108 0.500000
34 112 0.500000
34 116 0.500000
34 117 0.500000
34 121 0.500000
34 125 0.500000
34 127 0.500000
34 133 0.500000
34 136 0.500000
34 138 0.500000
34 141 0.500000
34 154 0.500000
34 157 0.500000
35 37 0.500000
35 40 0.500000
35 42 0.500000
35 43 0.500000
35 47 0.500000
35 55 0.500000
35 56 0.500000
35 57 0.500000
35 59 0.500000
35 62 0.500000
35 65 0.500000
35 67 0.500000
35 69 0.500000
35 76 0.500000
35 78 0.500000
35 80 0.500000
35 81 0.500000
35 84 0.500000
35 85 0.500000
35 86 0.500000
35 87 0.500000
35 89 0.500000
35 93 0.500000
35 96 0.500000
35 104 0.500000
35 107 0.500000
35 110 0.500000
35 115 0.500000
35 120 0.500000
35 126 0.500000
35 128 0.500000
35 130 0.500000
35 137 0.500000
35 140 0.500000
35 149 0.500000
35 151 0.500000
35 157 0.500000
36 43 0.500000
36 53 0.500000
36 57 0.500000
36 59 0.500000
36 65 0.500000
36 68 0.500000
36 69 0.500000
36 70 0.500000
36 71 0.500000
36 72 0.500000
36 76 0.500000
36 82 0.500000
36 85 0.500000
36 92 0.500000
36 95 0.500000
36 97 0.500000
36 104 0.500000
36 115 0.500000
36 125 0.500000
36 127 0.500000
36 132 0.500000
36 135 0.500000
36 140 0.500000
36 151 0.500000
36 153 0.500000
36 160 0.500000
37 38 0.500000
37 39 0.500000
37 40 0.500000
37 42 0.500000
37 47 0.500000
37 48 0.500000
37 57 0.500000
37 59 0.500000
37 61 0.500000
37 73 0.500000
37 83 0.500000
37 96 0.500000
37 108 0.500000
37 111 0.500000
37 115 0.500000
37 116 0.500000
37 120 0.500000
37 121 0.500000
37 128 0.500000
37 132 0.500000
37 138 0.500000
37 139 0.500000
37 144 0.500000
37 146 0.500000
37 150 0.500000
37 152 0.500000
37 154 0.500000
37 155 0.500000
37 156 0.500000
37 157 0.500000
37 158 0.500000
37 159 0.500000
38 41 0.500000
38 43 0.500000
38 46 0.500000
38 50 0.500000
38 51 0.500000
38 58 0.500000
38 64 0.500000
38 70 0.500000
38 71 0.500000
38 78 0.500000
38 79 0.500000
38 84 0.500000
38 85 0.500000
38 86 0.500000
38 88 0.500000
38 90 0.500000
38 108 0.500000
38 110 0.500000
38 117 0.500000
38 129 0.500000
38 130 0.500000
38 135 0.500000
38 141 0.500000
38 150 0.500000
38 155 0.500000
38 157 0.500000
38 160 0.500000
39 48 0.500000
39 51 0.500000
39 58 0.500000
39 60 0.500000
39 67 0.500000
39 69 0.500000
39 70 0.500000
39 76 0.500000
39 78 0.500000
39 84 0.500000
39 89 0.500000
39 90 0.500000
39 102 0.500000
39 103 0.500000
39 105 0.500000
39 110 0.500000
39 114 0.500000
39 116 0.500000
39 118 0.500000
39 120 0.500000
39 125 0.500000
39 134 0.500000
39 135 0.500000
39 136 0.500000
39 138 0.500000
39 139 0.500000
39 140 0.500000
39 141 0.500000
39 143 0.500000
39 146 0.500000
39 149 0.500000
40 41 0.500000
40 45 0.500000
40 46 0.500000
40 53 0.500000
40 56 0.500000
40 59 0.500000
40 66 0.500000
40 68 0.500000
40 73 0.500000
40 74 0.500000
40 82 0.500000
40 87 0.500000
40 89 0.500000
40 92 0.500000
40 93 0.500000
40 94 0.500000
40 126 0.500000
40 129 0.500000
40 130 0.500000
40 131 0.500000
40 133 0.500000
40 135 0.500000
40 145 0.500000
40 149 0.500000
40 151 0.500000
40 152 0.500000
40 153 0.500000
40 160 0.500000
41 47 0.500000
41 51 0.500000
41 53 0.500000
41 55 0.500000
41 67 0.500000
41 68 0.500000
41 70 0.500000
41 75 0.500000
41 77 0.500000
41 89 0.500000
41 91 0.500000
41 110 0.500000
41 111 0.500000
41 112 0.500000
41 116 0.500000
41 118 0.500000
41 123 0.500000
41 124 0.500000
41 129 0.500000
41 135 0.500000
41 138 0.500000
41 139 0.500000
41 144 0.500000
41 146 0.500000
41 147 0.500000
41 148 0.500000
41 150 0.500000
41 156 0.500000
41 159 0.500000
42 54 0.500000
42 56 0.500000
42 60 0.500000
42 62 0.500000
42 65 0.500000
42 69 0.500000
42 75 0.500000
42 84 0.500000
42 89 0.500000
42 93 0.500000
42 95 0.500000
42 97 0.500000
42 98 0.500000
42 109 0.500000
42 110 0.500000
42 112 0.500000
42 113 0.500000
42 118 0.500000
42 119 0.500000
42 128 0.500000
42 133 0.500000
42 142 0.500000
42 144 0.500000
42 145 0.500000
42 153 0.500000
42 155 0.500000
42 156 0.500000
43 46 0.500000
43 48 0.500000
43 50 0.500000
43 53 0.500000
43 54 0.500000
43 57 0.500000
43 59 0.500000
43 60 0.500000
43 62 0.500000
43 68 0.500000
43 73 0.500000
43 80 0.500000
43 88 0.500000
43 90 0.500000
43 91 0.500000
43 97 0.500000
43 101 0.500000
43 102 0.500000
43 108 0.500000
43 110 0.500000
43 122 0.500000
43 138 0.500000
43 144 0.500000
43 146 0.500000
43 151 0.500000
43 154 0.500000
44 54 0.500000
44 71 0.500000
44 72 0.500000
44 74 0.500000
44 75 0.500000
44 76 0.500000
44 92 0.500000
44 95 0.500000
44 97 0.500000
44 100 0.500000
44 101 0.500000
44 104 0.500000
44 105 0.500000
44 106 0.500000
44 108 0.500000
44 111 0.500000
44 112 0.500000
44 114 0.500000
44 118 0.500000
44 120 0.500000
44 121 0.500000
44 122 0.500000
44 134 0.500000
44 147 0.500000
44 149 0.500000
44 154 0.500000
44 155 0.500000
44 158 0.500000
44 160 0.500000
45 49 0.500000
45 50 0.500000
45 55 0.500000
45 56 0.500000
45 57 0.500000
45 58 0.500000
45 64 0.500000
45 67 0.500000
45 76 0.500000
45 98 0.500000
45 99 0.500000
45 101 0.500000
45 119 0.500000
45 120 0.500000
45 121 0.500000
45 123 0.500000
45 125 0.500000
45 128 0.500000
45 130 0.500000
45 131 0.500000
45 134 0.500000
45 137 0.500000
45 138 0.500000
45 156 0.500000
46 52 0.500000
46 55 0.500000
46 63 0.500000
46 68 0.500000
46 71 0.500000
46 73 0.500000
46 82 0.500000
46 83 0.500000
46 89 0.500000
46 92 0.500000
46 93 0.500000
46 94 0.500000
46 100 0.500000
46 108 0.500000
46 110 0.500000
46 114 0.500000
46 126 0.500000
46 130 0.500000
46 133 0.500000
46 135 0.500000
46 138 0.500000
46 140 0.500000
46 150 0.500000
46 151 0.500000
46 153 0.500000
46 155 0.500000
46 158 0.500000
46 160 0.500000
47 49 0.500000
47 55 0.500000
47 65 0.500000
47 72 0.500000
47 76 0.500000
47 79 0.500000
47 80 0.500000
47 81 0.500000
47 85 0.500000
47 95 0.500000
47 96 0.500000
47 100 0.500000
47 106 0.500000
47 107 0.500000
47 112 0.500000
47 115 0.500000
47 118 0.500000
47 122 0.500000
47 127 0.500000
47 128 0.500000
47 131 0.500000
47 132 0.500000
47 134 0.500000
47 138 0.500000
47 142 0.500000
47 146 0.500000
47 152 0.500000
47 156 0.500000
47 157 0.500000
48 52 0.500000
48 55 0.500000
48 63 0.500000
48 67 0.500000
48 83 0.500000
48 84 0.500000
48 106 0.500000
48 107 0.500000
48 109 0.500000
48 111 0.500000
48 112 0.500000
48 119 0.500000
48 120 0.500000
48 126 0.500000
48 134 0.500000
48 139 0.500000
48 141 0.500000
48 144 0.500000
48 145 0.500000
48 147 0.500000
48 153 0.500000
48 158 0.500000
49 53 0.500000
49 56 0.500000
49 61 0.500000
49 65 0.500000
49 66 0.500000
49 72 0.500000
49 75 0.500000
49 79 0.500000
49 82 0.500000
49 86 0.500000
49 88 0.500000
49 89 0.500000
49 95 0.500000
49 98 0.500000
49 108 0.500000
49 109 0.500000
49 117 0.500000
49 119 0.500000
49 121 0.500000
49 131 0.500000
49 132 0.500000
49 133 0.500000
49 134 0.500000
49 136 0.500000
49 141 0.500000
49 144 0.500000
49 146 0.500000
49 155 0.500000
49 156 0.500000
50 54 0.500000
50 65 0.500000
50 72 0.500000
50 75 0.500000
50 77 0.500000
50 79 0.500000
50 80 0.500000
50 81 0.500000
50 82 0.500000
50 83 0.500000
50 90 0.500000
50 95 0.500000
50 96 0.500000
50 101 0.500000
50 106 0.500000
50 107 0.500000
50 109 0.500000
50 111 0.500000
50 118 0.500000
50 124 0.500000
50 125 0.500000
50 127 0.500000
50 130 0.500000
50 153 0.500000
50 154 0.500000
50 156 0.500000
50 158 0.500000
50 160 0.500000
51 52 0.500000
51 58 0.500000
51 59 0.500000
51 64 0.500000
51 72 0.500000
51 77 0.500000
51 81 0.500000
51 88 0.500000
51 89 0.500000
51 94 0.500000
51 95 0.500000
51 101 0.500000
51 115 0.500000
51 120 0.500000
51 134 0.500000
51 137 0.500000
52 60 0.500000
52 68 0.500000
52 73 0.500000
52 93 0.500000
52 96 0.500000
52 98 0.500000
52 100 0.500000
52 102 0.500000
52 105 0.500000
52 110 0.500000
52 111 0.500000
52 118 0.500000
52 119 0.500000
52 121 0.500000
52 134 0.500000
52 136 0.500000
52 142 0.500000
52 143 0.500000
52 145 0.500000
52 146 0.500000
52 148 0.500000
52 150 0.500000
52 151 0.500000
52 155 0.500000
52 157 0.500000
52 158 0.500000
53 54 0.500000
53 61 0.500000
53 62 0.500000
53 66 0.500000
53 71 0.500000
53 72 0.500000
53 80 0.500000
53 83 0.500000
53 86 0.500000
53 89 0.500000
53 94 0.500000
53 97 0.500000
53 102 0.500000
53 106 0.500000
53 107 0.500000
53 109 0.500000
53 110 0.500000
53 115 0.500000
53 116 0.500000
53 121 0.500000
53 125 0.500000
53 127 0.500000
53 132 0.500000
53 135 0.500000
53 137 0.500000
53 138 0.500000
53 145 0.500000
53 148 0.500000
53 149 0.500000
53 151 0.500000
53 152 0.500000
53 153 0.500000
53 158 0.500000
53 159 0.500000
53 160 0.500000
54 55 0.500000
54 56 0.500000
54 63 0.500000
54 70 0.500000
54 83 0.500000
54 86 0.500000
54 99 0.500000
54 100 0.500000
54 101 0.500000
54 103 0.500000
54 107 0.500000
54 114 0.500000
54 119 0.500000
54 125 0.500000
54 130 0.500000
54 133 0.500000
54 145 0.500000
54 149 0.500000
54 155 0.500000
55 60 0.500000
55 64 0.500000
55 65 0.500000
55 72 0.500000
55 80 0.500000
55 88 0.500000
55 89 0.500000
55 93 0.500000
55 95 0.500000
55 96 0.500000
55 97 0.500000
55 98 0.500000
55 103 0.500000
55 109 0.500000
55 113 0.500000
55 120 0.500000
55 123 0.500000
55 124 0.500000
55 134 0.500000
55 136 0.500000
55 138 0.500000
55 139 0.500000
55 140 0.500000
55 149 0.500000
55 156 0.500000
55 157 0.500000
55 158 0.500000
56 57 0.500000
56 60 0.500000
56 62 0.500000
56 74 0.500000
56 77 0.500000
56 79 0.500000
56 83 0.500000
56 89 0.500000
56 92 0.500000
56 93 0.500000
56 94 0.500000
56 100 0.500000
56 105 0.500000
56 110 0.500000
56 114 0.500000
56 117 0.500000
56 123 0.500000
56 126 0.500000
56 130 0.500000
56 133 0.500000
56 134 0.500000
56 136 0.500000
56 141 0.500000
56 145 0.500000
56 152 0.500000
56 156 0.500000
56 160 0.500000
57 63 0.500000
57 65 0.500000
57 66 0.500000
57 74 0.500000
57 79 0.500000
57 80 0.500000
57 86 0.500000
57 91 0.500000
57 92 0.500000
57 96 0.500000
57 101 0.500000
57 104 0.500000
57 110 0.500000
57 114 0.500000
57 115 0.500000
57 120 0.500000
57 123 0.500000
57 126 0.500000
57 129 0.500000
57 130 0.500000
57 131 0.500000
57 140 0.500000
57 144 0.500000
57 156 0.500000
57 158 0.500000
57 160 0.500000
58 59 0.500000
58 65 0.500000
58 70 0.500000
58 82 0.500000
58 83 0.500000
58 87 0.500000
58 93 0.500000
58 95 0.500000
58 97 0.500000
58 98 0.500000
58 103 0.500000
58 104 0.500000
58 105 0.500000
58 107 0.500000
58 108 0.500000
58 113 0.500000
58 116 0.500000
58 118 0.500000
58 119 0.500000
58 120 0.500000
58 123 0.500000
58 124 0.500000
58 125 0.500000
58 126 0.500000
58 127 0.500000
58 128 0.500000
58 130 0.500000
58 131 0.500000
58 132 0.500000
58 135 0.500000
58 136 0.500000
58 151 0.500000
58 158 0.500000
59 61 0.500000
59 65 0.500000
59 77 0.500000
59 80 0.500000
59 85 0.500000
59 92 0.500000
59 94 0.500000
59 96 0.500000
59 97 0.500000
59 101 0.500000
59 102 0.500000
59 109 0.500000
59 111 0.500000
59 116 0.500000
59 121 0.500000
59 123 0.500000
59 125 0.500000
59 126 0.500000
59 127 0.500000
59 134 0.500000
59 135 0.500000
59 143 0.500000
59 148 0.500000
59 153 0.500000
59 155 0.500000
59 160 0.500000
60 62 0.500000
60 63 0.500000
60 65 0.500000
60 66 0.500000
60 67 0.500000
60 68 0.500000
60 71 0.500000
60 73 0.500000
60 83 0.500000
60 87 0.500000
60 88 0.500000
60 90 0.500000
60 93 0.500000
60 98 0.500000
60 102 0.500000
60 103 0.500000
60 109 0.500000
60 113 0.500000
60 114 0.500000
60 117 0.500000
60 122 0.500000
60 124 0.500000
60 128 0.500000
60 130 0.500000
60 140 0.500000
60 141 0.500000
60 142 0.500000
60 144 0.500000
60 155 0.500000
60 158 0.500000
60 160 0.500000
61 62 0.500000
61 64 0.500000
61 73 0.500000
61 77 0.500000
61 78 0.500000
61 89 0.500000
61 94 0.500000
61 95 0.500000
61 104 0.500000
61 108 0.500000
61 109 0.500000
61 112 0.500000
61 120 0.500000
61 123 0.500000
61 124 0.500000
61 129 0.500000
61 130 0.500000
61 137 0.500000
61 143 0.500000
61 147 0.500000
61 150 0.500000
61 153 0.500000
61 157 0.500000
62 66 0.500000
62 68 0.500000
62 77 0.500000
62 80 0.500000
62 84 0.500000
62 90 0.500000
62 93 0.500000
62 95 0.500000
62 102 0.500000
62 103 0.500000
62 105 0.500000
62 106 0.500000
62 109 0.500000
62 114 0.500000
62 117 0.500000
62 119 0.500000
62 125 0.500000
62 129 0.500000
62 131 0.500000
62 141 0.500000
63 65 0.500000
63 71 0.500000
63 76 0.500000
63 78 0.500000
63 88 0.500000
63 89 0.500000
63 95 0.500000
63 102 0.500000
63 107 0.500000
63 108 0.500000
63 115 0.500000
63 119 0.500000
63 120 0.500000
63 123 0.500000
63 124 0.500000
63 126 0.500000
63 127 0.500000
63 128 0.500000
63 135 0.500000
63 139 0.500000
63 141 0.500000
63 143 0.500000
63 148 0.500000
63 154 0.500000
63 156 0.500000
64 69 0.500000
64 70 0.500000
64 83 0.500000
64 92 0.500000
64 100 0.500000
64 103 0.500000
64 104 0.500000
64 111 0.500000
64 121 0.500000
64 123 0.500000
64 129 0.500000
64 136 0.500000
64 137 0.500000
64 140 0.500000
64 141 0.500000
64 142 0.500000
64 144 0.500000
64 147 0.500000
64 153 0.500000
64 157 0.500000
64 158 0.500000
65 67 0.500000
65 79 0.500000
65 81 0.500000
65 90 0.500000
65 96 0.500000
65 97 0.500000
65 101 0.500000
65 102 0.500000
65 103 0.500000
65 106 0.500000
65 107 0.500000
65 115 0.500000
65 116 0.500000
65 118 0.500000
65 126 0.500000
65 130 0.500000
65 131 0.500000
65 132 0.500000
65 133 0.500000
65 136 0.500000
65 149 0.500000
65 150 0.500000
65 151 0.500000
66 67 0.500000
66 76 0.500000
66 84 0.500000
66 93 0.500000
66 94 0.500000
66 101 0.500000
66 105 0.500000
66 109 0.500000
66 110 0.500000
66 119 0.500000
66 130 0.500000
66 134 0.500000
66 137 0.500000
66 143 0.500000
66 145 0.500000
66 151 0.500000
66 154 0.500000
66 155 0.500000
66 156 0.500000
67 68 0.500000
67 71 0.500000
67 72 0.500000
67 75 0.500000
67 77 0.500000
67 79 0.500000
67 81 0.500000
67 83 0.500000
67 94 0.500000
67 96 0.500000
67 97 0.500000
67 99 0.500000
67 100 0.500000
67 101 0.500000
67 106 0.500000
67 109 0.500000
67 112 0.500000
67 113 0.500000
67 119 0.500000
67 120 0.500000
67 122 0.500000
67 126 0.500000
67 129 0.500000
67 139 0.500000
67 145 0.500000
67 156 0.500000
67 157 0.500000
67 159 0.500000
68 70 0.500000
68 72 0.500000
68 78 0.500000
68 83 0.500000
68 87 0.500000
68 91 0.500000
68 92 0.500000
68 94 0.500000
68 100 0.500000
68 102 0.500000
68 105 0.500000
68 110 0.500000
68 112 0.500000
68 113 0.500000
68 114 0.500000
68 116 0.500000
68 121 0.500000
68 127 0.500000
68 132 0.500000
68 140 0.500000
68 145 0.500000
68 148 0.500000
68 160 0.500000
69 70 0.500000
69 72 0.500000
69 78 0.500000
69 80 0.500000
69 83 0.500000
69 91 0.500000
69 92 0.500000
69 98 0.500000
69 99 0.500000
69 108 0.500000
69 111 0.500000
69 113 0.500000
69 118 0.500000
69 122 0.500000
69 128 0.500000
69 134 0.500000
69 135 0.500000
69 143 0.500000
69 152 0.500000
69 153 0.500000
69 156 0.500000
70 71 0.500000
70 78 0.500000
70 84 0.500000
70 89 0.500000
70 92 0.500000
70 109 0.500000
70 114 0.500000
70 116 0.500000
70 119 0.500000
70 123 0.500000
70 126 0.500000
70 138 0.500000
70 142 0.500000
70 144 0.500000
70 145 0.500000
70 149 0.500000
71 73 0.500000
71 77 0.500000
71 84 0.500000
71 89 0.500000
71 92 0.500000
71 95 0.500000
71 97 0.500000
71 101 0.500000
71 106 0.500000
71 110 0.500000
71 111 0.500000
71 116 0.500000
71 126 0.500000
71 135 0.500000
71 137 0.500000
71 140 0.500000
71 147 0.500000
71 149 0.500000
71 150 0.500000
71 154 0.500000
71 160 0.500000
72 76 0.500000
72 85 0.500000
72 86 0.500000
72 89 0.500000
72 90 0.500000
72 91 0.500000
72 95 0.500000
72 99 0.500000
72 124 0.500000
72 127 0.500000
72 129 0.500000
72 130 0.500000
72 143 0.500000
72 145 0.500000
72 146 0.500000
72 152 0.500000
72 159 0.500000
73 74 0.500000
73 77 0.500000
73 81 0.500000
73 87 0.500000
73 89 0.500000
73 90 0.500000
73 93 0.500000
73 95 0.500000
73 98 0.500000
73 99 0.500000
73 106 0.500000
73 111 0.500000
73 118 0.500000
73 124 0.500000
73 126 0.500000
73 133 0.500000
73 134 0.500000
73 143 0.500000
73 148 0.500000
73 151 0.500000
73 153 0.500000
73 154 0.500000
73 155 0.500000
74 76 0.500000
74 83 0.500000
74 86 0.500000
74 88 0.500000
74 103 0.500000
74 104 0.500000
74 105 0.500000
74 108 0.500000
74 120 0.500000
74 121 0.500000
74 125 0.500000
74 130 0.500000
74 131 0.500000
74 132 0.500000
74 138 0.500000
74 143 0.500000
74 152 0.500000
74 157 0.500000
74 158 0.500000
75 76 0.500000
75 78 0.500000
75 81 0.500000
75 82 0.500000
75 86 0.500000
75 88 0.500000
75 89 0.500000
75 93 0.500000
75 95 0.500000
75 105 0.500000
75 107 0.500000
75 120 0.500000
75 122 0.500000
75 126 0.500000
75 128 0.500000
75 135 0.500000
75 138 0.500000
75 144 0.500000
75 147 0.500000
75 153 0.500000
75 156 0.500000
75 159 0.500000
76 79 0.500000
76 81 0.500000
76 90 0.500000
76 101 0.500000
76 102 0.500000
76 104 0.500000
76 109 0.500000
76 110 0.500000
76 113 0.500000
76 115 0.500000
76 116 0.500000
76 119 0.500000
76 122 0.500000
76 123 0.500000
76 129 0.500000
76 133 0.500000
76 134 0.500000
76 135 0.500000
76 138 0.500000
76 142 0.500000
76 143 0.500000
76 145 0.500000
76 150 0.500000
76 151 0.500000
76 152 0.500000
76 160 0.500000
77 84 0.500000
77 90 0.500000
77 97 0.500000
77 99 0.500000
77 104 0.500000
77 106 0.500000
77 107 0.500000
77 110 0.500000
77 114 0.500000
77 115 0.500000
77 116 0.500000
77 123 0.500000
77 124 0.500000
77 128 0.500000
77 136 0.500000
77 138 0.500000
77 143 0.500000
77 149 0.500000
77 151 0.500000
77 152 0.500000
77 154 0.500000
77 159 0.500000
78 80 0.500000
78 83 0.500000
78 89 0.500000
78 98 0.500000
78 99 0.500000
78 103 0.500000
78 106 0.500000
78 111 0.500000
78 114 0.500000
78 116 0.500000
78 119 0.500000
78 122 0.500000
78 124 0.500000
78 131 0.500000
78 132 0.500000
78 139 0.500000
78 145 0.500000
78 153 0.500000
78 157 0.500000
79 86 0.500000
79 87 0.500000
79 89 0.500000
79 100 0.500000
79 102 0.500000
79 103 0.500000
79 106 0.500000
79 110 0.500000
79 111 0.500000
79 113 0.500000
79 114 0.500000
79 116 0.500000
79 118 0.500000
79 123 0.500000
79 126 0.500000
79 138 0.500000
79 140 0.500000
79 141 0.500000
79 145 0.500000
79 146 0.500000
80 85 0.500000
80 86 0.500000
80 88 0.500000
80 99 0.500000
80 115 0.500000
80 121 0.500000
80 123 0.500000
80 126 0.500000
80 127 0.500000
80 143 0.500000
80 155 0.500000
80 158 0.500000
81 82 0.500000
81 83 0.500000
81 94 0.500000
81 99 0.500000
81 107 0.500000
81 110 0.500000
81 112 0.500000
81 113 0.500000
81 115 0.500000
81 117 0.500000
81 130 0.500000
81 133 0.500000
81 134 0.500000
81 136 0.500000
81 145 0.500000
81 151 0.500000
82 88 0.500000
82 92 0.500000
82 98 0.500000
82 102 0.500000
82 105 0.500000
82 113 0.500000
82 118 0.500000
82 121 0.500000
82 126 0.500000
82 128 0.500000
82 130 0.500000
82 132 0.500000
82 134 0.500000
82 136 0.500000
82 140 0.500000
82 145 0.500000
82 146 0.500000
82 149 0.500000
82 151 0.500000
82 157 0.500000
83 84 0.500000
83 87 0.500000
83 95 0.500000
83 100 0.500000
83 102 0.500000
83 104 0.500000
83 110 0.500000
83 112 0.500000
83 119 0.500000
83 127 0.500000
83 136 0.500000
83 139 0.500000
83 140 0.500000
83 148 0.500000
83 150 0.500000
83 152 0.500000
83 154 0.500000
84 86 0.500000
84 97 0.500000
84 99 0.500000
84 100 0.500000
84 102 0.500000
84 105 0.500000
84 110 0.500000
84 111 0.500000
84 113 0.500000
84 116 0.500000
84 121 0.500000
84 126 0.500000
84 129 0.500000
84 133 0.500000
84 140 0.500000
84 141 0.500000
84 149 0.500000
84 150 0.500000
84 157 0.500000
84 160 0.500000
85 86 0.500000
85 91 0.500000
85 97 0.500000
85 98 0.500000
85 102 0.500000
85 114 0.500000
85 119 0.500000
85 120 0.500000
85 121 0.500000
85 125 0.500000
85 126 0.500000
85 130 0.500000
85 131 0.500000
85 134 0.500000
85 141 0.500000
85 145 0.500000
85 147 0.500000
85 154 0.500000
85 157 0.500000
86 91 0.500000
86 95 0.500000
86 100 0.500000
86 109 0.500000
86 112 0.500000
86 116 0.500000
86 120 0.500000
86 121 0.500000
86 123 0.500000
86 134 0.500000
86 136 0.500000
86 141 0.500000
86 145 0.500000
86 147 0.500000
86 154 0.500000
86 155 0.500000
86 156 0.500000
86 158 0.500000
86 160 0.500000
87 89 0.500000
87 90 0.500000
87 91 0.500000
87 100 0.500000
87 106 0.500000
87 107 0.500000
87 115 0.500000
87 116 0.500000
87 117 0.500000
87 122 0.500000
87 125 0.500000
87 129 0.500000
87 132 0.500000
87 136 0.500000
87 137 0.500000
87 150 0.500000
87 153 0.500000
87 155 0.500000
87 157 0.500000
88 96 0.500000
88 98 0.500000
88 101 0.500000
88 106 0.500000
88 109 0.500000
88 115 0.500000
88 119 0.500000
88 122 0.500000
88 123 0.500000
88 126 0.500000
88 131 0.500000
88 134 0.500000
88 135 0.500000
88 140 0.500000
88 147 0.500000
88 151 0.500000
88 152 0.500000
89 93 0.500000
89 97 0.500000
89 99 0.500000
89 100 0.500000
89 113 0.500000
89 114 0.500000
89 117 0.500000
89 119 0.500000
89 127 0.500000
89 130 0.500000
89 133 0.500000
89 134 0.500000
89 135 0.500000
89 136 0.500000
89 141 0.500000
89 147 0.500000
89 148 0.500000
89 151 0.500000
89 153 0.500000
89 155 0.500000
90 94 0.500000
90 95 0.500000
90 98 0.500000
90 117 0.500000
90 125 0.500000
90 128 0.500000
90 130 0.500000
90 133 0.500000
90 148 0.500000
90 152 0.500000
90 153 0.500000
90 158 0.500000
90 160 0.500000
91 92 0.500000
91 94 0.500000
91 97 0.500000
91 99 0.500000
91 118 0.500000
91 121 0.500000
91 125 0.500000
91 131 0.500000
91 137 0.500000
91 138 0.500000
91 140 0.500000
91 143 0.500000
91 154 0.500000
91 160 0.500000
92 95 0.500000
92 96 0.500000
92 97 0.500000
92 98 0.500000
92 105 0.500000
92 111 0.500000
92 112 0.500000
92 117 0.500000
92 119 0.500000
92 123 0.500000
92 130 0.500000
92 131 0.500000
92 139 0.500000
92 140 0.500000
92 144 0.500000
92 147 0.500000
92 152 0.500000
92 153 0.500000
92 155 0.500000
92 157 0.500000
93 96 0.500000
93 98 0.500000
93 103 0.500000
93 108 0.500000
93 114 0.500000
93 115 0.500000
93 116 0.500000
93 124 0.500000
93 126 0.500000
93 128 0.500000
93 129 0.500000
93 131 0.500000
93 132 0.500000
93 138 0.500000
93 141 0.500000
93 144 0.500000
93 147 0.500000
93 150 0.500000
93 152 0.500000
93 154 0.500000
93 156 0.500000
93 157 0.500000
93 158 0.500000
94 95 0.500000
94 97 0.500000
94 100 0.500000
94 106 0.500000
94 111 0.500000
94 115 0.500000
94 119 0.500000
94 120 0.500000
94 124 0.500000
94 125 0.500000
94 134 0.500000
94 136 0.500000
94 137 0.500000
94 146 0.500000
94 147 0.500000
94 156 0.500000
94 157 0.500000
95 97 0.500000
95 101 0.500000
95 103 0.500000
95 107 0.500000
95 112 0.500000
95 114 0.500000
95 118 0.500000
95 129 0.500000
95 142 0.500000
95 145 0.500000
95 152 0.500000
95 154 0.500000
95 158 0.500000
95 160 0.500000
96 106 0.500000
96 107 0.500000
96 121 0.500000
96 122 0.500000
96 126 0.500000
96 128 0.500000
96 132 0.500000
96 136 0.500000
96 147 0.500000
96 148 0.500000
96 153 0.500000
96 158 0.500000
96 160 0.500000
97 98 0.500000
97 100 0.500000
97 103 0.500000
97 108 0.500000
97 114 0.500000
97 115 0.500000
97 116 0.500000
97 119 0.500000
97 123 0.500000
97 124 0.500000
97 128 0.500000
97 130 0.500000
97 133 0.500000
97 134 0.500000
97 140 0.500000
97 150 0.500000
97 151 0.500000
97 152 0.500000
97 156 0.500000
97 157 0.500000
98 105 0.500000
98 106 0.500000
98 115 0.500000
98 128 0.500000
98 133 0.500000
98 138 0.500000
98 141 0.500000
98 144 0.500000
98 149 0.500000
98 150 0.500000
98 154 0.500000
98 155 0.500000
98 156 0.500000
98 158 0.500000
98 159 0.500000
98 160 0.500000
99 100 0.500000
99 102 0.500000
99 110 0.500000
99 115 0.500000
99 117 0.500000
99 118 0.500000
99 119 0.500000
99 123 0.500000
99 131 0.500000
99 137 0.500000
99 138 0.500000
99 146 0.500000
99 148 0.500000
99 155 0.500000
99 160 0.500000
100 102 0.500000
100 103 0.500000
100 109 0.500000
100 112 0.500000
100 114 0.500000
100 117 0.500000
100 126 0.500000
100 130 0.500000
100 134 0.500000
100 142 0.500000
100 144 0.500000
100 151 0.500000
100 158 0.500000
100 160 0.500000
101 103 0.500000
101 104 0.500000
101 105 0.500000
101 106 0.500000
101 116 0.500000
101 119 0.500000
101 124 0.500000
101 134 0.500000
101 137 0.500000
101 144 0.500000
101 145 0.500000
101 146 0.500000
101 148 0.500000
101 153 0.500000
101 156 0.500000
102 109 0.500000
102 117 0.500000
102 137 0.500000
102 139 0.500000
102 146 0.500000
102 148 0.500000
102 151 0.500000
102 156 0.500000
102 157 0.500000
103 104 0.500000
103 105 0.500000
103 107 0.500000
103 109 0.500000
103 112 0.500000
103 119 0.500000
103 125 0.500000
103 127 0.500000
103 134 0.500000
103 135 0.500000
103 137 0.500000
103 140 0.500000
103 146 0.500000
103 152 0.500000
103 157 0.500000
104 105 0.500000
104 107 0.500000
104 108 0.500000
104 114 0.500000
104 115 0.500000
104 117 0.500000
104 122 0.500000
104 124 0.500000
104 125 0.500000
104 127 0.500000
104 129 0.500000
104 130 0.500000
104 142 0.500000
104 148 0.500000
104 149 0.500000
104 150 0.500000
105 106 0.500000
105 113 0.500000
105 123 0.500000
105 132 0.500000
105 143 0.500000
105 144 0.500000
105 145 0.500000
105 146 0.500000
105 147 0.500000
105 149 0.500000
105 150 0.500000
105 152 0.500000
105 155 0.500000
105 156 0.500000
106 111 0.500000
106 115 0.500000
106 118 0.500000
106 119 0.500000
106 120 0.500000
106 125 0.500000
106 127 0.500000
106 131 0.500000
106 132 0.500000
106 135 0.500000
106 143 0.500000
106 144 0.500000
106 147 0.500000
106 148 0.500000
106 151 0.500000
106 152 0.500000
106 156 0.500000
107 108 0.500000
107 113 0.500000
107 114 0.500000
107 121 0.500000
107 132 0.500000
107 138 0.500000
107 145 0.500000
107 146 0.500000
107 147 0.500000
107 155 0.500000
107 156 0.500000
107 158 0.500000
107 159 0.500000
108 110 0.500000
108 111 0.500000
108 113 0.500000
108 124 0.500000
108 129 0.500000
108 130 0.500000
108 131 0.500000
108 136 0.500000
108 144 0.500000
108 146 0.500000
108 149 0.500000
108 150 0.500000
108 153 0.500000
108 155 0.500000
109 110 0.500000
109 116 0.500000
109 120 0.500000
109 123 0.500000
109 124 0.500000
109 125 0.500000
109 128 0.500000
109 137 0.500000
109 139 0.500000
109 142 0.500000
109 143 0.500000
109 152 0.500000
109 154 0.500000
109 155 0.500000
109 157 0.500000
109 158 0.500000
110 114 0.500000
110 115 0.500000
110 119 0.500000
110 120 0.500000
110 122 0.500000
110 133 0.500000
110 135 0.500000
110 136 0.500000
110 137 0.500000
110 139 0.500000
110 141 0.500000
110 142 0.500000
110 149 0.500000
110 151 0.500000
110 154 0.500000
110 156 0.500000
110 160 0.500000
111 127 0.500000
111 134 0.500000
111 137 0.500000
111 139 0.500000
111 142 0.500000
111 143 0.500000
111 144 0.500000
111 148 0.500000
111 149 0.500000
111 152 0.500000
111 159 0.500000
112 115 0.500000
112 116 0.500000
112 119 0.500000
112 129 0.500000
112 132 0.500000
112 135 0.500000
112 141 0.500000
112 144 0.500000
112 146 0.500000
112 153 0.500000
112 154 0.500000
112 158 0.500000
113 115 0.500000
113 118 0.500000
113 119 0.500000
113 120 0.500000
113 123 0.500000
113 126 0.500000
113 129 0.500000
113 133 0.500000
113 135 0.500000
113 136 0.500000
113 137 0.500000
113 140 0.500000
113 141 0.500000
113 143 0.500000
113 149 0.500000
113 153 0.500000
113 159 0.500000
114 116 0.500000
114 117 0.500000
114 126 0.500000
114 127 0.500000
114 132 0.500000
114 137 0.500000
114 141 0.500000
114 142 0.500000
114 148 0.500000
114 153 0.500000
114 154 0.500000
114 159 0.500000
115 120 0.500000
115 126 0.500000
115 128 0.500000
115 129 0.500000
115 134 0.500000
115 143 0.500000
115 144 0.500000
115 151 0.500000
116 117 0.500000
116 118 0.500000
116 122 0.500000
116 125 0.500000
116 131 0.500000
116 137 0.500000
116 139 0.500000
116 140 0.500000
116 141 0.500000
116 146 0.500000
116 149 0.500000
116 154 0.500000
116 155 0.500000
116 159 0.500000
116 160 0.500000
117 118 0.500000
117 128 0.500000
117 135 0.500000
117 139 0.500000
117 140 0.500000
117 144 0.500000
117 150 0.500000
117 155 0.500000
117 160 0.500000
118 120 0.500000
118 122 0.500000
118 125 0.500000
118 126 0.500000
118 128 0.500000
118 133 0.500000
118 135 0.500000
118 137 0.500000
118 138 0.500000
118 139 0.500000
118 150 0.500000
118 152 0.500000
118 156 0.500000
118 159 0.500000
119 121 0.500000
119 126 0.500000
119 129 0.500000
119 134 0.500000
119 137 0.500000
119 138 0.500000
119 142 0.500000
119 145 0.500000
119 147 0.500000
119 152 0.500000
119 154 0.500000
120 123 0.500000
120 124 0.500000
120 130 0.500000
120 139 0.500000
120 144 0.500000
120 147 0.500000
120 152 0.500000
120 153 0.500000
121 122 0.500000
121 127 0.500000
121 130 0.500000
121 136 0.500000
121 137 0.500000
121 145 0.500000
121 149 0.500000
121 154 0.500000
121 155 0.500000
121 157 0.500000
121 158 0.500000
122 126 0.500000
122 128 0.500000
122 129 0.500000
122 133 0.500000
122 136 0.500000
122 140 0.500000
122 148 0.500000
122 149 0.500000
122 152 0.500000
122 157 0.500000
122 160 0.500000
123 124 0.500000
123 125 0.500000
123 127 0.500000
123 131 0.500000
123 133 0.500000
123 138 0.500000
123 140 0.500000
123 141 0.500000
123 142 0.500000
123 144 0.500000
123 152 0.500000
123 154 0.500000
123 159 0.500000
124 128 0.500000
124 130 0.500000
124 139 0.500000
124 140 0.500000
124 144 0.500000
124 145 0.500000
124 149 0.500000
124 155 0.500000
124 156 0.500000
124 159 0.500000
125 129 0.500000
125 130 0.500000
125 137 0.500000
125 139 0.500000
125 141 0.500000
125 144 0.500000
125 147 0.500000
125 156 0.500000
125 160 0.500000
126 131 0.500000
126 139 0.500000
126 140 0.500000
126 144 0.500000
126 148 0.500000
126 149 0.500000
126 150 0.500000
126 154 0.500000
126 155 0.500000
126 160 0.500000
127 132 0.500000
127 133 0.500000
127 145 0.500000
127 146 0.500000
127 150 0.500000
127 158 0.500000
128 132 0.500000
128 133 0.500000
128 136 0.500000
128 140 0.500000
128 147 0.500000
128 148 0.500000
128 149 0.500000
128 150 0.500000
128 151 0.500000
128 153 0.500000
128 155 0.500000
128 156 0.500000
129 132 0.500000
129 156 0.500000
129 158 0.500000
129 159 0.500000
130 133 0.500000
130 135 0.500000
130 138 0.500000
130 141 0.500000
130 144 0.500000
130 145 0.500000
130 148 0.500000
130 150 0.500000
130 152 0.500000
130 153 0.500000
130 155 0.500000
130 156 0.500000
131 138 0.500000
131 140 0.500000
131 141 0.500000
131 142 0.500000
131 143 0.500000
131 148 0.500000
131 149 0.500000
131 150 0.500000
131 152 0.500000
132 140 0.500000
132 141 0.500000
132 145 0.500000
132 146 0.500000
132 147 0.500000
132 151 0.500000
133 134 0.500000
133 139 0.500000
133 142 0.500000
133 145 0.500000
133 147 0.500000
133 148 0.500000
133 152 0.500000
133 154 0.500000
133 158 0.500000
134 136 0.500000
134 139 0.500000
134 140 0.500000
134 141 0.500000
134 144 0.500000
134 145 0.500000
134 155 0.500000
135 136 0.500000
135 143 0.500000
135 147 0.500000
135 148 0.500000
135 149 0.500000
135 150 0.500000
135 153 0.500000
135 155 0.500000
136 137 0.500000
136 138 0.500000
136 139 0.500000
136 144 0.500000
136 148 0.500000
136 149 0.500000
137 138 0.500000
137 143 0.500000
137 146 0.500000
137 148 0.500000
137 153 0.500000
137 158 0.500000
138 140 0.500000
138 141 0.500000
138 143 0.500000
138 146 0.500000
138 149 0.500000
138 150 0.500000
139 142 0.500000
139 148 0.500000
139 149 0.500000
139 151 0.500000
139 153 0.500000
139 156 0.500000
139 157 0.500000
140 144 0.500000
140 145 0.500000
140 149 0.500000
140 150 0.500000
140 153 0.500000
141 148 0.500000
141 150 0.500000
141 154 0.500000
142 146 0.500000
142 148 0.500000
142 152 0.500000
142 154 0.500000
142 159 0.500000
143 145 0.500000
143 148 0.500000
143 155 0.500000
143 156 0.500000
144 145 0.500000
144 151 0.500000
144 154 0.500000
144 155 0.500000
144 156 0.500000
144 159 0.500000
144 160 0.500000
145 150 0.500000
145 154 0.500000
145 157 0.500000
145 159 0.500000
145 160 0.500000
146 147 0.500000
146 157 0.500000
147 155 0.500000
148 149 0.500000
148 152 0.500000
148 158 0.500000
148 159 0.500000
149 152 0.500000
149 153 0.500000
149 158 0.500000
150 151 0.500000
150 154 0.500000
150 155 0.500000
150 157 0.500000
150 158 0.500000
151 152 0.500000
151 157 0.500000
153 155 0.500000
153 156 0.500000
154 158 0.500000
156 157 0.500000
157 160 0.500000
158 160 0.500000
