160 80 3180
1 2 0.500000
1 5 0.500000
1 12 0.500000
1 14 0.500000
1 17 0.500000
1 20 0.500000
1 23 0.500000
1 26 0.500000
1 29 0.500000
1 30 0.500000
1 54 0.500000
1 62 0.500000
1 68 0.500000
1 70 0.500000
1 71 0.500000
1 73 0.500000
1 81 0.500000
1 86 0.500000
1 88 0.500000
1 90 0.500000
1 93 0.500000
1 98 0.500000
1 102 0.500000
1 109 0.500000
1 112 0.500000
1 115 0.500000
1 120 0.500000
1 122 0.500000
1 125 0.500000
1 126 0.500000
1 129 0.500000
1 133 0.500000
1 134 0.500000
1 135 0.500000
1 138 0.500000
1 148 0.500000
1 151 0.500000
1 160 0.500000
2 9 0.500000
2 16 0.500000
2 18 0.500000
2 19 0.500000
2 30 0.500000
2 37 0.500000
2 41 0.500000
2 47 0.500000
2 55 0.500000
2 66 0.500000
2 70 0.500000
2 76 0.500000
2 78 0.500000
2 90 0.500000
2 92 0.500000
2 94 0.500000
2 101 0.500000
2 106 0.500000
2 121 0.500000
2 127 0.500000
2 128 0.500000
2 130 0.500000
2 131 0.500000
2 133 0.500000
2 135 0.500000
2 137 0.500000
2 139 0.500000
2 141 0.500000
2 148 0.500000
2 151 0.500000
2 152 0.500000
2 155 0.500000
2 156 0.500000
2 158 0.500000
2 159 0.500000
3 4 0.500000
3 7 0.500000
3 10 0.500000
3 13 0.500000
3 24 0.500000
3 26 0.500000
3 27 0.500000
3 37 0.500000
3 41 0.500000
3 45 0.500000
3 49 0.500000
3 50 0.500000
3 54 0.500000
3 56 0.500000
3 62 0.500000
3 63 0.500000
3 66 0.500000
3 67 0.500000
3 68 0.500000
3 74 0.500000
3 82 0.500000
3 83 0.500000
3 87 0.500000
3 96 0.500000
3 101 0.500000
3 105 0.500000
3 106 0.500000
3 117 0.500000
3 120 0.500000
3 125 0.500000
3 127 0.500000
3 130 0.500000
3 131 0.500000
3 135 0.500000
3 137 0.500000
3 138 0.500000
3 139 0.500000
3 142 0.500000
3 143 0.500000
3 144 0.500000
3 154 0.500000
3 158 0.500000
3 159 0.500000
4 10 0.500000
4 12 0.500000
4 13 0.500000
4 16 0.500000
4 22 0.500000
4 29 0.500000
4 37 0.500000
4 38 0.500000
4 45 0.500000
4 46 0.500000
4 51 0.500000
4 55 0.500000
4 61 0.500000
4 64 0.500000
4 65 0.500000
4 68 0.500000
4 71 0.500000
4 75 0.500000
4 89 0.500000
4 90 0.500000
4 96 0.500000
4 102 0.500000
4 103 0.500000
4 120 0.500000
4 124 0.500000
4 134 0.500000
4 137 0.500000
4 139 0.500000
4 141 0.500000
4 146 0.500000
4 147 0.500000
4 151 0.500000
4 154 0.500000
4 155 0.500000
4 157 0.500000
4 158 0.500000
4 160 0.500000
5 7 0.500000
5 11 0.500000
5 13 0.500000
5 14 0.500000
5 16 0.500000
5 22 0.500000
5 24 0.500000
5 27 0.500000
5 33 0.500000
5 34 0.500000
5 38 0.500000
5 39 0.500000
5 42 0.500000
5 48 0.500000
5 50 0.500000
5 53 0.500000
5 54 0.500000
5 55 0.500000
5 56 0.500000
5 59 0.500000
5 80 0.500000
5 83 0.500000
5 91 0.500000
5 92 0.500000
5 94 0.500000
5 103 0.500000
5 104 0.500000
5 105 0.500000
5 118 0.500000
5 133 0.500000
5 134 0.500000
5 135 0.500000
5 138 0.500000
5 139 0.500000
5 145 0.500000
5 148 0.500000
5 151 0.500000
5 154 0.500000
5 158 0.500000
6 10 0.500000
6 22 0.500000
6 23 0.500000
6 24 0.500000
6 31 0.500000
6 32 0.500000
6 34 0.500000
6 36 0.500000
6 37 0.500000
6 39 0.500000
6 49 0.500000
6 61 0.500000
6 67 0.500000
6 79 0.500000
6 82 0.500000
6 83 0.500000
6 91 0.500000
6 95 0.500000
6 96 0.500000
6 100 0.500000
6 108 0.500000
6 109 0.500000
6 111 0.500000
6 117 0.500000
6 123 0.500000
6 128 0.500000
6 131 0.500000
6 140 0.500000
6 146 0.500000
6 152 0.500000
6 155 0.500000
6 156 0.500000
6 159 0.500000
7 12 0.500000
7 13 0.500000
7 15 0.500000
7 16 0.500000
7 17 0.500000
7 18 0.500000
7 21 0.500000
7 22 0.500000
7 24 0.500000
7 25 0.500000
7 27 0.500000
7 32 0.500000
7 36 0.500000
7 39 0.500000
7 48 0.500000
7 53 0.500000
7 54 0.500000
7 61 0.500000
7 66 0.500000
7 75 0.500000
7 77 0.500000
7 78 0.500000
7 83 0.500000
7 85 0.500000
7 88 0.500000
7 97 0.500000
7 98 0.500000
7 100 0.500000
7 102 0.500000
7 119 0.500000
7 128 0.500000
7 129 0.500000
7 130 0.500000
7 131 0.500000
7 133 0.500000
7 136 0.500000
7 145 0.500000
7 154 0.500000
7 155 0.500000
8 11 0.500000
8 14 0.500000
8 17 0.500000
8 20 0.500000
8 26 0.500000
8 35 0.500000
8 37 0.500000
8 40 0.500000
8 44 0.500000
8 51 0.500000
8 53 0.500000
8 54 0.500000
8 55 0.500000
8 56 0.500000
8 61 0.500000
8 66 0.500000
8 68 0.500000
8 72 0.500000
8 75 0.500000
8 78 0.500000
8 81 0.500000
8 84 0.500000
8 86 0.500000
8 88 0.500000
8 89 0.500000
8 90 0.500000
8 100 0.500000
8 101 0.500000
8 105 0.500000
8 108 0.500000
8 109 0.500000
8 117 0.500000
8 125 0.500000
8 127 0.500000
8 129 0.500000
8 133 0.500000
8 137 0.500000
8 143 0.500000
8 148 0.500000
8 151 0.500000
8 152 0.500000
8 155 0.500000
9 11 0.500000
9 14 0.500000
9 25 0.500000
9 28 0.500000
9 41 0.500000
9 44 0.500000
9 49 0.500000
9 51 0.500000
9 55 0.500000
9 57 0.500000
9 65 0.500000
9 66 0.500000
9 67 0.500000
9 69 0.500000
9 73 0.500000
9 77 0.500000
9 80 0.500000
9 84 0.500000
9 87 0.500000
9 92 0.500000
9 98 0.500000
9 109 0.500000
9 110 0.500000
9 112 0.500000
9 121 0.500000
9 122 0.500000
9 125 0.500000
9 126 0.500000
9 138 0.500000
9 139 0.500000
9 140 0.500000
9 149 0.500000
9 154 0.500000
9 156 0.500000
10 14 0.500000
10 21 0.500000
10 22 0.500000
10 24 0.500000
10 26 0.500000
10 28 0.500000
10 35 0.500000
10 39 0.500000
10 48 0.500000
10 53 0.500000
10 60 0.500000
10 62 0.500000
10 64 0.500000
10 65 0.500000
10 67 0.500000
10 76 0.500000
10 79 0.500000
10 81 0.500000
10 91 0.500000
10 93 0.500000
10 98 0.500000
10 103 0.500000
10 106 0.500000
10 108 0.500000
10 111 0.500000
10 118 0.500000
10 122 0.500000
10 124 0.500000
10 129 0.500000
10 135 0.500000
10 140 0.500000
10 149 0.500000
10 155 0.500000
11 15 0.500000
11 28 0.500000
11 34 0.500000
11 35 0.500000
11 36 0.500000
11 37 0.500000
11 40 0.500000
11 44 0.500000
11 47 0.500000
11 58 0.500000
11 71 0.500000
11 72 0.500000
11 75 0.500000
11 80 0.500000
11 85 0.500000
11 92 0.500000
11 93 0.500000
11 106 0.500000
11 108 0.500000
11 112 0.500000
11 113 0.500000
11 114 0.500000
11 121 0.500000
11 127 0.500000
11 128 0.500000
11 129 0.500000
11 130 0.500000
11 135 0.500000
11 138 0.500000
11 143 0.500000
11 144 0.500000
11 147 0.500000
11 151 0.500000
11 153 0.500000
11 155 0.500000
11 157 0.500000
11 160 0.500000
12 15 0.500000
12 17 0.500000
12 24 0.500000
12 39 0.500000
12 44 0.500000
12 49 0.500000
12 54 0.500000
12 60 0.500000
12 66 0.500000
12 68 0.500000
12 73 0.500000
12 76 0.500000
12 82 0.500000
12 83 0.500000
12 86 0.500000
12 90 0.500000
12 95 0.500000
12 98 0.500000
12 99 0.500000
12 100 0.500000
12 108 0.500000
12 110 0.500000
12 115 0.500000
12 125 0.500000
12 126 0.500000
12 130 0.500000
12 131 0.500000
12 132 0.500000
12 151 0.500000
12 156 0.500000
12 158 0.500000
12 160 0.500000
13 15 0.500000
13 17 0.500000
13 27 0.500000
13 33 0.500000
13 35 0.500000
13 37 0.500000
13 38 0.500000
13 43 0.500000
13 45 0.500000
13 53 0.500000
13 56 0.500000
13 61 0.500000
13 66 0.500000
13 76 0.500000
13 77 0.500000
13 88 0.500000
13 104 0.500000
13 107 0.500000
13 109 0.500000
13 115 0.500000
13 117 0.500000
13 118 0.500000
13 119 0.500000
13 122 0.500000
13 124 0.500000
13 128 0.500000
13 136 0.500000
13 144 0.500000
13 149 0.500000
13 157 0.500000
13 159 0.500000
13 160 0.500000
14 24 0.500000
14 27 0.500000
14 33 0.500000
14 34 0.500000
14 36 0.500000
14 39 0.500000
14 44 0.500000
14 53 0.500000
14 54 0.500000
14 55 0.500000
14 56 0.500000
14 59 0.500000
14 62 0.500000
14 64 0.500000
14 66 0.500000
14 67 0.500000
14 73 0.500000
14 74 0.500000
14 81 0.500000
14 82 0.500000
14 83 0.500000
14 87 0.500000
14 88 0.500000
14 94 0.500000
14 96 0.500000
14 100 0.500000
14 108 0.500000
14 110 0.500000
14 112 0.500000
14 117 0.500000
14 119 0.500000
14 122 0.500000
14 125 0.500000
14 128 0.500000
14 130 0.500000
14 137 0.500000
14 148 0.500000
14 152 0.500000
14 156 0.500000
14 157 0.500000
14 159 0.500000
15 18 0.500000
15 22 0.500000
15 23 0.500000
15 28 0.500000
15 37 0.500000
15 38 0.500000
15 41 0.500000
15 43 0.500000
15 44 0.500000
15 48 0.500000
15 56 0.500000
15 63 0.500000
15 64 0.500000
15 66 0.500000
15 67 0.500000
15 69 0.500000
15 76 0.500000
15 78 0.500000
15 79 0.500000
15 85 0.500000
15 91 0.500000
15 101 0.500000
15 105 0.500000
15 106 0.500000
15 113 0.500000
15 123 0.500000
15 126 0.500000
15 128 0.500000
15 130 0.500000
15 132 0.500000
15 133 0.500000
15 136 0.500000
15 140 0.500000
15 141 0.500000
15 142 0.500000
15 146 0.500000
15 147 0.500000
15 158 0.500000
16 19 0.500000
16 26 0.500000
16 27 0.500000
16 28 0.500000
16 30 0.500000
16 34 0.500000
16 35 0.500000
16 37 0.500000
16 41 0.500000
16 43 0.500000
16 46 0.500000
16 57 0.500000
16 60 0.500000
16 64 0.500000
16 65 0.500000
16 66 0.500000
16 70 0.500000
16 71 0.500000
16 76 0.500000
16 77 0.500000
16 79 0.500000
16 82 0.500000
16 85 0.500000
16 86 0.500000
16 93 0.500000
16 94 0.500000
16 100 0.500000
16 113 0.500000
16 119 0.500000
16 123 0.500000
16 124 0.500000
16 125 0.500000
16 131 0.500000
16 139 0.500000
16 140 0.500000
16 142 0.500000
16 143 0.500000
16 146 0.500000
16 153 0.500000
16 159 0.500000
17 20 0.500000
17 22 0.500000
17 34 0.500000
17 37 0.500000
17 38 0.500000
17 47 0.500000
17 48 0.500000
17 49 0.500000
17 78 0.500000
17 79 0.500000
17 80 0.500000
17 82 0.500000
17 84 0.500000
17 90 0.500000
17 92 0.500000
17 93 0.500000
17 94 0.500000
17 98 0.500000
17 115 0.500000
17 116 0.500000
17 118 0.500000
17 120 0.500000
17 123 0.500000
17 127 0.500000
17 128 0.500000
17 130 0.500000
17 132 0.500000
17 139 0.500000
17 144 0.500000
17 149 0.500000
17 151 0.500000
17 155 0.500000
18 35 0.500000
18 41 0.500000
18 42 0.500000
18 43 0.500000
18 45 0.500000
18 48 0.500000
18 49 0.500000
18 65 0.500000
18 66 0.500000
18 77 0.500000
18 85 0.500000
18 87 0.500000
18 93 0.500000
18 97 0.500000
18 99 0.500000
18 110 0.500000
18 117 0.500000
18 121 0.500000
18 122 0.500000
18 135 0.500000
18 140 0.500000
18 147 0.500000
18 151 0.500000
18 152 0.500000
18 156 0.500000
19 27 0.500000
19 31 0.500000
19 34 0.500000
19 38 0.500000
19 41 0.500000
19 47 0.500000
19 49 0.500000
19 51 0.500000
19 52 0.500000
19 53 0.500000
19 58 0.500000
19 65 0.500000
19 70 0.500000
19 71 0.500000
19 75 0.500000
19 83 0.500000
19 84 0.500000
19 90 0.500000
19 93 0.500000
19 96 0.500000
19 100 0.500000
19 104 0.500000
19 108 0.500000
19 109 0.500000
19 116 0.500000
19 120 0.500000
19 123 0.500000
19 124 0.500000
19 129 0.500000
19 133 0.500000
19 139 0.500000
19 144 0.500000
19 150 0.500000
19 153 0.500000
20 21 0.500000
20 25 0.500000
20 35 0.500000
20 43 0.500000
20 47 0.500000
20 51 0.500000
20 52 0.500000
20 55 0.500000
20 57 0.500000
20 63 0.500000
20 65 0.500000
20 72 0.500000
20 75 0.500000
20 76 0.500000
20 77 0.500000
20 82 0.500000
20 85 0.500000
20 89 0.500000
20 98 0.500000
20 99 0.500000
20 100 0.500000
20 106 0.500000
20 109 0.500000
20 111 0.500000
20 114 0.500000
20 115 0.500000
20 116 0.500000
20 118 0.500000
20 124 0.500000
20 136 0.500000
20 137 0.500000
20 140 0.500000
20 144 0.500000
20 154 0.500000
20 156 0.500000
20 157 0.500000
20 160 0.500000
21 22 0.500000
21 23 0.500000
21 27 0.500000
21 29 0.500000
21 32 0.500000
21 33 0.500000
21 37 0.500000
21 39 0.500000
21 40 0.500000
21 42 0.500000
21 48 0.500000
21 50 0.500000
21 52 0.500000
21 55 0.500000
21 57 0.500000
21 58 0.500000
21 62 0.500000
21 72 0.500000
21 74 0.500000
21 80 0.500000
21 82 0.500000
21 84 0.500000
21 86 0.500000
21 91 0.500000
21 94 0.500000
21 105 0.500000
21 107 0.500000
21 114 0.500000
21 115 0.500000
21 118 0.500000
21 123 0.500000
21 126 0.500000
21 127 0.500000
21 129 0.500000
21 130 0.500000
21 131 0.500000
21 133 0.500000
21 135 0.500000
21 140 0.500000
21 142 0.500000
21 147 0.500000
21 152 0.500000
21 155 0.500000
21 157 0.500000
21 159 0.500000
21 160 0.500000
22 25 0.500000
22 31 0.500000
22 32 0.500000
22 33 0.500000
22 34 0.500000
22 52 0.500000
22 57 0.500000
22 60 0.500000
22 61 0.500000
22 64 0.500000
22 72 0.500000
22 76 0.500000
22 80 0.500000
22 86 0.500000
22 89 0.500000
22 97 0.500000
22 99 0.500000
22 101 0.500000
22 105 0.500000
22 107 0.500000
22 123 0.500000
22 124 0.500000
22 131 0.500000
22 140 0.500000
22 141 0.500000
22 142 0.500000
22 145 0.500000
22 148 0.500000
22 151 0.500000
22 153 0.500000
23 29 0.500000
23 31 0.500000
23 33 0.500000
23 34 0.500000
23 37 0.500000
23 42 0.500000
23 47 0.500000
23 59 0.500000
23 62 0.500000
23 67 0.500000
23 70 0.500000
23 71 0.500000
23 72 0.500000
23 73 0.500000
23 74 0.500000
23 79 0.500000
23 81 0.500000
23 93 0.500000
23 95 0.500000
23 100 0.500000
23 106 0.500000
23 108 0.500000
23 110 0.500000
23 112 0.500000
23 115 0.500000
23 119 0.500000
23 123 0.500000
23 126 0.500000
23 132 0.500000
23 134 0.500000
23 137 0.500000
23 138 0.500000
23 141 0.500000
23 147 0.500000
23 151 0.500000
23 159 0.500000
23 160 0.500000
24 26 0.500000
24 29 0.500000
24 33 0.500000
24 42 0.500000
24 43 0.500000
24 45 0.500000
24 55 0.500000
24 57 0.500000
24 58 0.500000
24 67 0.500000
24 70 0.500000
24 72 0.500000
24 76 0.500000
24 79 0.500000
24 93 0.500000
24 98 0.500000
24 100 0.500000
24 101 0.500000
24 120 0.500000
24 129 0.500000
24 135 0.500000
24 136 0.500000
24 143 0.500000
24 145 0.500000
24 147 0.500000
24 150 0.500000
24 152 0.500000
24 158 0.500000
24 160 0.500000
25 27 0.500000
25 28 0.500000
25 32 0.500000
25 33 0.500000
25 35 0.500000
25 38 0.500000
25 46 0.500000
25 52 0.500000
25 54 0.500000
25 61 0.500000
25 62 0.500000
25 65 0.500000
25 69 0.500000
25 75 0.500000
25 77 0.500000
25 78 0.500000
25 79 0.500000
25 81 0.500000
25 90 0.500000
25 91 0.500000
25 97 0.500000
25 104 0.500000
25 110 0.500000
25 112 0.500000
25 113 0.500000
25 115 0.500000
25 117 0.500000
25 118 0.500000
25 122 0.500000
25 125 0.500000
25 129 0.500000
25 134 0.500000
25 136 0.500000
25 142 0.500000
25 147 0.500000
25 148 0.500000
25 149 0.500000
25 154 0.500000
25 156 0.500000
25 159 0.500000
26 28 0.500000
26 33 0.500000
26 37 0.500000
26 39 0.500000
26 42 0.500000
26 45 0.500000
26 47 0.500000
26 63 0.500000
26 65 0.500000
26 69 0.500000
26 71 0.500000
26 74 0.500000
26 76 0.500000
26 78 0.500000
26 79 0.500000
26 85 0.500000
26 86 0.500000
26 88 0.500000
26 89 0.500000
26 100 0.500000
26 104 0.500000
26 107 0.500000
26 108 0.500000
26 117 0.500000
26 122 0.500000
26 133 0.500000
26 141 0.500000
26 143 0.500000
26 144 0.500000
26 147 0.500000
26 150 0.500000
26 154 0.500000
26 156 0.500000
26 157 0.500000
27 31 0.500000
27 32 0.500000
27 33 0.500000
27 34 0.500000
27 42 0.500000
27 44 0.500000
27 48 0.500000
27 49 0.500000
27 59 0.500000
27 76 0.500000
27 79 0.500000
27 84 0.500000
27 88 0.500000
27 93 0.500000
27 95 0.500000
27 101 0.500000
27 105 0.500000
27 109 0.500000
27 113 0.500000
27 115 0.500000
27 116 0.500000
27 121 0.500000
27 122 0.500000
27 127 0.500000
27 128 0.500000
27 143 0.500000
27 144 0.500000
27 147 0.500000
27 155 0.500000
27 156 0.500000
28 33 0.500000
28 37 0.500000
28 39 0.500000
28 42 0.500000
28 47 0.500000
28 54 0.500000
28 58 0.500000
28 63 0.500000
28 71 0.500000
28 77 0.500000
28 80 0.500000
28 88 0.500000
28 89 0.500000
28 90 0.500000
28 93 0.500000
28 97 0.500000
28 116 0.500000
28 118 0.500000
28 124 0.500000
28 132 0.500000
28 133 0.500000
28 142 0.500000
28 148 0.500000
28 150 0.500000
28 155 0.500000
28 157 0.500000
28 159 0.500000
29 34 0.500000
29 37 0.500000
29 40 0.500000
29 41 0.500000
29 42 0.500000
29 46 0.500000
29 50 0.500000
29 52 0.500000
29 58 0.500000
29 61 0.500000
29 63 0.500000
29 73 0.500000
29 75 0.500000
29 76 0.500000
29 80 0.500000
29 81 0.500000
29 84 0.500000
29 88 0.500000
29 89 0.500000
29 94 0.500000
29 96 0.500000
29 97 0.500000
29 100 0.500000
29 104 0.500000
29 106 0.500000
29 107 0.500000
29 109 0.500000
29 113 0.500000
29 114 0.500000
29 132 0.500000
29 137 0.500000
29 141 0.500000
29 142 0.500000
29 144 0.500000
29 146 0.500000
29 147 0.500000
29 153 0.500000
30 40 0.500000
30 41 0.500000
30 45 0.500000
30 49 0.500000
30 53 0.500000
30 59 0.500000
30 60 0.500000
30 62 0.500000
30 66 0.500000
30 70 0.500000
30 75 0.500000
30 87 0.500000
30 90 0.500000
30 96 0.500000
30 99 0.500000
30 109 0.500000
30 114 0.500000
30 116 0.500000
30 119 0.500000
30 132 0.500000
30 140 0.500000
30 156 0.500000
31 32 0.500000
31 34 0.500000
31 40 0.500000
31 49 0.500000
31 51 0.500000
31 57 0.500000
31 59 0.500000
31 60 0.500000
31 65 0.500000
31 66 0.500000
31 69 0.500000
31 79 0.500000
31 81 0.500000
31 82 0.500000
31 83 0.500000
31 89 0.500000
31 90 0.500000
31 92 0.500000
31 106 0.500000
31 110 0.500000
31 112 0.500000
31 113 0.500000
31 115 0.500000
31 116 0.500000
31 117 0.500000
31 120 0.500000
31 121 0.500000
31 124 0.500000
31 125 0.500000
31 126 0.500000
31 145 0.500000
31 152 0.500000
32 33 0.500000
32 34 0.500000
32 38 0.500000
32 45 0.500000
32 47 0.500000
32 48 0.500000
32 52 0.500000
32 54 0.500000
32 55 0.500000
32 57 0.500000
32 59 0.500000
32 66 0.500000
32 67 0.500000
32 70 0.500000
32 73 0.500000
32 74 0.500000
32 81 0.500000
32 85 0.500000
32 96 0.500000
32 97 0.500000
32 101 0.500000
32 102 0.500000
32 108 0.500000
32 120 0.500000
32 122 0.500000
32 126 0.500000
32 133 0.500000
32 150 0.500000
32 160 0.500000
33 37 0.500000
33 40 0.500000
33 47 0.500000
33 48 0.500000
33 52 0.500000
33 54 0.500000
33 55 0.500000
33 56 0.500000
33 59 0.500000
33 60 0.500000
33 62 0.500000
33 64 0.500000
33 66 0.500000
33 67 0.500000
33 72 0.500000
33 73 0.500000
33 74 0.500000
33 75 0.500000
33 79 0.500000
33 86 0.500000
33 90 0.500000
33 96 0.500000
33 103 0.500000
33 107 0.500000
33 108 0.500000
33 113 0.500000
33 114 0.500000
33 121 0.500000
33 124 0.500000
33 125 0.500000
33 126 0.500000
33 127 0.500000
33 135 0.500000
33 137 0.500000
33 146 0.500000
33 156 0.500000
34 35 0.500000
34 48 0.500000
34 49 0.500000
34 51 0.500000
34 52 0.500000
34 54 0.500000
34 59 0.500000
34 67 0.500000
34 71 0.500000
34 79 0.500000
34 81 0.500000
34 85 0.500000
34 86 0.500000
34 88 0.500000
34 96 0.500000
34 98 0.500000
34 104 0.500000
34 111 0.500000
34 119 0.500000
34 122 0.500000
34 127 0.500000
34 132 0.500000
34 135 0.500000
34 138 0.500000
34 147 0.500000
34 149 0.500000
34 151 0.500000
34 153 0.500000
34 156 0.500000
34 159 0.500000
35 37 0.500000
35 38 0.500000
35 39 0.500000
35 44 0.500000
35 47 0.500000
35 56 0.500000
35 63 0.500000
35 70 0.500000
35 75 0.500000
35 76 0.500000
35 77 0.500000
35 79 0.500000
35 86 0.500000
35 87 0.500000
35 89 0.500000
35 90 0.500000
35 93 0.500000
35 95 0.500000
35 97 0.500000
35 103 0.500000
35 104 0.500000
35 108 0.500000
35 115 0.500000
35 116 0.500000
35 129 0.500000
35 130 0.500000
35 131 0.500000
35 132 0.500000
35 133 0.500000
35 135 0.500000
35 136 0.500000
35 137 0.500000
35 140 0.500000
35 143 0.500000
35 146 0.500000
35 149 0.500000
35 151 0.500000
35 156 0.500000
35 160 0.500000
36 41 0.500000
36 58 0.500000
36 61 0.500000
36 66 0.500000
36 67 0.500000
36 70 0.500000
36 73 0.500000
36 74 0.500000
36 75 0.500000
36 78 0.500000
36 79 0.500000
36 80 0.500000
36 83 0.500000
36 90 0.500000
36 95 0.500000
36 108 0.500000
36 117 0.500000
36 133 0.500000
36 135 0.500000
36 137 0.500000
36 138 0.500000
36 141 0.500000
36 143 0.500000
36 155 0.500000
37 39 0.500000
37 54 0.500000
37 55 0.500000
37 59 0.500000
37 65 0.500000
37 76 0.500000
37 77 0.500000
37 83 0.500000
37 87 0.500000
37 92 0.500000
37 95 0.500000
37 96 0.500000
37 98 0.500000
37 106 0.500000
37 108 0.500000
37 116 0.500000
37 120 0.500000
37 121 0.500000
37 123 0.500000
37 135 0.500000
37 136 0.500000
37 137 0.500000
37 142 0.500000
37 147 0.500000
37 149 0.500000
37 151 0.500000
37 154 0.500000
37 156 0.500000
37 157 0.500000
37 160 0.500000
38 40 0.500000
38 45 0.500000
38 52 0.500000
38 54 0.500000
38 58 0.500000
38 60 0.500000
38 65 0.500000
38 68 0.500000
38 69 0.500000
38 70 0.500000
38 73 0.500000
38 75 0.500000
38 78 0.500000
38 80 0.500000
38 81 0.500000
38 87 0.500000
38 95 0.500000
38 99 0.500000
38 101 0.500000
38 103 0.500000
38 105 0.500000
38 108 0.500000
38 109 0.500000
38 113 0.500000
38 114 0.500000
38 118 0.500000
38 121 0.500000
38 124 0.500000
38 125 0.500000
38 137 0.500000
38 151 0.500000
38 157 0.500000
38 158 0.500000
39 42 0.500000
39 43 0.500000
39 50 0.500000
39 52 0.500000
39 60 0.500000
39 63 0.500000
39 69 0.500000
39 70 0.500000
39 71 0.500000
39 82 0.500000
39 90 0.500000
39 92 0.500000
39 97 0.500000
39 99 0.500000
39 101 0.500000
39 102 0.500000
39 104 0.500000
39 110 0.500000
39 113 0.500000
39 118 0.500000
39 121 0.500000
39 125 0.500000
39 126 0.500000
39 127 0.500000
39 128 0.500000
39 130 0.500000
39 133 0.500000
39 136 0.500000
39 141 0.500000
39 142 0.500000
39 144 0.500000
39 146 0.500000
39 147 0.500000
39 150 0.500000
39 156 0.500000
40 44 0.500000
40 52 0.500000
40 53 0.500000
40 61 0.500000
40 64 0.500000
40 73 0.500000
40 74 0.500000
40 79 0.500000
40 80 0.500000
40 85 0.500000
40 86 0.500000
40 95 0.500000
40 96 0.500000
40 103 0.500000
40 107 0.500000
40 108 0.500000
40 109 0.500000
40 110 0.500000
40 114 0.500000
40 117 0.500000
40 122 0.500000
40 125 0.500000
40 131 0.500000
40 134 0.500000
40 139 0.500000
40 152 0.500000
40 155 0.500000
40 157 0.500000
40 158 0.500000
41 47 0.500000
41 52 0.500000
41 60 0.500000
41 63 0.500000
41 69 0.500000
41 70 0.500000
41 76 0.500000
41 82 0.500000
41 83 0.500000
41 84 0.500000
41 85 0.500000
41 91 0.500000
41 98 0.500000
41 100 0.500000
41 102 0.500000
41 107 0.500000
41 113 0.500000
41 114 0.500000
41 116 0.500000
41 126 0.500000
41 128 0.500000
41 135 0.500000
41 138 0.500000
41 143 0.500000
41 153 0.500000
41 155 0.500000
41 157 0.500000
42 59 0.500000
42 65 0.500000
42 66 0.500000
42 68 0.500000
42 73 0.500000
42 77 0.500000
42 81 0.500000
42 83 0.500000
42 84 0.500000
42 90 0.500000
42 96 0.500000
42 103 0.500000
42 108 0.500000
42 109 0.500000
42 110 0.500000
42 114 0.500000
42 121 0.500000
42 122 0.500000
42 126 0.500000
42 143 0.500000
42 151 0.500000
42 155 0.500000
42 156 0.500000
43 53 0.500000
43 54 0.500000
43 56 0.500000
43 66 0.500000
43 68 0.500000
43 72 0.500000
43 73 0.500000
43 74 0.500000
43 77 0.500000
43 83 0.500000
43 84 0.500000
43 85 0.500000
43 87 0.500000
43 90 0.500000
43 91 0.500000
43 95 0.500000
43 99 0.500000
43 101 0.500000
43 109 0.500000
43 110 0.500000
43 111 0.500000
43 112 0.500000
43 113 0.500000
43 121 0.500000
43 137 0.500000
43 141 0.500000
43 144 0.500000
43 146 0.500000
43 147 0.500000
43 151 0.500000
43 152 0.500000
43 154 0.500000
44 45 0.500000
44 53 0.500000
44 54 0.500000
44 55 0.500000
44 66 0.500000
44 72 0.500000
44 74 0.500000
44 76 0.500000
44 78 0.500000
44 83 0.500000
44 88 0.500000
44 91 0.500000
44 95 0.500000
44 103 0.500000
44 104 0.500000
44 105 0.500000
44 106 0.500000
44 107 0.500000
44 108 0.500000
44 113 0.500000
44 122 0.500000
44 125 0.500000
44 134 0.500000
44 135 0.500000
44 137 0.500000
44 139 0.500000
44 149 0.500000
44 152 0.500000
44 155 0.500000
44 157 0.500000
45 61 0.500000
45 65 0.500000
45 69 0.500000
45 70 0.500000
45 84 0.500000
45 90 0.500000
45 91 0.500000
45 92 0.500000
45 94 0.500000
45 96 0.500000
45 101 0.500000
45 102 0.500000
45 110 0.500000
45 114 0.500000
45 122 0.500000
45 125 0.500000
45 129 0.500000
45 132 0.500000
45 134 0.500000
45 135 0.500000
45 136 0.500000
45 137 0.500000
45 140 0.500000
45 146 0.500000
45 149 0.500000
45 155 0.500000
45 156 0.500000
45 160 0.500000
46 50 0.500000
46 53 0.500000
46 56 0.500000
46 57 0.500000
46 70 0.500000
46 72 0.500000
46 77 0.500000
46 78 0.500000
46 84 0.500000
46 89 0.500000
46 92 0.500000
46 95 0.500000
46 104 0.500000
46 108 0.500000
46 111 0.500000
46 113 0.500000
46 119 0.500000
46 120 0.500000
46 122 0.500000
46 123 0.500000
46 124 0.500000
46 128 0.500000
46 130 0.500000
46 139 0.500000
46 146 0.500000
46 156 0.500000
47 49 0.500000
47 52 0.500000
47 54 0.500000
47 55 0.500000
47 56 0.500000
47 57 0.500000
47 62 0.500000
47 65 0.500000
47 66 0.500000
47 67 0.500000
47 68 0.500000
47 74 0.500000
47 79 0.500000
47 86 0.500000
47 92 0.500000
47 95 0.500000
47 97 0.500000
47 98 0.500000
47 102 0.500000
47 112 0.500000
47 114 0.500000
47 115 0.500000
47 116 0.500000
47 120 0.500000
47 123 0.500000
47 124 0.500000
47 132 0.500000
47 137 0.500000
47 140 0.500000
47 142 0.500000
47 143 0.500000
47 148 0.500000
47 151 0.500000
47 152 0.500000
47 157 0.500000
48 51 0.500000
48 52 0.500000
48 55 0.500000
48 58 0.500000
48 60 0.500000
48 70 0.500000
48 72 0.500000
48 73 0.500000
48 75 0.500000
48 78 0.500000
48 85 0.500000
48 87 0.500000
48 90 0.500000
48 91 0.500000
48 95 0.500000
48 98 0.500000
48 104 0.500000
48 108 0.500000
48 110 0.500000
48 115 0.500000
48 120 0.500000
48 125 0.500000
48 127 0.500000
48 130 0.500000
48 131 0.500000
48 135 0.500000
48 138 0.500000
48 141 0.500000
48 144 0.500000
48 147 0.500000
48 150 0.500000
48 152 0.500000
48 153 0.500000
48 155 0.500000
48 160 0.500000
49 50 0.500000
49 53 0.500000
49 56 0.500000
49 60 0.500000
49 61 0.500000
49 64 0.500000
49 65 0.500000
49 71 0.500000
49 85 0.500000
49 92 0.500000
49 96 0.500000
49 97 0.500000
49 103 0.500000
49 105 0.500000
49 111 0.500000
49 120 0.500000
49 121 0.500000
49 122 0.500000
49 124 0.500000
49 125 0.500000
49 127 0.500000
49 128 0.500000
49 131 0.500000
49 132 0.500000
49 134 0.500000
49 135 0.500000
49 138 0.500000
49 142 0.500000
49 153 0.500000
49 155 0.500000
49 160 0.500000
50 52 0.500000
50 54 0.500000
50 55 0.500000
50 58 0.500000
50 60 0.500000
50 62 0.500000
50 64 0.500000
50 65 0.500000
50 66 0.500000
50 67 0.500000
50 68 0.500000
50 72 0.500000
50 74 0.500000
50 80 0.500000
50 82 0.500000
50 89 0.500000
50 92 0.500000
50 95 0.500000
50 96 0.500000
50 102 0.500000
50 105 0.500000
50 106 0.500000
50 109 0.500000
50 111 0.500000
50 112 0.500000
50 113 0.500000
50 115 0.500000
50 116 0.500000
50 119 0.500000
50 120 0.500000
50 125 0.500000
50 132 0.500000
50 139 0.500000
50 141 0.500000
50 142 0.500000
50 144 0.500000
50 153 0.500000
50 156 0.500000
50 157 0.500000
50 158 0.500000
51 62 0.500000
51 70 0.500000
51 71 0.500000
51 75 0.500000
51 81 0.500000
51 84 0.500000
51 87 0.500000
51 89 0.500000
51 92 0.500000
51 93 0.500000
51 94 0.500000
51 95 0.500000
51 96 0.500000
51 97 0.500000
51 99 0.500000
51 109 0.500000
51 126 0.500000
51 127 0.500000
51 129 0.500000
51 130 0.500000
51 131 0.500000
51 132 0.500000
51 133 0.500000
51 138 0.500000
51 146 0.500000
51 151 0.500000
51 152 0.500000
51 153 0.500000
51 155 0.500000
51 156 0.500000
51 158 0.500000
52 55 0.500000
52 70 0.500000
52 74 0.500000
52 82 0.500000
52 87 0.500000
52 90 0.500000
52 94 0.500000
52 96 0.500000
52 97 0.500000
52 98 0.500000
52 101 0.500000
52 102 0.500000
52 104 0.500000
52 108 0.500000
52 110 0.500000
52 112 0.500000
52 116 0.500000
52 117 0.500000
52 119 0.500000
52 130 0.500000
52 131 0.500000
52 136 0.500000
52 137 0.500000
52 144 0.500000
52 150 0.500000
52 159 0.500000
53 55 0.500000
53 60 0.500000
53 61 0.500000
53 68 0.500000
53 73 0.500000
53 74 0.500000
53 87 0.500000
53 89 0.500000
53 93 0.500000
53 98 0.500000
53 104 0.500000
53 109 0.500000
53 111 0.500000
53 114 0.500000
53 118 0.500000
53 123 0.500000
53 124 0.500000
53 133 0.500000
53 137 0.500000
53 138 0.500000
53 145 0.500000
53 150 0.500000
53 151 0.500000
53 152 0.500000
53 156 0.500000
53 157 0.500000
53 159 0.500000
54 57 0.500000
54 72 0.500000
54 77 0.500000
54 84 0.500000
54 88 0.500000
54 90 0.500000
54 92 0.500000
54 93 0.500000
54 94 0.500000
54 95 0.500000
54 97 0.500000
54 104 0.500000
54 105 0.500000
54 111 0.500000
54 116 0.500000
54 119 0.500000
54 120 0.500000
54 127 0.500000
54 128 0.500000
54 130 0.500000
54 132 0.500000
54 134 0.500000
54 135 0.500000
54 136 0.500000
54 144 0.500000
54 150 0.500000
54 157 0.500000
54 160 0.500000
55 63 0.500000
55 64 0.500000
55 66 0.500000
55 67 0.500000
55 70 0.500000
55 74 0.500000
55 75 0.500000
55 84 0.500000
55 87 0.500000
55 93 0.500000
55 97 0.500000
55 102 0.500000
55 103 0.500000
55 110 0.500000
55 112 0.500000
55 121 0.500000
55 124 0.500000
55 136 0.500000
55 138 0.500000
55 146 0.500000
55 152 0.500000
55 153 0.500000
55 156 0.500000
55 159 0.500000
56 68 0.500000
56 69 0.500000
56 70 0.500000
56 73 0.500000
56 77 0.500000
56 84 0.500000
56 85 0.500000
56 91 0.500000
56 93 0.500000
56 96 0.500000
56 99 0.500000
56 102 0.500000
56 103 0.500000
56 104 0.500000
56 108 0.500000
56 119 0.500000
56 121 0.500000
56 122 0.500000
56 124 0.500000
56 135 0.500000
56 139 0.500000
56 142 0.500000
56 143 0.500000
56 144 0.500000
56 146 0.500000
56 154 0.500000
56 158 0.500000
57 59 0.500000
57 67 0.500000
57 78 0.500000
57 91 0.500000
57 99 0.500000
57 100 0.500000
57 104 0.500000
57 106 0.500000
57 120 0.500000
57 125 0.500000
57 129 0.500000
57 135 0.500000
57 143 0.500000
57 144 0.500000
57 145 0.500000
57 148 0.500000
57 152 0.500000
57 154 0.500000
57 156 0.500000
57 157 0.500000
57 158 0.500000
57 159 0.500000
58 59 0.500000
58 61 0.500000
58 62 0.500000
58 63 0.500000
58 65 0.500000
58 66 0.500000
58 79 0.500000
58 90 0.500000
58 91 0.500000
58 92 0.500000
58 95 0.500000
58 97 0.500000
58 101 0.500000
58 103 0.500000
58 107 0.500000
58 109 0.500000
58 110 0.500000
58 113 0.500000
58 114 0.500000
58 115 0.500000
58 118 0.500000
58 141 0.500000
58 145 0.500000
58 148 0.500000
58 149 0.500000
58 150 0.500000
58 151 0.500000
58 153 0.500000
58 154 0.500000
58 157 0.500000
58 159 0.500000
59 60 0.500000
59 65 0.500000
59 67 0.500000
59 68 0.500000
59 73 0.500000
59 79 0.500000
59 83 0.500000
59 84 0.500000
59 85 0.500000
59 88 0.500000
59 91 0.500000
59 92 0.500000
59 95 0.500000
59 97 0.500000
59 106 0.500000
59 109 0.500000
59 112 0.500000
59 116 0.500000
59 131 0.500000
59 132 0.500000
59 138 0.500000
59 139 0.500000
59 143 0.500000
59 145 0.500000
59 146 0.500000
59 148 0.500000
59 149 0.500000
59 151 0.500000
59 155 0.500000
59 158 0.500000
59 159 0.500000
60 66 0.500000
60 70 0.500000
60 73 0.500000
60 76 0.500000
60 77 0.500000
60 81 0.500000
60 88 0.500000
60 102 0.500000
60 104 0.500000
60 108 0.500000
60 115 0.500000
60 117 0.500000
60 118 0.500000
60 120 0.500000
60 125 0.500000
60 130 0.500000
60 131 0.500000
60 132 0.500000
60 133 0.500000
60 141 0.500000
60 148 0.500000
60 149 0.500000
60 156 0.500000
60 159 0.500000
61 65 0.500000
61 70 0.500000
61 91 0.500000
61 92 0.500000
61 93 0.500000
61 94 0.500000
61 98 0.500000
61 100 0.500000
61 101 0.500000
61 108 0.500000
61 117 0.500000
61 119 0.500000
61 120 0.500000
61 121 0.500000
61 124 0.500000
61 125 0.500000
61 126 0.500000
61 129 0.500000
61 142 0.500000
61 143 0.500000
61 149 0.500000
61 154 0.500000
61 156 0.500000
62 65 0.500000
62 71 0.500000
62 76 0.500000
62 77 0.500000
62 79 0.500000
62 89 0.500000
62 90 0.500000
62 92 0.500000
62 96 0.500000
62 105 0.500000
62 106 0.500000
62 109 0.500000
62 113 0.500000
62 115 0.500000
62 116 0.500000
62 117 0.500000
62 121 0.500000
62 127 0.500000
62 129 0.500000
62 130 0.500000
62 136 0.500000
62 139 0.500000
62 140 0.500000
62 141 0.500000
62 145 0.500000
62 146 0.500000
62 152 0.500000
62 153 0.500000
62 157 0.500000
62 158 0.500000
62 159 0.500000
62 160 0.500000
63 73 0.500000
63 81 0.500000
63 87 0.500000
63 91 0.500000
63 94 0.500000
63 95 0.500000
63 100 0.500000
63 103 0.500000
63 104 0.500000
63 108 0.500000
63 112 0.500000
63 116 0.500000
63 125 0.500000
63 128 0.500000
63 135 0.500000
63 137 0.500000
63 140 0.500000
63 141 0.500000
63 146 0.500000
63 148 0.500000
63 150 0.500000
63 155 0.500000
63 158 0.500000
64 67 0.500000
64 69 0.500000
64 72 0.500000
64 74 0.500000
64 89 0.500000
64 98 0.500000
64 101 0.500000
64 112 0.500000
64 118 0.500000
64 119 0.500000
64 120 0.500000
64 121 0.500000
64 124 0.500000
64 131 0.500000
64 132 0.500000
64 134 0.500000
64 137 0.500000
64 139 0.500000
64 148 0.500000
64 151 0.500000
64 153 0.500000
65 68 0.500000
65 77 0.500000
65 79 0.500000
65 81 0.500000
65 103 0.500000
65 104 0.500000
65 110 0.500000
65 111 0.500000
65 116 0.500000
65 117 0.500000
65 121 0.500000
65 122 0.500000
65 125 0.500000
65 131 0.500000
65 134 0.500000
65 137 0.500000
65 139 0.500000
65 142 0.500000
65 148 0.500000
65 150 0.500000
65 154 0.500000
65 156 0.500000
65 158 0.500000
65 160 0.500000
66 72 0.500000
66 80 0.500000
66 92 0.500000
66 94 0.500000
66 96 0.500000
66 99 0.500000
66 102 0.500000
66 107 0.500000
66 109 0.500000
66 111 0.500000
66 122 0.500000
66 126 0.500000
66 131 0.500000
66 132 0.500000
66 133 0.500000
66 141 0.500000
66 147 0.500000
66 148 0.500000
66 156 0.500000
66 157 0.500000
67 71 0.500000
67 73 0.500000
67 74 0.500000
67 76 0.500000
67 79 0.500000
67 80 0.500000
67 85 0.500000
67 90 0.500000
67 94 0.500000
67 101 0.500000
67 117 0.500000
67 121 0.500000
67 124 0.500000
67 125 0.500000
67 126 0.500000
67 128 0.500000
67 131 0.500000
67 132 0.500000
67 138 0.500000
67 144 0.500000
67 150 0.500000
67 157 0.500000
67 158 0.500000
68 76 0.500000
68 78 0.500000
68 80 0.500000
68 83 0.500000
68 96 0.500000
68 97 0.500000
68 98 0.500000
68 101 0.500000
68 105 0.500000
68 107 0.500000
68 116 0.500000
68 125 0.500000
68 126 0.500000
68 128 0.500000
68 132 0.500000
68 138 0.500000
68 139 0.500000
68 142 0.500000
68 150 0.500000
68 153 0.500000
68 157 0.500000
68 158 0.500000
69 71 0.500000
69 72 0.500000
69 73 0.500000
69 77 0.500000
69 78 0.500000
69 80 0.500000
69 88 0.500000
69 91 0.500000
69 93 0.500000
69 99 0.500000
69 101 0.500000
69 104 0.500000
69 106 0.500000
69 107 0.500000
69 108 0.500000
69 117 0.500000
69 119 0.500000
69 121 0.500000
69 124 0.500000
69 125 0.500000
69 126 0.500000
69 142 0.500000
69 144 0.500000
69 145 0.500000
69 146 0.500000
69 148 0.500000
69 151 0.500000
69 153 0.500000
69 155 0.500000
69 158 0.500000
69 159 0.500000
70 73 0.500000
70 75 0.500000
70 77 0.500000
70 79 0.500000
70 81 0.500000
70 82 0.500000
70 94 0.500000
70 95 0.500000
70 103 0.500000
70 104 0.500000
70 108 0.500000
70 111 0.500000
70 112 0.500000
70 116 0.500000
70 118 0.500000
70 119 0.500000
70 120 0.500000
70 122 0.500000
70 123 0.500000
70 124 0.500000
70 129 0.500000
70 130 0.500000
70 142 0.500000
70 147 0.500000
70 152 0.500000
70 155 0.500000
71 76 0.500000
71 84 0.500000
71 86 0.500000
71 95 0.500000
71 96 0.500000
71 98 0.500000
71 99 0.500000
71 102 0.500000
71 103 0.500000
71 105 0.500000
71 119 0.500000
71 123 0.500000
71 125 0.500000
71 126 0.500000
71 127 0.500000
71 129 0.500000
71 131 0.500000
71 135 0.500000
71 137 0.500000
71 144 0.500000
71 148 0.500000
71 157 0.500000
72 76 0.500000
72 81 0.500000
72 83 0.500000
72 89 0.500000
72 92 0.500000
72 97 0.500000
72 98 0.500000
72 106 0.500000
72 108 0.500000
72 113 0.500000
72 115 0.500000
72 132 0.500000
72 136 0.500000
72 142 0.500000
72 157 0.500000
72 160 0.500000
73 79 0.500000
73 86 0.500000
73 87 0.500000
73 95 0.500000
73 97 0.500000
73 102 0.500000
73 109 0.500000
73 114 0.500000
73 118 0.500000
73 121 0.500000
73 124 0.500000
73 133 0.500000
73 134 0.500000
73 137 0.500000
73 140 0.500000
73 141 0.500000
73 147 0.500000
73 156 0.500000
73 158 0.500000
74 80 0.500000
74 88 0.500000
74 100 0.500000
74 106 0.500000
74 107 0.500000
74 112 0.500000
74 116 0.500000
74 120 0.500000
74 126 0.500000
74 127 0.500000
74 130 0.500000
74 135 0.500000
74 144 0.500000
74 145 0.500000
74 147 0.500000
74 151 0.500000
74 153 0.500000
74 154 0.500000
75 76 0.500000
75 78 0.500000
75 81 0.500000
75 82 0.500000
75 83 0.500000
75 90 0.500000
75 91 0.500000
75 95 0.500000
75 115 0.500000
75 122 0.500000
75 125 0.500000
75 130 0.500000
75 135 0.500000
75 140 0.500000
75 148 0.500000
75 151 0.500000
75 154 0.500000
75 156 0.500000
75 157 0.500000
75 159 0.500000
76 78 0.500000
76 79 0.500000
76 86 0.500000
76 97 0.500000
76 98 0.500000
76 100 0.500000
76 103 0.500000
76 108 0.500000
76 110 0.500000
76 113 0.500000
76 128 0.500000
76 133 0.500000
76 135 0.500000
76 136 0.500000
76 137 0.500000
76 140 0.500000
76 141 0.500000
76 143 0.500000
76 155 0.500000
76 157 0.500000
76 160 0.500000
77 78 0.500000
77 80 0.500000
77 85 0.500000
77 99 0.500000
77 104 0.500000
77 108 0.500000
77 110 0.500000
77 112 0.500000
77 119 0.500000
77 121 0.500000
77 123 0.500000
77 129 0.500000
77 130 0.500000
77 136 0.500000
77 147 0.500000
77 156 0.500000
77 158 0.500000
78 79 0.500000
78 80 0.500000
78 85 0.500000
78 86 0.500000
78 89 0.500000
78 92 0.500000
78 108 0.500000
78 109 0.500000
78 113 0.500000
78 114 0.500000
78 116 0.500000
78 119 0.500000
78 124 0.500000
78 139 0.500000
78 152 0.500000
78 160 0.500000
79 93 0.500000
79 96 0.500000
79 98 0.500000
79 101 0.500000
79 105 0.500000
79 115 0.500000
79 117 0.500000
79 118 0.500000
79 119 0.500000
79 120 0.500000
79 121 0.500000
79 124 0.500000
79 127 0.500000
79 128 0.500000
79 136 0.500000
79 137 0.500000
79 139 0.500000
79 144 0.500000
79 145 0.500000
79 147 0.500000
79 148 0.500000
79 152 0.500000
79 153 0.500000
79 158 0.500000
80 85 0.500000
80 89 0.500000
80 91 0.500000
80 100 0.500000
80 112 0.500000
80 117 0.500000
80 131 0.500000
80 134 0.500000
80 135 0.500000
80 138 0.500000
80 141 0.500000
80 149 0.500000
80 153 0.500000
80 159 0.500000
81 83 0.500000
81 89 0.500000
81 93 0.500000
81 95 0.500000
81 99 0.500000
81 100 0.500000
81 102 0.500000
81 103 0.500000
81 109 0.500000
81 111 0.500000
81 112 0.500000
81 113 0.500000
81 117 0.500000
81 118 0.500000
81 119 0.500000
81 120 0.500000
81 121 0.500000
81 136 0.500000
81 139 0.500000
81 145 0.500000
81 147 0.500000
81 157 0.500000
81 160 0.500000
82 92 0.500000
82 97 0.500000
82 107 0.500000
82 108 0.500000
82 113 0.500000
82 120 0.500000
82 122 0.500000
82 126 0.500000
82 131 0.500000
82 134 0.500000
82 135 0.500000
82 138 0.500000
82 139 0.500000
82 150 0.500000
82 151 0.500000
82 153 0.500000
82 154 0.500000
83 88 0.500000
83 90 0.500000
83 91 0.500000
83 102 0.500000
83 105 0.500000
83 106 0.500000
83 107 0.500000
83 111 0.500000
83 113 0.500000
83 114 0.500000
83 116 0.500000
83 127 0.500000
83 130 0.500000
83 139 0.500000
83 141 0.500000
83 145 0.500000
83 148 0.500000
83 152 0.500000
83 155 0.500000
83 158 0.500000
84 95 0.500000
84 96 0.500000
84 98 0.500000
84 99 0.500000
84 102 0.500000
84 103 0.500000
84 114 0.500000
84 128 0.500000
84 129 0.500000
84 133 0.500000
84 137 0.500000
84 139 0.500000
84 140 0.500000
84 145 0.500000
84 146 0.500000
84 152 0.500000
84 153 0.500000
85 88 0.500000
85 97 0.500000
85 106 0.500000
85 108 0.500000
85 112 0.500000
85 113 0.500000
85 118 0.500000
85 122 0.500000
85 123 0.500000
85 140 0.500000
85 141 0.500000
85 142 0.500000
85 145 0.500000
85 149 0.500000
85 151 0.500000
85 157 0.500000
86 88 0.500000
86 91 0.500000
86 94 0.500000
86 95 0.500000
86 96 0.500000
86 107 0.500000
86 108 0.500000
86 113 0.500000
86 116 0.500000
86 118 0.500000
86 120 0.500000
86 129 0.500000
86 130 0.500000
86 131 0.500000
86 133 0.500000
86 140 0.500000
86 142 0.500000
86 150 0.500000
86 159 0.500000
86 160 0.500000
87 98 0.500000
87 100 0.500000
87 101 0.500000
87 120 0.500000
87 123 0.500000
87 126 0.500000
87 130 0.500000
87 132 0.500000
87 135 0.500000
87 139 0.500000
87 150 0.500000
87 153 0.500000
87 154 0.500000
87 155 0.500000
88 89 0.500000
88 91 0.500000
88 94 0.500000
88 97 0.500000
88 105 0.500000
88 106 0.500000
88 113 0.500000
88 114 0.500000
88 117 0.500000
88 118 0.500000
88 121 0.500000
88 122 0.500000
88 124 0.500000
88 127 0.500000
88 129 0.500000
88 130 0.500000
88 137 0.500000
88 139 0.500000
88 143 0.500000
88 144 0.500000
88 146 0.500000
88 154 0.500000
88 157 0.500000
88 160 0.500000
89 90 0.500000
89 93 0.500000
89 94 0.500000
89 96 0.500000
89 98 0.500000
89 105 0.500000
89 112 0.500000
89 116 0.500000
89 119 0.500000
89 121 0.500000
89 126 0.500000
89 129 0.500000
89 131 0.500000
89 133 0.500000
89 139 0.500000
89 146 0.500000
89 147 0.500000
89 152 0.500000
89 153 0.500000
89 159 0.500000
90 94 0.500000
90 103 0.500000
90 112 0.500000
90 113 0.500000
90 115 0.500000
90 120 0.500000
90 129 0.500000
90 132 0.500000
90 134 0.500000
90 135 0.500000
90 139 0.500000
90 143 0.500000
90 145 0.500000
90 148 0.500000
90 151 0.500000
90 155 0.500000
91 92 0.500000
91 93 0.500000
91 98 0.500000
91 99 0.500000
91 101 0.500000
91 106 0.500000
91 112 0.500000
91 113 0.500000
91 116 0.500000
91 120 0.500000
91 123 0.500000
91 133 0.500000
91 136 0.500000
91 139 0.500000
91 150 0.500000
91 152 0.500000
91 157 0.500000
91 159 0.500000
91 160 0.500000
92 95 0.500000
92 98 0.500000
92 99 0.500000
92 102 0.500000
92 104 0.500000
92 109 0.500000
92 116 0.500000
92 118 0.500000
92 122 0.500000
92 128 0.500000
92 130 0.500000
92 132 0.500000
92 136 0.500000
92 142 0.500000
92 151 0.500000
92 154 0.500000
92 156 0.500000
93 95 0.500000
93 97 0.500000
93 100 0.500000
93 101 0.500000
93 102 0.500000
93 112 0.500000
93 115 0.500000
93 116 0.500000
93 129 0.500000
93 133 0.500000
93 134 0.500000
93 138 0.500000
93 140 0.500000
93 143 0.500000
93 144 0.500000
93 145 0.500000
93 148 0.500000
93 150 0.500000
93 151 0.500000
93 156 0.500000
93 157 0.500000
93 159 0.500000
94 95 0.500000
94 96 0.500000
94 98 0.500000
94 99 0.500000
94 103 0.500000
94 104 0.500000
94 106 0.500000
94 112 0.500000
94 116 0.500000
94 117 0.500000
94 120 0.500000
94 125 0.500000
94 128 0.500000
94 131 0.500000
94 138 0.500000
94 139 0.500000
94 149 0.500000
94 150 0.500000
94 156 0.500000
94 157 0.500000
95 104 0.500000
95 105 0.500000
95 106 0.500000
95 107 0.500000
95 111 0.500000
95 113 0.500000
95 118 0.500000
95 127 0.500000
95 143 0.500000
95 151 0.500000
95 152 0.500000
95 153 0.500000
95 156 0.500000
96 98 0.500000
96 100 0.500000
96 114 0.500000
96 120 0.500000
96 122 0.500000
96 125 0.500000
96 127 0.500000
96 128 0.500000
96 131 0.500000
96 135 0.500000
96 140 0.500000
96 142 0.500000
96 144 0.500000
96 147 0.500000
96 154 0.500000
97 98 0.500000
97 101 0.500000
97 103 0.500000
97 105 0.500000
97 108 0.500000
97 109 0.500000
97 118 0.500000
97 120 0.500000
97 124 0.500000
97 129 0.500000
97 132 0.500000
97 133 0.500000
97 138 0.500000
97 139 0.500000
97 141 0.500000
97 147 0.500000
97 158 0.500000
98 107 0.500000
98 112 0.500000
98 114 0.500000
98 116 0.500000
98 118 0.500000
98 122 0.500000
98 124 0.500000
98 127 0.500000
98 129 0.500000
98 139 0.500000
98 144 0.500000
98 146 0.500000
98 148 0.500000
98 151 0.500000
98 156 0.500000
99 100 0.500000
99 104 0.500000
99 116 0.500000
99 117 0.500000
99 125 0.500000
99 127 0.500000
99 131 0.500000
99 139 0.500000
99 142 0.500000
99 146 0.500000
99 149 0.500000
99 150 0.500000
99 151 0.500000
99 153 0.500000
99 155 0.500000
99 160 0.500000
100 101 0.500000
100 103 0.500000
100 105 0.500000
100 108 0.500000
100 116 0.500000
100 118 0.500000
100 120 0.500000
100 128 0.500000
100 130 0.500000
100 134 0.500000
100 135 0.500000
100 137 0.500000
100 141 0.500000
100 153 0.500000
100 155 0.500000
101 104 0.500000
101 107 0.500000
101 114 0.500000
101 115 0.500000
101 118 0.500000
101 126 0.500000
101 129 0.500000
101 134 0.500000
101 141 0.500000
101 147 0.500000
101 149 0.500000
101 152 0.500000
101 153 0.500000
101 157 0.500000
102 105 0.500000
102 112 0.500000
102 114 0.500000
102 115 0.500000
102 118 0.500000
102 122 0.500000
102 125 0.500000
102 129 0.500000
102 132 0.500000
102 137 0.500000
102 138 0.500000
102 144 0.500000
102 145 0.500000
102 149 0.500000
102 151 0.500000
102 158 0.500000
103 104 0.500000
103 105 0.500000
103 112 0.500000
103 119 0.500000
103 120 0.500000
103 122 0.500000
103 123 0.500000
103 124 0.500000
103 130 0.500000
103 132 0.500000
103 134 0.500000
103 144 0.500000
103 146 0.500000
103 152 0.500000
103 153 0.500000
103 155 0.500000
103 157 0.500000
104 105 0.500000
104 108 0.500000
104 113 0.500000
104 114 0.500000
104 120 0.500000
104 122 0.500000
104 126 0.500000
104 128 0.500000
104 130 0.500000
104 131 0.500000
104 135 0.500000
104 138 0.500000
104 139 0.500000
104 142 0.500000
104 151 0.500000
104 153 0.500000
104 154 0.500000
104 158 0.500000
105 110 0.500000
105 111 0.500000
105 115 0.500000
105 124 0.500000
105 126 0.500000
105 133 0.500000
105 134 0.500000
105 138 0.500000
105 150 0.500000
105 155 0.500000
105 156 0.500000
106 108 0.500000
106 109 0.500000
106 114 0.500000
106 118 0.500000
106 123 0.500000
106 129 0.500000
106 136 0.500000
106 138 0.500000
106 142 0.500000
106 151 0.500000
106 160 0.500000
107 120 0.500000
107 122 0.500000
107 125 0.500000
107 127 0.500000
107 128 0.500000
107 130 0.500000
107 132 0.500000
107 149 0.500000
107 154 0.500000
107 156 0.500000
107 158 0.500000
108 119 0.500000
108 124 0.500000
108 126 0.500000
108 128 0.500000
108 136 0.500000
108 137 0.500000
108 140 0.500000
108 141 0.500000
108 143 0.500000
108 146 0.500000
108 148 0.500000
108 152 0.500000
108 153 0.500000
108 156 0.500000
108 157 0.500000
109 112 0.500000
109 118 0.500000
109 120 0.500000
109 123 0.500000
109 126 0.500000
109 127 0.500000
109 129 0.500000
109 134 0.500000
109 140 0.500000
109 143 0.500000
109 144 0.500000
109 145 0.500000
109 148 0.500000
109 150 0.500000
109 151 0.500000
109 153 0.500000
109 154 0.500000
110 112 0.500000
110 115 0.500000
110 116 0.500000
110 119 0.500000
110 124 0.500000
110 125 0.500000
110 127 0.500000
110 136 0.500000
110 137 0.500000
110 145 0.500000
110 146 0.500000
110 149 0.500000
110 150 0.500000
110 155 0.500000
111 112 0.500000
111 113 0.500000
111 115 0.500000
111 117 0.500000
111 118 0.500000
111 119 0.500000
111 123 0.500000
111 127 0.500000
111 130 0.500000
111 140 0.500000
111 141 0.500000
111 144 0.500000
111 147 0.500000
111 149 0.500000
111 154 0.500000
111 159 0.500000
112 120 0.500000
112 121 0.500000
112 131 0.500000
112 136 0.500000
112 138 0.500000
112 150 0.500000
112 154 0.500000
112 157 0.500000
113 114 0.500000
113 119 0.500000
113 125 0.500000
113 130 0.500000
113 135 0.500000
113 137 0.500000
113 140 0.500000
113 144 0.500000
113 145 0.500000
113 150 0.500000
113 160 0.500000
114 119 0.500000
114 122 0.500000
114 137 0.500000
114 139 0.500000
114 159 0.500000
115 116 0.500000
115 124 0.500000
115 139 0.500000
115 144 0.500000
115 146 0.500000
115 148 0.500000
115 160 0.500000
116 117 0.500000
116 121 0.500000
116 124 0.500000
116 125 0.500000
116 139 0.500000
116 143 0.500000
116 145 0.500000
116 157 0.500000
116 160 0.500000
117 118 0.500000
117 121 0.500000
117 122 0.500000
117 127 0.500000
117 132 0.500000
117 133 0.500000
117 134 0.500000
117 137 0.500000
117 141 0.500000
117 142 0.500000
117 143 0.500000
117 144 0.500000
117 147 0.500000
117 151 0.500000
117 153 0.500000
117 154 0.500000
117 155 0.500000
118 128 0.500000
118 138 0.500000
118 139 0.500000
118 142 0.500000
118 143 0.500000
118 145 0.500000
118 149 0.500000
118 150 0.500000
118 154 0.500000
118 157 0.500000
118 159 0.500000
119 121 0.500000
119 127 0.500000
119 130 0.500000
119 133 0.500000
119 134 0.500000
119 137 0.500000
119 141 0.500000
119 142 0.500000
119 145 0.500000
119 151 0.500000
119 152 0.500000
119 158 0.500000
119 160 0.500000
120 125 0.500000
120 136 0.500000
120 141 0.500000
120 146 0.500000
120 152 0.500000
120 155 0.500000
121 125 0.500000
121 128 0.500000
121 129 0.500000
121 138 0.500000
121 139 0.500000
121 140 0.500000
121 150 0.500000
121 153 0.500000
121 156 0.500000
121 159 0.500000
121 160 0.500000
122 123 0.500000
122 127 0.500000
122 131 0.500000
122 136 0.500000
122 138 0.500000
122 139 0.500000
122 142 0.500000
122 150 0.500000
122 152 0.500000
122 154 0.500000
122 157 0.500000
123 126 0.500000
123 128 0.500000
123 131 0.500000
123 133 0.500000
123 138 0.500000
123 142 0.500000
123 143 0.500000
123 144 0.500000
123 147 0.500000
123 151 0.500000
123 156 0.500000
123 159 0.500000
124 125 0.500000
124 126 0.500000
124 135 0.500000
124 136 0.500000
124 141 0.500000
124 142 0.500000
124 146 0.500000
124 151 0.500000
124 158 0.500000
125 129 0.500000
125 132 0.500000
125 136 0.500000
125 145 0.500000
125 146 0.500000
125 152 0.500000
125 153 0.500000
125 158 0.500000
125 159 0.500000
126 131 0.500000
126 136 0.500000
126 140 0.500000
126 149 0.500000
126 151 0.500000
126 155 0.500000
126 156 0.500000
126 158 0.500000
127 129 0.500000
127 133 0.500000
127 136 0.500000
127 140 0.500000
127 143 0.500000
127 151 0.500000
127 157 0.500000
127 158 0.500000
128 130 0.500000
128 134 0.500000
128 141 0.500000
128 144 0.500000
128 147 0.500000
128 159 0.500000
129 137 0.500000
129 141 0.500000
129 156 0.500000
129 158 0.500000
129 159 0.500000
130 134 0.500000
130 140 0.500000
130 141 0.500000
130 145 0.500000
130 146 0.500000
130 151 0.500000
130 153 0.500000
130 155 0.500000
130 159 0.500000
131 132 0.500000
131 134 0.500000
131 142 0.500000
131 146 0.500000
131 154 0.500000
131 156 0.500000
131 158 0.500000
132 133 0.500000
132 141 0.500000
132 143 0.500000
132 151 0.500000
132 154 0.500000
132 159 0.500000
133 138 0.500000
133 140 0.500000
133 144 0.500000
133 145 0.500000
133 146 0.500000
133 149 0.500000
133 153 0.500000
133 155 0.500000
133 158 0.500000
133 160 0.500000
134 137 0.500000
134 141 0.500000
134 144 0.500000
134 145 0.500000
134 147 0.500000
134 151 0.500000
134 159 0.500000
135 137 0.500000
135 140 0.500000
135 141 0.500000
135 149 0.500000
135 150 0.500000
135 153 0.500000
135 155 0.500000
135 160 0.500000
136 139 0.500000
136 146 0.500000
136 147 0.500000
136 150 0.500000
136 154 0.500000
137 142 0.500000
137 151 0.500000
137 154 0.500000
137 160 0.500000
138 150 0.500000
138 157 0.500000
139 141 0.500000
139 152 0.500000
139 157 0.500000
139 158 0.500000
139 159 0.500000
139 160 0.500000
140 142 0.500000
140 145 0.500000
140 149 0.500000
140 150 0.500000
140 154 0.500000
140 156 0.500000
141 143 0.500000
141 145 0.500000
141 154 0.500000
141 156 0.500000
141 157 0.500000
141 160 0.500000
142 143 0.500000
142 145 0.500000
142 150 0.500000
142 154 0.500000
143 146 0.500000
143 157 0.500000
144 148 0.500000
144 159 0.500000
144 160 0.500000
145 147 0.500000
145 152 0.500000
146 159 0.500000
147 151 0.500000
147 152 0.500000
147 153 0.500000
147 155 0.500000
147 157 0.500000
148 154 0.500000
148 156 0.500000
148 158 0.500000
148 160 0.500000
149 150 0.500000
149 151 0.500000
149 159 0.500000
150 158 0.500000
151 155 0.500000
151 158 0.500000
151 160 0.500000
152 155 0.500000
152 157 0.500000
152 159 0.500000
152 160 0.500000
153 154 0.500000
153 155 0.500000
153 156 0.500000
154 156 0.500000
155 157 0.500000
155 160 0.500000
156 159 0.500000
157 158 0.500000
157 159 0.500000
158 159 0.500000
