160 80 3180
1 4 0.500000
1 5 0.500000
1 7 0.500000
1 21 0.500000
1 25 0.500000
1 29 0.500000
1 32 0.500000
1 34 0.500000
1 38 0.500000
1 39 0.500000
1 41 0.500000
1 42 0.500000
1 45 0.500000
1 49 0.500000
1 54 0.500000
1 56 0.500000
1 63 0.500000
1 67 0.500000
1 74 0.500000
1 78 0.500000
1 80 0.500000
1 82 0.500000
1 83 0.500000
1 84 0.500000
1 89 0.500000
1 90 0.500000
1 93 0.500000
1 100 0.500000
1 105 0.500000
1 106 0.500000
1 107 0.500000
1 115 0.500000
1 116 0.500000
1 118 0.500000
1 123 0.500000
1 124 0.500000
1 137 0.500000
1 138 0.500000
1 145 0.500000
1 157 0.500000
1 158 0.500000
2 6 0.500000
2 16 0.500000
2 21 0.500000
2 27 0.500000
2 28 0.500000
2 32 0.500000
2 43 0.500000
2 44 0.500000
2 56 0.500000
2 59 0.500000
2 62 0.500000
2 63 0.500000
2 66 0.500000
2 67 0.500000
2 69 0.500000
2 70 0.500000
2 74 0.500000
2 75 0.500000
2 78 0.500000
2 80 0.500000
2 93 0.500000
2 95 0.500000
2 102 0.500000
2 103 0.500000
2 106 0.500000
2 109 0.500000
2 111 0.500000
2 115 0.500000
2 117 0.500000
2 119 0.500000
2 123 0.500000
2 139 0.500000
2 142 0.500000
2 146 0.500000
2 147 0.500000
2 148 0.500000
2 149 0.500000
2 151 0.500000
2 160 0.500000
3 5 0.500000
3 7 0.500000
3 11 0.500000
3 14 0.500000
3 21 0.500000
3 32 0.500000
3 39 0.500000
3 42 0.500000
3 44 0.500000
3 45 0.500000
3 49 0.500000
3 52 0.500000
3 54 0.500000
3 56 0.500000
3 60 0.500000
3 64 0.500000
3 65 0.500000
3 66 0.500000
3 67 0.500000
3 69 0.500000
3 76 0.500000
3 77 0.500000
3 78 0.500000
3 84 0.500000
3 88 0.500000
3 90 0.500000
3 92 0.500000
3 96 0.500000
3 99 0.500000
3 102 0.500000
3 103 0.500000
3 105 0.500000
3 107 0.500000
3 111 0.500000
3 113 0.500000
3 117 0.500000
3 119 0.500000
3 123 0.500000
3 124 0.500000
3 128 0.500000
3 131 0.500000
3 132 0.500000
3 135 0.500000
3 136 0.500000
3 142 0.500000
3 145 0.500000
3 155 0.500000
3 159 0.500000
4 9 0.500000
4 10 0.500000
4 14 0.500000
4 16 0.500000
4 18 0.500000
4 19 0.500000
4 23 0.500000
4 27 0.500000
4 28 0.500000
4 31 0.500000
4 32 0.500000
4 33 0.500000
4 42 0.500000
4 47 0.500000
4 49 0.500000
4 50 0.500000
4 53 0.500000
4 59 0.500000
4 62 0.500000
4 65 0.500000
4 67 0.500000
4 70 0.500000
4 72 0.500000
4 73 0.500000
4 74 0.500000
4 82 0.500000
4 84 0.500000
4 85 0.500000
4 86 0.500000
4 88 0.500000
4 90 0.500000
4 101 0.500000
4 104 0.500000
4 106 0.500000
4 111 0.500000
4 114 0.500000
4 115 0.500000
4 116 0.500000
4 117 0.500000
4 120 0.500000
4 126 0.500000
4 129 0.500000
4 136 0.500000
4 145 0.500000
4 147 0.500000
4 152 0.500000
4 153 0.500000
4 154 0.500000
4 156 0.500000
4 159 0.500000
5 8 0.500000
5 11 0.500000
5 17 0.500000
5 18 0.500000
5 19 0.500000
5 25 0.500000
5 28 0.500000
5 31 0.500000
5 33 0.500000
5 38 0.500000
5 40 0.500000
5 42 0.500000
5 56 0.500000
5 60 0.500000
5 61 0.500000
5 62 0.500000
5 73 0.500000
5 77 0.500000
5 79 0.500000
5 80 0.500000
5 90 0.500000
5 95 0.500000
5 96 0.500000
5 101 0.500000
5 102 0.500000
5 107 0.500000
5 114 0.500000
5 117 0.500000
5 119 0.500000
5 121 0.500000
5 128 0.500000
5 129 0.500000
5 133 0.500000
5 135 0.500000
5 141 0.500000
5 143 0.500000
5 145 0.500000
5 148 0.500000
5 152 0.500000
5 158 0.500000
5 160 0.500000
6 13 0.500000
6 14 0.500000
6 17 0.500000
6 18 0.500000
6 20 0.500000
6 22 0.500000
6 23 0.500000
6 25 0.500000
6 27 0.500000
6 29 0.500000
6 32 0.500000
6 37 0.500000
6 39 0.500000
6 41 0.500000
6 48 0.500000
6 53 0.500000
6 54 0.500000
6 60 0.500000
6 68 0.500000
6 71 0.500000
6 72 0.500000
6 78 0.500000
6 80 0.500000
6 85 0.500000
6 88 0.500000
6 93 0.500000
6 97 0.500000
6 101 0.500000
6 109 0.500000
6 111 0.500000
6 115 0.500000
6 117 0.500000
6 120 0.500000
6 123 0.500000
6 126 0.500000
6 128 0.500000
6 131 0.500000
6 133 0.500000
6 142 0.500000
6 152 0.500000
6 157 0.500000
6 158 0.500000
7 9 0.500000
7 13 0.500000
7 14 0.500000
7 20 0.500000
7 28 0.500000
7 35 0.500000
7 47 0.500000
7 49 0.500000
7 57 0.500000
7 62 0.500000
7 64 0.500000
7 69 0.500000
7 72 0.500000
7 74 0.500000
7 76 0.500000
7 77 0.500000
7 79 0.500000
7 82 0.500000
7 85 0.500000
7 87 0.500000
7 94 0.500000
7 97 0.500000
7 99 0.500000
7 102 0.500000
7 114 0.500000
7 115 0.500000
7 117 0.500000
7 120 0.500000
7 122 0.500000
7 125 0.500000
7 130 0.500000
7 131 0.500000
7 145 0.500000
7 150 0.500000
7 154 0.500000
8 15 0.500000
8 17 0.500000
8 19 0.500000
8 23 0.500000
8 26 0.500000
8 35 0.500000
8 37 0.500000
8 46 0.500000
8 50 0.500000
8 54 0.500000
8 55 0.500000
8 56 0.500000
8 58 0.500000
8 62 0.500000
8 66 0.500000
8 69 0.500000
8 70 0.500000
8 71 0.500000
8 72 0.500000
8 74 0.500000
8 79 0.500000
8 90 0.500000
8 95 0.500000
8 98 0.500000
8 101 0.500000
8 105 0.500000
8 107 0.500000
8 112 0.500000
8 116 0.500000
8 119 0.500000
8 121 0.500000
8 122 0.500000
8 126 0.500000
8 127 0.500000
8 128 0.500000
8 129 0.500000
8 139 0.500000
8 143 0.500000
8 154 0.500000
8 159 0.500000
9 14 0.500000
9 17 0.500000
9 22 0.500000
9 27 0.500000
9 30 0.500000
9 32 0.500000
9 33 0.500000
9 37 0.500000
9 56 0.500000
9 57 0.500000
9 69 0.500000
9 73 0.500000
9 77 0.500000
9 80 0.500000
9 84 0.500000
9 87 0.500000
9 88 0.500000
9 89 0.500000
9 90 0.500000
9 92 0.500000
9 100 0.500000
9 102 0.500000
9 105 0.500000
9 106 0.500000
9 112 0.500000
9 113 0.500000
9 115 0.500000
9 118 0.500000
9 121 0.500000
9 133 0.500000
9 145 0.500000
9 147 0.500000
9 148 0.500000
9 152 0.500000
10 14 0.500000
10 24 0.500000
10 28 0.500000
10 29 0.500000
10 30 0.500000
10 31 0.500000
10 33 0.500000
10 40 0.500000
10 43 0.500000
10 58 0.500000
10 64 0.500000
10 65 0.500000
10 69 0.500000
10 73 0.500000
10 77 0.500000
10 79 0.500000
10 80 0.500000
10 82 0.500000
10 95 0.500000
10 97 0.500000
10 98 0.500000
10 99 0.500000
10 100 0.500000
10 105 0.500000
10 107 0.500000
10 111 0.500000
10 114 0.500000
10 118 0.500000
10 126 0.500000
10 127 0.500000
10 134 0.500000
10 142 0.500000
10 144 0.500000
10 146 0.500000
10 148 0.500000
10 149 0.500000
10 159 0.500000
11 28 0.500000
11 30 0.500000
11 33 0.500000
11 44 0.500000
11 57 0.500000
11 62 0.500000
11 64 0.500000
11 66 0.500000
11 67 0.500000
11 68 0.500000
11 71 0.500000
11 80 0.500000
11 88 0.500000
11 95 0.500000
11 99 0.500000
11 104 0.500000
11 110 0.500000
11 118 0.500000
11 121 0.500000
11 123 0.500000
11 125 0.500000
11 127 0.500000
11 132 0.500000
11 139 0.500000
11 143 0.500000
11 147 0.500000
11 151 0.500000
11 153 0.500000
11 154 0.500000
11 157 0.500000
11 159 0.500000
11 160 0.500000
12 14 0.500000
12 15 0.500000
12 26 0.500000
12 27 0.500000
12 36 0.500000
12 45 0.500000
12 56 0.500000
12 59 0.500000
12 60 0.500000
12 65 0.500000
12 70 0.500000
12 74 0.500000
12 75 0.500000
12 89 0.500000
12 100 0.500000
12 102 0.500000
12 107 0.500000
12 112 0.500000
12 113 0.500000
12 114 0.500000
12 117 0.500000
12 124 0.500000
12 131 0.500000
12 135 0.500000
12 144 0.500000
12 145 0.500000
12 152 0.500000
13 16 0.500000
13 17 0.500000
13 20 0.500000
13 21 0.500000
13 23 0.500000
13 24 0.500000
13 26 0.500000
13 29 0.500000
13 30 0.500000
13 40 0.500000
13 41 0.500000
13 46 0.500000
13 50 0.500000
13 53 0.500000
13 55 0.500000
13 56 0.500000
13 57 0.500000
13 58 0.500000
13 59 0.500000
13 60 0.500000
13 67 0.500000
13 84 0.500000
13 88 0.500000
13 93 0.500000
13 98 0.500000
13 105 0.500000
13 109 0.500000
13 116 0.500000
13 119 0.500000
13 125 0.500000
13 126 0.500000
13 127 0.500000
13 129 0.500000
13 130 0.500000
13 132 0.500000
13 135 0.500000
13 136 0.500000
13 139 0.500000
13 141 0.500000
13 144 0.500000
13 148 0.500000
13 149 0.500000
13 154 0.500000
13 159 0.500000
13 160 0.500000
14 22 0.500000
14 25 0.500000
14 31 0.500000
14 35 0.500000
14 39 0.500000
14 41 0.500000
14 43 0.500000
14 46 0.500000
14 48 0.500000
14 51 0.500000
14 53 0.500000
14 56 0.500000
14 57 0.500000
14 66 0.500000
14 69 0.500000
14 75 0.500000
14 79 0.500000
14 80 0.500000
14 83 0.500000
14 87 0.500000
14 92 0.500000
14 97 0.500000
14 103 0.500000
14 109 0.500000
14 115 0.500000
14 116 0.500000
14 117 0.500000
14 118 0.500000
14 122 0.500000
14 125 0.500000
14 130 0.500000
14 138 0.500000
14 139 0.500000
14 141 0.500000
14 144 0.500000
14 145 0.500000
14 158 0.500000
14 159 0.500000
15 20 0.500000
15 24 0.500000
15 30 0.500000
15 35 0.500000
15 38 0.500000
15 40 0.500000
15 44 0.500000
15 56 0.500000
15 59 0.500000
15 62 0.500000
15 66 0.500000
15 67 0.500000
15 70 0.500000
15 72 0.500000
15 74 0.500000
15 76 0.500000
15 79 0.500000
15 81 0.500000
15 83 0.500000
15 84 0.500000
15 87 0.500000
15 89 0.500000
15 99 0.500000
15 106 0.500000
15 115 0.500000
15 116 0.500000
15 118 0.500000
15 125 0.500000
15 128 0.500000
15 129 0.500000
15 130 0.500000
15 139 0.500000
15 142 0.500000
15 147 0.500000
15 153 0.500000
16 17 0.500000
16 24 0.500000
16 25 0.500000
16 41 0.500000
16 43 0.500000
16 44 0.500000
16 47 0.500000
16 51 0.500000
16 52 0.500000
16 53 0.500000
16 55 0.500000
16 58 0.500000
16 59 0.500000
16 60 0.500000
16 63 0.500000
16 71 0.500000
16 72 0.500000
16 79 0.500000
16 83 0.500000
16 95 0.500000
16 96 0.500000
16 99 0.500000
16 100 0.500000
16 101 0.500000
16 104 0.500000
16 117 0.500000
16 135 0.500000
16 143 0.500000
16 147 0.500000
16 149 0.500000
16 152 0.500000
16 155 0.500000
16 159 0.500000
17 23 0.500000
17 24 0.500000
17 27 0.500000
17 38 0.500000
17 48 0.500000
17 51 0.500000
17 53 0.500000
17 55 0.500000
17 65 0.500000
17 66 0.500000
17 68 0.500000
17 69 0.500000
17 77 0.500000
17 79 0.500000
17 84 0.500000
17 88 0.500000
17 93 0.500000
17 94 0.500000
17 101 0.500000
17 103 0.500000
17 108 0.500000
17 116 0.500000
17 117 0.500000
17 133 0.500000
17 138 0.500000
17 140 0.500000
17 146 0.500000
17 147 0.500000
17 151 0.500000
18 20 0.500000
18 28 0.500000
18 29 0.500000
18 31 0.500000
18 32 0.500000
18 37 0.500000
18 47 0.500000
18 48 0.500000
18 52 0.500000
18 57 0.500000
18 59 0.500000
18 61 0.500000
18 68 0.500000
18 70 0.500000
18 71 0.500000
18 76 0.500000
18 78 0.500000
18 82 0.500000
18 83 0.500000
18 95 0.500000
18 103 0.500000
18 110 0.500000
18 112 0.500000
18 117 0.500000
18 119 0.500000
18 125 0.500000
18 127 0.500000
18 140 0.500000
18 141 0.500000
18 147 0.500000
19 20 0.500000
19 21 0.500000
19 29 0.500000
19 30 0.500000
19 33 0.500000
19 45 0.500000
19 50 0.500000
19 52 0.500000
19 56 0.500000
19 58 0.500000
19 66 0.500000
19 68 0.500000
19 69 0.500000
19 72 0.500000
19 74 0.500000
19 76 0.500000
19 82 0.500000
19 86 0.500000
19 87 0.500000
19 91 0.500000
19 92 0.500000
19 104 0.500000
19 106 0.500000
19 111 0.500000
19 112 0.500000
19 115 0.500000
19 121 0.500000
19 127 0.500000
19 130 0.500000
19 131 0.500000
19 138 0.500000
19 147 0.500000
19 148 0.500000
19 149 0.500000
19 154 0.500000
19 156 0.500000
19 160 0.500000
20 23 0.500000
20 27 0.500000
20 40 0.500000
20 54 0.500000
20 67 0.500000
20 71 0.500000
20 76 0.500000
20 89 0.500000
20 95 0.500000
20 97 0.500000
20 107 0.500000
20 111 0.500000
20 114 0.500000
20 119 0.500000
20 122 0.500000
20 127 0.500000
20 129 0.500000
20 136 0.500000
20 137 0.500000
20 138 0.500000
20 147 0.500000
20 148 0.500000
20 150 0.500000
20 155 0.500000
20 156 0.500000
21 23 0.500000
21 25 0.500000
21 26 0.500000
21 32 0.500000
21 35 0.500000
21 49 0.500000
21 51 0.500000
21 52 0.500000
21 54 0.500000
21 55 0.500000
21 56 0.500000
21 57 0.500000
21 62 0.500000
21 64 0.500000
21 68 0.500000
21 69 0.500000
21 72 0.500000
21 77 0.500000
21 80 0.500000
21 84 0.500000
21 89 0.500000
21 90 0.500000
21 95 0.500000
21 100 0.500000
21 104 0.500000
21 113 0.500000
21 120 0.500000
21 125 0.500000
21 136 0.500000
21 150 0.500000
21 151 0.500000
21 160 0.500000
22 25 0.500000
22 30 0.500000
22 47 0.500000
22 48 0.500000
22 49 0.500000
22 51 0.500000
22 57 0.500000
22 61 0.500000
22 66 0.500000
22 69 0.500000
22 76 0.500000
22 80 0.500000
22 81 0.500000
22 84 0.500000
22 86 0.500000
22 92 0.500000
22 97 0.500000
22 101 0.500000
22 105 0.500000
22 107 0.500000
22 109 0.500000
22 111 0.500000
22 113 0.500000
22 114 0.500000
22 117 0.500000
22 120 0.500000
22 122 0.500000
22 133 0.500000
22 134 0.500000
22 136 0.500000
22 137 0.500000
22 147 0.500000
22 148 0.500000
22 150 0.500000
22 153 0.500000
22 155 0.500000
22 157 0.500000
23 32 0.500000
23 34 0.500000
23 36 0.500000
23 39 0.500000
23 47 0.500000
23 50 0.500000
23 51 0.500000
23 52 0.500000
23 58 0.500000
23 59 0.500000
23 60 0.500000
23 62 0.500000
23 63 0.500000
23 67 0.500000
23 71 0.500000
23 77 0.500000
23 83 0.500000
23 84 0.500000
23 85 0.500000
23 88 0.500000
23 90 0.500000
23 91 0.500000
23 96 0.500000
23 107 0.500000
23 111 0.500000
23 115 0.500000
23 121 0.500000
23 122 0.500000
23 125 0.500000
23 128 0.500000
23 130 0.500000
23 137 0.500000
23 138 0.500000
23 146 0.500000
23 147 0.500000
23 151 0.500000
23 152 0.500000
23 154 0.500000
23 155 0.500000
23 159 0.500000
24 26 0.500000
24 31 0.500000
24 36 0.500000
24 37 0.500000
24 40 0.500000
24 45 0.500000
24 53 0.500000
24 54 0.500000
24 61 0.500000
24 62 0.500000
24 66 0.500000
24 71 0.500000
24 72 0.500000
24 73 0.500000
24 77 0.500000
24 81 0.500000
24 84 0.500000
24 88 0.500000
24 90 0.500000
24 91 0.500000
24 94 0.500000
24 95 0.500000
24 102 0.500000
24 108 0.500000
24 111 0.500000
24 112 0.500000
24 121 0.500000
24 124 0.500000
24 127 0.500000
24 129 0.500000
24 130 0.500000
24 131 0.500000
24 137 0.500000
24 141 0.500000
24 144 0.500000
24 149 0.500000
24 152 0.500000
24 155 0.500000
25 28 0.500000
25 29 0.500000
25 34 0.500000
25 37 0.500000
25 41 0.500000
25 47 0.500000
25 51 0.500000
25 53 0.500000
25 59 0.500000
25 69 0.500000
25 71 0.500000
25 75 0.500000
25 83 0.500000
25 87 0.500000
25 91 0.500000
25 92 0.500000
25 97 0.500000
25 98 0.500000
25 102 0.500000
25 105 0.500000
25 108 0.500000
25 115 0.500000
25 118 0.500000
25 130 0.500000
25 142 0.500000
25 143 0.500000
25 150 0.500000
25 154 0.500000
25 155 0.500000
25 158 0.500000
26 27 0.500000
26 29 0.500000
26 33 0.500000
26 34 0.500000
26 35 0.500000
26 36 0.500000
26 40 0.500000
26 43 0.500000
26 44 0.500000
26 45 0.500000
26 46 0.500000
26 49 0.500000
26 50 0.500000
26 51 0.500000
26 55 0.500000
26 64 0.500000
26 65 0.500000
26 71 0.500000
26 72 0.500000
26 78 0.500000
26 81 0.500000
26 87 0.500000
26 89 0.500000
26 90 0.500000
26 91 0.500000
26 93 0.500000
26 96 0.500000
26 97 0.500000
26 99 0.500000
26 109 0.500000
26 111 0.500000
26 114 0.500000
26 120 0.500000
26 125 0.500000
26 132 0.500000
26 134 0.500000
26 137 0.500000
26 140 0.500000
26 142 0.500000
26 143 0.500000
26 150 0.500000
26 152 0.500000
26 153 0.500000
27 36 0.500000
27 38 0.500000
27 42 0.500000
27 45 0.500000
27 54 0.500000
27 57 0.500000
27 60 0.500000
27 62 0.500000
27 64 0.500000
27 65 0.500000
27 68 0.500000
27 70 0.500000
27 75 0.500000
27 80 0.500000
27 86 0.500000
27 95 0.500000
27 97 0.500000
27 106 0.500000
27 113 0.500000
27 119 0.500000
27 133 0.500000
27 134 0.500000
27 141 0.500000
28 31 0.500000
28 35 0.500000
28 38 0.500000
28 47 0.500000
28 55 0.500000
28 66 0.500000
28 77 0.500000
28 80 0.500000
28 88 0.500000
28 94 0.500000
28 95 0.500000
28 96 0.500000
28 97 0.500000
28 101 0.500000
28 111 0.500000
28 121 0.500000
28 124 0.500000
28 126 0.500000
28 134 0.500000
28 135 0.500000
28 137 0.500000
28 146 0.500000
28 147 0.500000
28 154 0.500000
28 155 0.500000
28 157 0.500000
29 30 0.500000
29 31 0.500000
29 32 0.500000
29 42 0.500000
29 51 0.500000
29 54 0.500000
29 55 0.500000
29 57 0.500000
29 59 0.500000
29 63 0.500000
29 67 0.500000
29 72 0.500000
29 74 0.500000
29 77 0.500000
29 78 0.500000
29 82 0.500000
29 83 0.500000
29 87 0.500000
29 90 0.500000
29 94 0.500000
29 97 0.500000
29 99 0.500000
29 108 0.500000
29 125 0.500000
29 126 0.500000
29 127 0.500000
29 128 0.500000
29 130 0.500000
29 131 0.500000
29 132 0.500000
29 135 0.500000
29 138 0.500000
29 145 0.500000
29 151 0.500000
29 152 0.500000
29 153 0.500000
29 158 0.500000
30 31 0.500000
30 41 0.500000
30 43 0.500000
30 45 0.500000
30 49 0.500000
30 55 0.500000
30 56 0.500000
30 61 0.500000
30 62 0.500000
30 63 0.500000
30 65 0.500000
30 69 0.500000
30 72 0.500000
30 79 0.500000
30 84 0.500000
30 88 0.500000
30 92 0.500000
30 95 0.500000
30 111 0.500000
30 127 0.500000
30 134 0.500000
30 137 0.500000
30 143 0.500000
30 150 0.500000
30 154 0.500000
30 158 0.500000
31 37 0.500000
31 44 0.500000
31 47 0.500000
31 51 0.500000
31 52 0.500000
31 54 0.500000
31 58 0.500000
31 60 0.500000
31 63 0.500000
31 64 0.500000
31 69 0.500000
31 70 0.500000
31 73 0.500000
31 75 0.500000
31 78 0.500000
31 84 0.500000
31 87 0.500000
31 89 0.500000
31 94 0.500000
31 95 0.500000
31 96 0.500000
31 99 0.500000
31 110 0.500000
31 111 0.500000
31 112 0.500000
31 115 0.500000
31 116 0.500000
31 122 0.500000
31 125 0.500000
31 129 0.500000
31 140 0.500000
31 144 0.500000
31 145 0.500000
31 150 0.500000
31 152 0.500000
31 154 0.500000
31 155 0.500000
31 156 0.500000
31 158 0.500000
32 36 0.500000
32 43 0.500000
32 46 0.500000
32 49 0.500000
32 54 0.500000
32 55 0.500000
32 63 0.500000
32 68 0.500000
32 74 0.500000
32 87 0.500000
32 89 0.500000
32 93 0.500000
32 95 0.500000
32 99 0.500000
32 102 0.500000
32 108 0.500000
32 113 0.500000
32 114 0.500000
32 118 0.500000
32 122 0.500000
32 132 0.500000
32 141 0.500000
32 145 0.500000
32 147 0.500000
32 148 0.500000
32 151 0.500000
32 156 0.500000
32 157 0.500000
33 36 0.500000
33 44 0.500000
33 45 0.500000
33 49 0.500000
33 55 0.500000
33 59 0.500000
33 61 0.500000
33 68 0.500000
33 70 0.500000
33 72 0.500000
33 74 0.500000
33 76 0.500000
33 77 0.500000
33 80 0.500000
33 83 0.500000
33 85 0.500000
33 86 0.500000
33 90 0.500000
33 93 0.500000
33 95 0.500000
33 99 0.500000
33 102 0.500000
33 104 0.500000
33 106 0.500000
33 114 0.500000
33 120 0.500000
33 124 0.500000
33 128 0.500000
33 139 0.500000
33 142 0.500000
33 145 0.500000
33 146 0.500000
33 152 0.500000
33 160 0.500000
34 39 0.500000
34 40 0.500000
34 48 0.500000
34 49 0.500000
34 50 0.500000
34 52 0.500000
34 55 0.500000
34 67 0.500000
34 75 0.500000
34 79 0.500000
34 84 0.500000
34 90 0.500000
34 94 0.500000
34 97 0.500000
34 106 0.500000
34 127 0.500000
34 137 0.500000
34 138 0.500000
34 141 0.500000
34 144 0.500000
34 152 0.500000
34 153 0.500000
34 156 0.500000
35 36 0.500000
35 38 0.500000
35 44 0.500000
35 45 0.500000
35 48 0.500000
35 51 0.500000
35 58 0.500000
35 63 0.500000
35 64 0.500000
35 65 0.500000
35 67 0.500000
35 68 0.500000
35 70 0.500000
35 73 0.500000
35 77 0.500000
35 79 0.500000
35 80 0.500000
35 85 0.500000
35 86 0.500000
35 87 0.500000
35 89 0.500000
35 93 0.500000
35 95 0.500000
35 96 0.500000
35 106 0.500000
35 107 0.500000
35 108 0.500000
35 123 0.500000
35 124 0.500000
35 126 0.500000
35 128 0.500000
35 131 0.500000
35 132 0.500000
35 138 0.500000
35 139 0.500000
35 140 0.500000
35 142 0.500000
35 145 0.500000
35 146 0.500000
35 151 0.500000
35 152 0.500000
35 153 0.500000
35 157 0.500000
35 158 0.500000
36 40 0.500000
36 42 0.500000
36 45 0.500000
36 46 0.500000
36 47 0.500000
36 68 0.500000
36 73 0.500000
36 77 0.500000
36 80 0.500000
36 81 0.500000
36 84 0.500000
36 91 0.500000
36 94 0.500000
36 104 0.500000
36 107 0.500000
36 108 0.500000
36 109 0.500000
36 116 0.500000
36 121 0.500000
36 128 0.500000
36 131 0.500000
36 135 0.500000
36 139 0.500000
36 142 0.500000
36 143 0.500000
36 154 0.500000
36 156 0.500000
36 157 0.500000
37 40 0.500000
37 41 0.500000
37 44 0.500000
37 48 0.500000
37 51 0.500000
37 77 0.500000
37 78 0.500000
37 80 0.500000
37 89 0.500000
37 96 0.500000
37 97 0.500000
37 101 0.500000
37 106 0.500000
37 108 0.500000
37 109 0.500000
37 112 0.500000
37 116 0.500000
37 117 0.500000
37 119 0.500000
37 123 0.500000
37 124 0.500000
37 125 0.500000
37 126 0.500000
37 130 0.500000
37 132 0.500000
37 139 0.500000
37 144 0.500000
37 146 0.500000
37 148 0.500000
37 149 0.500000
37 151 0.500000
37 158 0.500000
38 42 0.500000
38 47 0.500000
38 48 0.500000
38 49 0.500000
38 54 0.500000
38 56 0.500000
38 61 0.500000
38 63 0.500000
38 82 0.500000
38 86 0.500000
38 89 0.500000
38 90 0.500000
38 94 0.500000
38 96 0.500000
38 97 0.500000
38 98 0.500000
38 99 0.500000
38 101 0.500000
38 110 0.500000
38 119 0.500000
38 121 0.500000
38 127 0.500000
38 133 0.500000
38 135 0.500000
38 136 0.500000
38 142 0.500000
38 143 0.500000
38 144 0.500000
38 145 0.500000
38 146 0.500000
38 152 0.500000
38 153 0.500000
39 42 0.500000
39 47 0.500000
39 51 0.500000
39 66 0.500000
39 70 0.500000
39 73 0.500000
39 80 0.500000
39 83 0.500000
39 97 0.500000
39 102 0.500000
39 106 0.500000
39 115 0.500000
39 118 0.500000
39 126 0.500000
39 127 0.500000
39 135 0.500000
39 141 0.500000
39 145 0.500000
39 146 0.500000
40 50 0.500000
40 54 0.500000
40 55 0.500000
40 59 0.500000
40 61 0.500000
40 66 0.500000
40 70 0.500000
40 71 0.500000
40 73 0.500000
40 80 0.500000
40 81 0.500000
40 85 0.500000
40 91 0.500000
40 93 0.500000
40 94 0.500000
40 95 0.500000
40 97 0.500000
40 99 0.500000
40 107 0.500000
40 109 0.500000
40 110 0.500000
40 123 0.500000
40 125 0.500000
40 128 0.500000
40 131 0.500000
40 132 0.500000
40 137 0.500000
40 138 0.500000
40 140 0.500000
40 143 0.500000
40 150 0.500000
40 152 0.500000
40 154 0.500000
40 156 0.500000
40 160 0.500000
41 44 0.500000
41 45 0.500000
41 53 0.500000
41 55 0.500000
41 58 0.500000
41 59 0.500000
41 60 0.500000
41 64 0.500000
41 82 0.500000
41 84 0.500000
41 97 0.500000
41 98 0.500000
41 100 0.500000
41 104 0.500000
41 110 0.500000
41 117 0.500000
41 121 0.500000
41 123 0.500000
41 125 0.500000
41 130 0.500000
41 143 0.500000
41 152 0.500000
41 155 0.500000
41 159 0.500000
42 46 0.500000
42 52 0.500000
42 55 0.500000
42 58 0.500000
42 59 0.500000
42 72 0.500000
42 79 0.500000
42 89 0.500000
42 98 0.500000
42 103 0.500000
42 104 0.500000
42 115 0.500000
42 117 0.500000
42 125 0.500000
42 127 0.500000
42 131 0.500000
42 132 0.500000
42 139 0.500000
42 144 0.500000
42 147 0.500000
42 148 0.500000
42 157 0.500000
43 45 0.500000
43 48 0.500000
43 50 0.500000
43 57 0.500000
43 60 0.500000
43 62 0.500000
43 68 0.500000
43 72 0.500000
43 77 0.500000
43 78 0.500000
43 81 0.500000
43 82 0.500000
43 86 0.500000
43 88 0.500000
43 96 0.500000
43 103 0.500000
43 104 0.500000
43 108 0.500000
43 112 0.500000
43 116 0.500000
43 128 0.500000
43 138 0.500000
43 146 0.500000
43 148 0.500000
43 150 0.500000
43 152 0.500000
43 157 0.500000
43 160 0.500000
44 49 0.500000
44 52 0.500000
44 56 0.500000
44 57 0.500000
44 58 0.500000
44 59 0.500000
44 60 0.500000
44 61 0.500000
44 65 0.500000
44 67 0.500000
44 69 0.500000
44 70 0.500000
44 72 0.500000
44 80 0.500000
44 81 0.500000
44 82 0.500000
44 88 0.500000
44 90 0.500000
44 96 0.500000
44 98 0.500000
44 99 0.500000
44 104 0.500000
44 111 0.500000
44 116 0.500000
44 117 0.500000
44 121 0.500000
44 126 0.500000
44 130 0.500000
44 131 0.500000
44 134 0.500000
44 136 0.500000
44 142 0.500000
44 147 0.500000
44 148 0.500000
44 159 0.500000
45 54 0.500000
45 57 0.500000
45 63 0.500000
45 69 0.500000
45 75 0.500000
45 82 0.500000
45 84 0.500000
45 101 0.500000
45 108 0.500000
45 119 0.500000
45 120 0.500000
45 121 0.500000
45 125 0.500000
45 133 0.500000
45 138 0.500000
45 139 0.500000
45 143 0.500000
45 148 0.500000
45 153 0.500000
45 154 0.500000
45 158 0.500000
45 159 0.500000
45 160 0.500000
46 49 0.500000
46 54 0.500000
46 56 0.500000
46 62 0.500000
46 66 0.500000
46 68 0.500000
46 70 0.500000
46 76 0.500000
46 77 0.500000
46 78 0.500000
46 85 0.500000
46 86 0.500000
46 88 0.500000
46 92 0.500000
46 93 0.500000
46 94 0.500000
46 95 0.500000
46 106 0.500000
46 108 0.500000
46 115 0.500000
46 116 0.500000
46 126 0.500000
46 131 0.500000
46 132 0.500000
46 133 0.500000
46 142 0.500000
46 146 0.500000
46 147 0.500000
46 155 0.500000
46 157 0.500000
46 160 0.500000
47 53 0.500000
47 54 0.500000
47 55 0.500000
47 56 0.500000
47 59 0.500000
47 61 0.500000
47 62 0.500000
47 69 0.500000
47 73 0.500000
47 78 0.500000
47 79 0.500000
47 80 0.500000
47 84 0.500000
47 85 0.500000
47 89 0.500000
47 93 0.500000
47 94 0.500000
47 100 0.500000
47 103 0.500000
47 107 0.500000
47 119 0.500000
47 124 0.500000
47 128 0.500000
47 129 0.500000
47 131 0.500000
47 151 0.500000
47 156 0.500000
47 159 0.500000
48 64 0.500000
48 66 0.500000
48 70 0.500000
48 72 0.500000
48 83 0.500000
48 86 0.500000
48 88 0.500000
48 89 0.500000
48 90 0.500000
48 95 0.500000
48 99 0.500000
48 102 0.500000
48 103 0.500000
48 106 0.500000
48 108 0.500000
48 109 0.500000
48 111 0.500000
48 115 0.500000
48 122 0.500000
48 124 0.500000
48 125 0.500000
48 128 0.500000
48 129 0.500000
48 131 0.500000
48 137 0.500000
48 142 0.500000
48 146 0.500000
48 149 0.500000
48 150 0.500000
48 151 0.500000
48 152 0.500000
48 154 0.500000
49 57 0.500000
49 58 0.500000
49 65 0.500000
49 69 0.500000
49 77 0.500000
49 80 0.500000
49 81 0.500000
49 87 0.500000
49 88 0.500000
49 89 0.500000
49 90 0.500000
49 92 0.500000
49 101 0.500000
49 108 0.500000
49 121 0.500000
49 126 0.500000
49 132 0.500000
49 135 0.500000
49 140 0.500000
49 142 0.500000
49 143 0.500000
49 148 0.500000
49 149 0.500000
50 52 0.500000
50 57 0.500000
50 60 0.500000
50 72 0.500000
50 75 0.500000
50 76 0.500000
50 78 0.500000
50 80 0.500000
50 83 0.500000
50 84 0.500000
50 90 0.500000
50 92 0.500000
50 96 0.500000
50 118 0.500000
50 119 0.500000
50 122 0.500000
50 133 0.500000
50 139 0.500000
50 144 0.500000
50 149 0.500000
50 153 0.500000
50 155 0.500000
50 158 0.500000
50 160 0.500000
51 53 0.500000
51 60 0.500000
51 63 0.500000
51 64 0.500000
51 65 0.500000
51 66 0.500000
51 68 0.500000
51 75 0.500000
51 77 0.500000
51 81 0.500000
51 84 0.500000
51 86 0.500000
51 88 0.500000
51 95 0.500000
51 97 0.500000
51 99 0.500000
51 100 0.500000
51 101 0.500000
51 102 0.500000
51 103 0.500000
51 106 0.500000
51 108 0.500000
51 109 0.500000
51 112 0.500000
51 113 0.500000
51 116 0.500000
51 122 0.500000
51 123 0.500000
51 126 0.500000
51 127 0.500000
51 128 0.500000
51 129 0.500000
51 134 0.500000
51 141 0.500000
51 144 0.500000
51 147 0.500000
51 150 0.500000
51 151 0.500000
51 155 0.500000
51 157 0.500000
51 160 0.500000
52 53 0.500000
52 59 0.500000
52 61 0.500000
52 63 0.500000
52 65 0.500000
52 70 0.500000
52 72 0.500000
52 75 0.500000
52 78 0.500000
52 85 0.500000
52 89 0.500000
52 90 0.500000
52 91 0.500000
52 96 0.500000
52 106 0.500000
52 108 0.500000
52 118 0.500000
52 119 0.500000
52 120 0.500000
52 121 0.500000
52 123 0.500000
52 125 0.500000
52 126 0.500000
52 134 0.500000
52 138 0.500000
52 143 0.500000
52 156 0.500000
53 54 0.500000
53 59 0.500000
53 60 0.500000
53 67 0.500000
53 73 0.500000
53 77 0.500000
53 78 0.500000
53 79 0.500000
53 83 0.500000
53 92 0.500000
53 93 0.500000
53 98 0.500000
53 99 0.500000
53 102 0.500000
53 104 0.500000
53 106 0.500000
53 108 0.500000
53 112 0.500000
53 113 0.500000
53 119 0.500000
53 124 0.500000
53 125 0.500000
53 126 0.500000
53 127 0.500000
53 150 0.500000
53 157 0.500000
53 160 0.500000
54 55 0.500000
54 63 0.500000
54 65 0.500000
54 67 0.500000
54 70 0.500000
54 73 0.500000
54 74 0.500000
54 80 0.500000
54 100 0.500000
54 108 0.500000
54 111 0.500000
54 114 0.500000
54 118 0.500000
54 122 0.500000
54 127 0.500000
54 138 0.500000
54 139 0.500000
54 142 0.500000
54 149 0.500000
54 151 0.500000
54 152 0.500000
54 156 0.500000
55 58 0.500000
55 59 0.500000
55 60 0.500000
55 65 0.500000
55 66 0.500000
55 69 0.500000
55 70 0.500000
55 74 0.500000
55 76 0.500000
55 77 0.500000
55 78 0.500000
55 79 0.500000
55 84 0.500000
55 89 0.500000
55 94 0.500000
55 108 0.500000
55 109 0.500000
55 110 0.500000
55 114 0.500000
55 117 0.500000
55 121 0.500000
55 123 0.500000
55 124 0.500000
55 127 0.500000
55 130 0.500000
55 131 0.500000
55 133 0.500000
55 144 0.500000
55 145 0.500000
55 147 0.500000
55 151 0.500000
55 152 0.500000
56 57 0.500000
56 58 0.500000
56 59 0.500000
56 60 0.500000
56 62 0.500000
56 63 0.500000
56 65 0.500000
56 71 0.500000
56 75 0.500000
56 78 0.500000
56 83 0.500000
56 87 0.500000
56 97 0.500000
56 98 0.500000
56 99 0.500000
56 100 0.500000
56 103 0.500000
56 108 0.500000
56 120 0.500000
56 124 0.500000
56 127 0.500000
56 132 0.500000
56 139 0.500000
56 141 0.500000
56 143 0.500000
56 147 0.500000
56 148 0.500000
56 153 0.500000
56 156 0.500000
56 159 0.500000
57 59 0.500000
57 60 0.500000
57 63 0.500000
57 73 0.500000
57 80 0.500000
57 81 0.500000
57 89 0.500000
57 91 0.500000
57 98 0.500000
57 105 0.500000
57 109 0.500000
57 115 0.500000
57 116 0.500000
57 122 0.500000
57 123 0.500000
57 126 0.500000
57 128 0.500000
57 134 0.500000
57 135 0.500000
57 139 0.500000
57 147 0.500000
57 151 0.500000
58 60 0.500000
58 62 0.500000
58 66 0.500000
58 67 0.500000
58 72 0.500000
58 77 0.500000
58 84 0.500000
58 90 0.500000
58 91 0.500000
58 97 0.500000
58 98 0.500000
58 101 0.500000
58 104 0.500000
58 106 0.500000
58 109 0.500000
58 111 0.500000
58 127 0.500000
58 128 0.500000
58 129 0.500000
58 135 0.500000
58 136 0.500000
58 143 0.500000
58 150 0.500000
58 151 0.500000
58 154 0.500000
58 158 0.500000
59 60 0.500000
59 62 0.500000
59 63 0.500000
59 80 0.500000
59 82 0.500000
59 85 0.500000
59 87 0.500000
59 88 0.500000
59 92 0.500000
59 98 0.500000
59 99 0.500000
59 100 0.500000
59 103 0.500000
59 111 0.500000
59 114 0.500000
59 117 0.500000
59 119 0.500000
59 121 0.500000
59 128 0.500000
59 131 0.500000
59 135 0.500000
59 136 0.500000
59 140 0.500000
59 141 0.500000
59 144 0.500000
59 152 0.500000
59 155 0.500000
60 64 0.500000
60 68 0.500000
60 71 0.500000
60 76 0.500000
60 80 0.500000
60 83 0.500000
60 84 0.500000
60 88 0.500000
60 89 0.500000
60 90 0.500000
60 91 0.500000
60 92 0.500000
60 94 0.500000
60 97 0.500000
60 98 0.500000
60 104 0.500000
60 107 0.500000
60 112 0.500000
60 118 0.500000
60 132 0.500000
60 134 0.500000
60 140 0.500000
60 141 0.500000
60 146 0.500000
60 148 0.500000
61 66 0.500000
61 77 0.500000
61 79 0.500000
61 83 0.500000
61 92 0.500000
61 94 0.500000
61 96 0.500000
61 103 0.500000
61 104 0.500000
61 105 0.500000
61 107 0.500000
61 120 0.500000
61 121 0.500000
61 141 0.500000
61 142 0.500000
61 144 0.500000
61 146 0.500000
61 149 0.500000
61 150 0.500000
62 67 0.500000
62 69 0.500000
62 71 0.500000
62 73 0.500000
62 74 0.500000
62 75 0.500000
62 76 0.500000
62 86 0.500000
62 87 0.500000
62 90 0.500000
62 91 0.500000
62 92 0.500000
62 95 0.500000
62 97 0.500000
62 98 0.500000
62 111 0.500000
62 112 0.500000
62 113 0.500000
62 120 0.500000
62 128 0.500000
62 129 0.500000
62 130 0.500000
62 132 0.500000
62 136 0.500000
62 143 0.500000
62 146 0.500000
62 147 0.500000
62 150 0.500000
62 157 0.500000
62 159 0.500000
63 65 0.500000
63 66 0.500000
63 71 0.500000
63 76 0.500000
63 79 0.500000
63 81 0.500000
63 89 0.500000
63 90 0.500000
63 93 0.500000
63 94 0.500000
63 102 0.500000
63 103 0.500000
63 104 0.500000
63 106 0.500000
63 107 0.500000
63 111 0.500000
63 112 0.500000
63 116 0.500000
63 117 0.500000
63 119 0.500000
63 122 0.500000
63 123 0.500000
63 127 0.500000
63 129 0.500000
63 131 0.500000
63 133 0.500000
63 141 0.500000
63 142 0.500000
63 148 0.500000
63 150 0.500000
63 151 0.500000
63 155 0.500000
63 156 0.500000
64 70 0.500000
64 76 0.500000
64 105 0.500000
64 107 0.500000
64 110 0.500000
64 118 0.500000
64 124 0.500000
64 125 0.500000
64 130 0.500000
64 133 0.500000
64 134 0.500000
64 135 0.500000
64 140 0.500000
64 145 0.500000
64 147 0.500000
65 66 0.500000
65 68 0.500000
65 74 0.500000
65 77 0.500000
65 78 0.500000
65 88 0.500000
65 91 0.500000
65 93 0.500000
65 96 0.500000
65 103 0.500000
65 104 0.500000
65 105 0.500000
65 110 0.500000
65 112 0.500000
65 118 0.500000
65 123 0.500000
65 124 0.500000
65 131 0.500000
65 132 0.500000
65 139 0.500000
65 140 0.500000
65 141 0.500000
65 143 0.500000
65 144 0.500000
65 145 0.500000
65 152 0.500000
65 158 0.500000
65 159 0.500000
66 72 0.500000
66 73 0.500000
66 74 0.500000
66 77 0.500000
66 83 0.500000
66 89 0.500000
66 92 0.500000
66 95 0.500000
66 96 0.500000
66 97 0.500000
66 102 0.500000
66 107 0.500000
66 109 0.500000
66 111 0.500000
66 113 0.500000
66 116 0.500000
66 124 0.500000
66 128 0.500000
66 129 0.500000
66 132 0.500000
66 136 0.500000
66 140 0.500000
66 141 0.500000
66 142 0.500000
66 145 0.500000
66 149 0.500000
67 76 0.500000
67 82 0.500000
67 84 0.500000
67 87 0.500000
67 90 0.500000
67 97 0.500000
67 107 0.500000
67 114 0.500000
67 120 0.500000
67 123 0.500000
67 126 0.500000
67 128 0.500000
67 133 0.500000
67 142 0.500000
67 144 0.500000
67 148 0.500000
67 156 0.500000
67 157 0.500000
67 158 0.500000
68 70 0.500000
68 74 0.500000
68 83 0.500000
68 85 0.500000
68 86 0.500000
68 89 0.500000
68 96 0.500000
68 97 0.500000
68 104 0.500000
68 105 0.500000
68 106 0.500000
68 111 0.500000
68 114 0.500000
68 116 0.500000
68 119 0.500000
68 121 0.500000
68 124 0.500000
68 125 0.500000
68 131 0.500000
68 139 0.500000
68 143 0.500000
68 144 0.500000
68 145 0.500000
68 153 0.500000
68 154 0.500000
68 157 0.500000
68 159 0.500000
68 160 0.500000
69 71 0.500000
69 85 0.500000
69 88 0.500000
69 97 0.500000
69 98 0.500000
69 106 0.500000
69 110 0.500000
69 111 0.500000
69 112 0.500000
69 115 0.500000
69 128 0.500000
69 130 0.500000
69 134 0.500000
69 135 0.500000
69 136 0.500000
69 139 0.500000
69 153 0.500000
69 156 0.500000
70 74 0.500000
70 75 0.500000
70 76 0.500000
70 82 0.500000
70 84 0.500000
70 91 0.500000
70 94 0.500000
70 120 0.500000
70 130 0.500000
70 134 0.500000
70 137 0.500000
70 139 0.500000
70 141 0.500000
70 142 0.500000
70 149 0.500000
70 152 0.500000
71 74 0.500000
71 76 0.500000
71 77 0.500000
71 78 0.500000
71 80 0.500000
71 82 0.500000
71 86 0.500000
71 89 0.500000
71 90 0.500000
71 95 0.500000
71 98 0.500000
71 100 0.500000
71 102 0.500000
71 103 0.500000
71 104 0.500000
71 106 0.500000
71 107 0.500000
71 117 0.500000
71 118 0.500000
71 119 0.500000
71 120 0.500000
71 128 0.500000
71 133 0.500000
71 136 0.500000
71 137 0.500000
71 146 0.500000
71 153 0.500000
71 154 0.500000
71 158 0.500000
71 160 0.500000
72 73 0.500000
72 76 0.500000
72 78 0.500000
72 83 0.500000
72 100 0.500000
72 110 0.500000
72 112 0.500000
72 118 0.500000
72 123 0.500000
72 127 0.500000
72 131 0.500000
72 142 0.500000
72 146 0.500000
72 147 0.500000
72 148 0.500000
72 150 0.500000
72 154 0.500000
73 75 0.500000
73 77 0.500000
73 85 0.500000
73 87 0.500000
73 88 0.500000
73 113 0.500000
73 116 0.500000
73 117 0.500000
73 118 0.500000
73 121 0.500000
73 122 0.500000
73 125 0.500000
73 132 0.500000
73 135 0.500000
73 138 0.500000
73 140 0.500000
73 157 0.500000
73 158 0.500000
73 160 0.500000
74 76 0.500000
74 82 0.500000
74 94 0.500000
74 101 0.500000
74 103 0.500000
74 108 0.500000
74 110 0.500000
74 111 0.500000
74 125 0.500000
74 126 0.500000
74 131 0.500000
74 132 0.500000
74 133 0.500000
74 139 0.500000
74 144 0.500000
74 145 0.500000
74 150 0.500000
74 152 0.500000
74 156 0.500000
74 158 0.500000
75 80 0.500000
75 81 0.500000
75 87 0.500000
75 96 0.500000
75 99 0.500000
75 103 0.500000
75 110 0.500000
75 111 0.500000
75 119 0.500000
75 120 0.500000
75 127 0.500000
75 137 0.500000
75 144 0.500000
75 148 0.500000
75 150 0.500000
75 155 0.500000
76 78 0.500000
76 80 0.500000
76 81 0.500000
76 82 0.500000
76 89 0.500000
76 90 0.500000
76 93 0.500000
76 97 0.500000
76 104 0.500000
76 106 0.500000
76 108 0.500000
76 110 0.500000
76 111 0.500000
76 117 0.500000
76 118 0.500000
76 128 0.500000
76 131 0.500000
76 132 0.500000
76 135 0.500000
76 137 0.500000
76 138 0.500000
76 142 0.500000
76 144 0.500000
76 145 0.500000
76 148 0.500000
76 153 0.500000
76 155 0.500000
76 156 0.500000
77 78 0.500000
77 80 0.500000
77 81 0.500000
77 91 0.500000
77 102 0.500000
77 104 0.500000
77 108 0.500000
77 110 0.500000
77 123 0.500000
77 131 0.500000
77 133 0.500000
77 139 0.500000
77 143 0.500000
77 145 0.500000
77 159 0.500000
77 160 0.500000
78 89 0.500000
78 91 0.500000
78 98 0.500000
78 102 0.500000
78 110 0.500000
78 111 0.500000
78 113 0.500000
78 121 0.500000
78 124 0.500000
78 135 0.500000
78 138 0.500000
78 142 0.500000
78 144 0.500000
78 148 0.500000
78 154 0.500000
78 158 0.500000
78 159 0.500000
78 160 0.500000
79 81 0.500000
79 82 0.500000
79 88 0.500000
79 90 0.500000
79 91 0.500000
79 97 0.500000
79 102 0.500000
79 103 0.500000
79 106 0.500000
79 111 0.500000
79 113 0.500000
79 116 0.500000
79 120 0.500000
79 125 0.500000
79 126 0.500000
79 136 0.500000
79 140 0.500000
79 141 0.500000
79 143 0.500000
79 156 0.500000
79 158 0.500000
80 95 0.500000
80 96 0.500000
80 101 0.500000
80 103 0.500000
80 107 0.500000
80 111 0.500000
80 112 0.500000
80 135 0.500000
80 139 0.500000
80 141 0.500000
80 143 0.500000
80 151 0.500000
80 152 0.500000
80 159 0.500000
80 160 0.500000
81 89 0.500000
81 94 0.500000
81 95 0.500000
81 101 0.500000
81 104 0.500000
81 114 0.500000
81 122 0.500000
81 125 0.500000
81 128 0.500000
81 136 0.500000
81 143 0.500000
81 146 0.500000
81 153 0.500000
81 159 0.500000
81 160 0.500000
82 85 0.500000
82 86 0.500000
82 87 0.500000
82 88 0.500000
82 93 0.500000
82 94 0.500000
82 97 0.500000
82 98 0.500000
82 99 0.500000
82 106 0.500000
82 109 0.500000
82 119 0.500000
82 122 0.500000
82 126 0.500000
82 128 0.500000
82 129 0.500000
82 132 0.500000
82 135 0.500000
82 139 0.500000
82 142 0.500000
82 148 0.500000
82 151 0.500000
82 155 0.500000
82 158 0.500000
82 159 0.500000
83 84 0.500000
83 89 0.500000
83 90 0.500000
83 93 0.500000
83 94 0.500000
83 96 0.500000
83 97 0.500000
83 99 0.500000
83 101 0.500000
83 103 0.500000
83 107 0.500000
83 108 0.500000
83 111 0.500000
83 123 0.500000
83 124 0.500000
83 133 0.500000
83 144 0.500000
83 152 0.500000
83 153 0.500000
83 159 0.500000
84 92 0.500000
84 98 0.500000
84 99 0.500000
84 100 0.500000
84 107 0.500000
84 117 0.500000
84 122 0.500000
84 126 0.500000
84 127 0.500000
84 135 0.500000
84 137 0.500000
84 140 0.500000
84 142 0.500000
84 149 0.500000
84 155 0.500000
85 93 0.500000
85 95 0.500000
85 98 0.500000
85 103 0.500000
85 104 0.500000
85 106 0.500000
85 107 0.500000
85 113 0.500000
85 115 0.500000
85 118 0.500000
85 127 0.500000
85 129 0.500000
85 131 0.500000
85 133 0.500000
85 134 0.500000
85 136 0.500000
85 137 0.500000
85 138 0.500000
85 150 0.500000
85 151 0.500000
85 158 0.500000
85 159 0.500000
86 87 0.500000
86 90 0.500000
86 101 0.500000
86 106 0.500000
86 113 0.500000
86 114 0.500000
86 117 0.500000
86 119 0.500000
86 124 0.500000
86 127 0.500000
86 129 0.500000
86 134 0.500000
86 138 0.500000
86 143 0.500000
86 148 0.500000
86 149 0.500000
86 152 0.500000
86 155 0.500000
87 90 0.500000
87 93 0.500000
87 96 0.500000
87 102 0.500000
87 109 0.500000
87 112 0.500000
87 119 0.500000
87 123 0.500000
87 128 0.500000
87 130 0.500000
87 132 0.500000
87 136 0.500000
87 137 0.500000
87 141 0.500000
87 142 0.500000
87 150 0.500000
87 155 0.500000
87 157 0.500000
87 160 0.500000
88 90 0.500000
88 98 0.500000
88 104 0.500000
88 106 0.500000
88 107 0.500000
88 108 0.500000
88 111 0.500000
88 114 0.500000
88 115 0.500000
88 118 0.500000
88 119 0.500000
88 120 0.500000
88 127 0.500000
88 134 0.500000
88 135 0.500000
88 140 0.500000
88 141 0.500000
88 142 0.500000
88 143 0.500000
88 148 0.500000
88 149 0.500000
88 153 0.500000
89 103 0.500000
89 105 0.500000
89 106 0.500000
89 109 0.500000
89 110 0.500000
89 113 0.500000
89 118 0.500000
89 120 0.500000
89 121 0.500000
89 123 0.500000
89 125 0.500000
89 126 0.500000
89 136 0.500000
89 141 0.500000
89 146 0.500000
89 147 0.500000
89 150 0.500000
89 151 0.500000
89 152 0.500000
90 97 0.500000
90 98 0.500000
90 103 0.500000
90 105 0.500000
90 106 0.500000
90 109 0.500000
90 110 0.500000
90 116 0.500000
90 118 0.500000
90 123 0.500000
90 124 0.500000
90 125 0.500000
90 129 0.500000
90 130 0.500000
90 132 0.500000
90 135 0.500000
90 136 0.500000
90 138 0.500000
90 141 0.500000
90 142 0.500000
90 143 0.500000
90 145 0.500000
90 152 0.500000
90 157 0.500000
90 158 0.500000
91 92 0.500000
91 95 0.500000
91 96 0.500000
91 98 0.500000
91 106 0.500000
91 107 0.500000
91 108 0.500000
91 109 0.500000
91 110 0.500000
91 113 0.500000
91 124 0.500000
91 128 0.500000
91 145 0.500000
91 159 0.500000
92 103 0.500000
92 114 0.500000
92 115 0.500000
92 117 0.500000
92 118 0.500000
92 121 0.500000
92 128 0.500000
92 129 0.500000
92 131 0.500000
92 133 0.500000
92 138 0.500000
92 140 0.500000
92 142 0.500000
92 143 0.500000
92 148 0.500000
92 151 0.500000
92 152 0.500000
93 97 0.500000
93 103 0.500000
93 104 0.500000
93 110 0.500000
93 111 0.500000
93 112 0.500000
93 117 0.500000
93 122 0.500000
93 123 0.500000
93 129 0.500000
93 130 0.500000
93 131 0.500000
93 134 0.500000
93 137 0.500000
93 147 0.500000
93 148 0.500000
93 149 0.500000
93 151 0.500000
93 158 0.500000
93 159 0.500000
94 102 0.500000
94 104 0.500000
94 106 0.500000
94 107 0.500000
94 110 0.500000
94 113 0.500000
94 117 0.500000
94 118 0.500000
94 120 0.500000
94 126 0.500000
94 127 0.500000
94 132 0.500000
94 139 0.500000
94 143 0.500000
94 149 0.500000
94 150 0.500000
94 156 0.500000
94 159 0.500000
95 99 0.500000
95 102 0.500000
95 104 0.500000
95 105 0.500000
95 109 0.500000
95 112 0.500000
95 124 0.500000
95 128 0.500000
95 131 0.500000
95 135 0.500000
95 140 0.500000
95 146 0.500000
95 149 0.500000
95 155 0.500000
95 159 0.500000
96 101 0.500000
96 106 0.500000
96 107 0.500000
96 116 0.500000
96 119 0.500000
96 125 0.500000
96 129 0.500000
96 132 0.500000
96 133 0.500000
96 135 0.500000
96 138 0.500000
96 140 0.500000
96 143 0.500000
96 145 0.500000
96 146 0.500000
96 158 0.500000
97 103 0.500000
97 107 0.500000
97 112 0.500000
97 113 0.500000
97 114 0.500000
97 120 0.500000
97 121 0.500000
97 122 0.500000
97 125 0.500000
97 129 0.500000
97 130 0.500000
97 135 0.500000
97 148 0.500000
97 149 0.500000
97 151 0.500000
97 157 0.500000
98 105 0.500000
98 107 0.500000
98 108 0.500000
98 115 0.500000
98 126 0.500000
98 133 0.500000
98 134 0.500000
98 145 0.500000
98 147 0.500000
98 149 0.500000
98 150 0.500000
98 158 0.500000
99 102 0.500000
99 106 0.500000
99 109 0.500000
99 111 0.500000
99 112 0.500000
99 114 0.500000
99 115 0.500000
99 123 0.500000
99 128 0.500000
99 133 0.500000
99 143 0.500000
100 101 0.500000
100 102 0.500000
100 103 0.500000
100 105 0.500000
100 110 0.500000
100 111 0.500000
100 112 0.500000
100 115 0.500000
100 120 0.500000
100 123 0.500000
100 147 0.500000
100 149 0.500000
100 152 0.500000
100 153 0.500000
101 104 0.500000
101 107 0.500000
101 114 0.500000
101 115 0.500000
101 116 0.500000
101 120 0.500000
101 128 0.500000
101 129 0.500000
101 131 0.500000
101 133 0.500000
101 134 0.500000
101 144 0.500000
101 145 0.500000
101 148 0.500000
101 149 0.500000
101 151 0.500000
101 153 0.500000
101 156 0.500000
102 105 0.500000
102 111 0.500000
102 117 0.500000
102 120 0.500000
102 123 0.500000
102 126 0.500000
102 139 0.500000
102 141 0.500000
102 142 0.500000
102 143 0.500000
102 150 0.500000
102 151 0.500000
102 153 0.500000
103 106 0.500000
103 111 0.500000
103 113 0.500000
103 117 0.500000
103 118 0.500000
103 124 0.500000
103 125 0.500000
103 126 0.500000
103 127 0.500000
103 133 0.500000
103 135 0.500000
103 136 0.500000
103 140 0.500000
103 141 0.500000
103 148 0.500000
103 160 0.500000
104 105 0.500000
104 107 0.500000
104 111 0.500000
104 119 0.500000
104 127 0.500000
104 128 0.500000
104 133 0.500000
104 137 0.500000
104 143 0.500000
104 145 0.500000
104 146 0.500000
104 150 0.500000
104 160 0.500000
105 106 0.500000
105 110 0.500000
105 113 0.500000
105 116 0.500000
105 117 0.500000
105 129 0.500000
105 137 0.500000
105 146 0.500000
105 148 0.500000
105 149 0.500000
105 150 0.500000
105 154 0.500000
106 107 0.500000
106 109 0.500000
106 111 0.500000
106 121 0.500000
106 126 0.500000
106 140 0.500000
106 141 0.500000
106 142 0.500000
106 144 0.500000
106 147 0.500000
106 156 0.500000
107 108 0.500000
107 128 0.500000
107 130 0.500000
107 137 0.500000
107 139 0.500000
107 143 0.500000
107 148 0.500000
107 153 0.500000
107 154 0.500000
107 159 0.500000
108 110 0.500000
108 111 0.500000
108 118 0.500000
108 125 0.500000
108 126 0.500000
108 131 0.500000
108 135 0.500000
108 137 0.500000
108 141 0.500000
108 143 0.500000
108 144 0.500000
108 149 0.500000
108 157 0.500000
108 160 0.500000
109 121 0.500000
109 122 0.500000
109 124 0.500000
109 131 0.500000
109 137 0.500000
109 138 0.500000
109 139 0.500000
109 143 0.500000
109 147 0.500000
109 148 0.500000
109 149 0.500000
109 150 0.500000
109 155 0.500000
109 157 0.500000
109 158 0.500000
110 116 0.500000
110 129 0.500000
110 131 0.500000
110 132 0.500000
110 133 0.500000
110 137 0.500000
110 138 0.500000
110 140 0.500000
110 152 0.500000
110 154 0.500000
110 159 0.500000
111 113 0.500000
111 114 0.500000
111 115 0.500000
111 117 0.500000
111 119 0.500000
111 125 0.500000
111 128 0.500000
111 132 0.500000
111 133 0.500000
111 134 0.500000
111 135 0.500000
111 136 0.500000
111 138 0.500000
111 144 0.500000
111 146 0.500000
111 151 0.500000
111 154 0.500000
112 113 0.500000
112 115 0.500000
112 116 0.500000
112 120 0.500000
112 122 0.500000
112 126 0.500000
112 128 0.500000
112 130 0.500000
112 133 0.500000
112 137 0.500000
112 139 0.500000
112 144 0.500000
112 146 0.500000
112 150 0.500000
112 151 0.500000
112 152 0.500000
112 157 0.500000
112 158 0.500000
113 117 0.500000
113 121 0.500000
113 123 0.500000
113 130 0.500000
113 132 0.500000
113 138 0.500000
113 139 0.500000
113 146 0.500000
113 158 0.500000
114 116 0.500000
114 117 0.500000
114 122 0.500000
114 123 0.500000
114 130 0.500000
114 133 0.500000
114 137 0.500000
114 139 0.500000
114 140 0.500000
114 151 0.500000
114 152 0.500000
114 154 0.500000
115 119 0.500000
115 123 0.500000
115 125 0.500000
115 126 0.500000
115 128 0.500000
115 131 0.500000
115 133 0.500000
115 134 0.500000
115 139 0.500000
115 146 0.500000
115 149 0.500000
115 150 0.500000
115 151 0.500000
115 156 0.500000
115 157 0.500000
115 159 0.500000
115 160 0.500000
116 123 0.500000
116 124 0.500000
116 125 0.500000
116 133 0.500000
116 137 0.500000
116 138 0.500000
116 145 0.500000
116 149 0.500000
116 150 0.500000
116 159 0.500000
117 125 0.500000
117 132 0.500000
117 133 0.500000
117 135 0.500000
117 142 0.500000
117 145 0.500000
117 151 0.500000
117 154 0.500000
117 156 0.500000
117 160 0.500000
118 120 0.500000
118 123 0.500000
118 124 0.500000
118 127 0.500000
118 129 0.500000
118 138 0.500000
118 143 0.500000
118 146 0.500000
118 148 0.500000
118 154 0.500000
118 155 0.500000
118 156 0.500000
118 158 0.500000
119 127 0.500000
119 128 0.500000
119 137 0.500000
119 139 0.500000
119 140 0.500000
119 145 0.500000
119 148 0.500000
119 153 0.500000
119 156 0.500000
119 159 0.500000
120 125 0.500000
120 127 0.500000
120 131 0.500000
120 140 0.500000
120 141 0.500000
120 143 0.500000
120 144 0.500000
120 147 0.500000
120 148 0.500000
121 124 0.500000
121 125 0.500000
121 128 0.500000
121 129 0.500000
121 135 0.500000
121 137 0.500000
121 142 0.500000
121 149 0.500000
121 156 0.500000
121 158 0.500000
122 123 0.500000
122 124 0.500000
122 127 0.500000
122 130 0.500000
122 132 0.500000
122 135 0.500000
122 145 0.500000
122 149 0.500000
122 152 0.500000
123 124 0.500000
123 129 0.500000
123 146 0.500000
123 149 0.500000
123 150 0.500000
123 152 0.500000
124 126 0.500000
124 128 0.500000
124 129 0.500000
124 133 0.500000
124 138 0.500000
124 144 0.500000
124 147 0.500000
124 151 0.500000
124 160 0.500000
125 126 0.500000
125 128 0.500000
125 133 0.500000
125 134 0.500000
125 135 0.500000
125 136 0.500000
125 137 0.500000
125 148 0.500000
125 155 0.500000
125 157 0.500000
126 128 0.500000
126 132 0.500000
126 133 0.500000
126 136 0.500000
126 152 0.500000
126 153 0.500000
126 154 0.500000
126 156 0.500000
127 128 0.500000
127 137 0.500000
127 140 0.500000
127 142 0.500000
127 144 0.500000
127 146 0.500000
127 155 0.500000
127 159 0.500000
128 132 0.500000
128 139 0.500000
128 145 0.500000
128 152 0.500000
128 155 0.500000
128 158 0.500000
128 159 0.500000
129 131 0.500000
129 133 0.500000
129 137 0.500000
129 138 0.500000
129 146 0.500000
129 151 0.500000
130 131 0.500000
130 134 0.500000
130 140 0.500000
130 147 0.500000
130 151 0.500000
130 152 0.500000
130 158 0.500000
130 160 0.500000
131 134 0.500000
131 142 0.500000
131 143 0.500000
131 149 0.500000
131 155 0.500000
131 158 0.500000
132 137 0.500000
132 139 0.500000
132 142 0.500000
132 148 0.500000
132 149 0.500000
132 153 0.500000
132 157 0.500000
133 138 0.500000
133 140 0.500000
133 146 0.500000
133 147 0.500000
133 149 0.500000
133 151 0.500000
133 155 0.500000
133 158 0.500000
134 135 0.500000
134 143 0.500000
134 145 0.500000
134 146 0.500000
134 147 0.500000
134 151 0.500000
134 158 0.500000
135 139 0.500000
135 143 0.500000
135 147 0.500000
135 152 0.500000
135 158 0.500000
136 139 0.500000
136 143 0.500000
136 147 0.500000
136 151 0.500000
136 152 0.500000
136 153 0.500000
136 157 0.500000
136 159 0.500000
137 140 0.500000
137 142 0.500000
137 149 0.500000
137 152 0.500000
138 140 0.500000
138 150 0.500000
138 154 0.500000
139 140 0.500000
139 143 0.500000
139 144 0.500000
139 148 0.500000
139 150 0.500000
139 151 0.500000
139 158 0.500000
140 143 0.500000
140 144 0.500000
140 157 0.500000
141 146 0.500000
141 149 0.500000
141 150 0.500000
141 152 0.500000
141 155 0.500000
141 156 0.500000
142 147 0.500000
142 150 0.500000
142 152 0.500000
142 158 0.500000
143 148 0.500000
143 149 0.500000
143 154 0.500000
144 148 0.500000
144 149 0.500000
144 150 0.500000
144 153 0.500000
144 156 0.500000
144 157 0.500000
144 159 0.500000
144 160 0.500000
145 147 0.500000
145 148 0.500000
145 152 0.500000
145 156 0.500000
145 157 0.500000
145 158 0.500000
145 159 0.500000
146 154 0.500000
146 158 0.500000
147 148 0.500000
147 151 0.500000
147 153 0.500000
147 158 0.500000
147 159 0.500000
148 151 0.500000
148 152 0.500000
148 153 0.500000
148 158 0.500000
149 150 0.500000
149 151 0.500000
149 153 0.500000
149 156 0.500000
149 158 0.500000
149 160 0.500000
150 153 0.500000
150 158 0.500000
150 159 0.500000
151 152 0.500000
151 153 0.500000
151 157 0.500000
151 160 0.500000
153 154 0.500000
153 158 0.500000
153 159 0.500000
154 156 0.500000
154 159 0.500000
155 156 0.500000
155 157 0.500000
155 159 0.500000
156 159 0.500000
156 160 0.500000
157 158 0.500000
158 159 0.500000
159 160 0.500000
