160 80 6360
1 2 0.500000
1 4 0.500000
1 5 0.500000
1 6 0.500000
1 12 0.500000
1 14 0.500000
1 17 0.500000
1 20 0.500000
1 23 0.500000
1 24 0.500000
1 25 0.500000
1 26 0.500000
1 28 0.500000
1 29 0.500000
1 30 0.500000
1 33 0.500000
1 35 0.500000
1 52 0.500000
1 54 0.500000
1 55 0.500000
1 60 0.500000
1 61 0.500000
1 62 0.500000
1 65 0.500000
1 68 0.500000
1 70 0.500000
1 71 0.500000
1 72 0.500000
1 73 0.500000
1 74 0.500000
1 78 0.500000
1 80 0.500000
1 81 0.500000
1 86 0.500000
1 88 0.500000
1 89 0.500000
1 90 0.500000
1 93 0.500000
1 96 0.500000
1 97 0.500000
1 98 0.500000
1 100 0.500000
1 102 0.500000
1 103 0.500000
1 106 0.500000
1 108 0.500000
1 109 0.500000
1 112 0.500000
1 115 0.500000
1 120 0.500000
1 121 0.500000
1 122 0.500000
1 125 0.500000
1 126 0.500000
1 127 0.500000
1 128 0.500000
1 129 0.500000
1 130 0.500000
1 133 0.500000
1 134 0.500000
1 135 0.500000
1 138 0.500000
1 141 0.500000
1 143 0.500000
1 144 0.500000
1 145 0.500000
1 148 0.500000
1 151 0.500000
1 153 0.500000
1 154 0.500000
1 155 0.500000
1 158 0.500000
1 159 0.500000
1 160 0.500000
2 4 0.500000
2 5 0.500000
2 7 0.500000
2 9 0.500000
2 10 0.500000
2 15 0.500000
2 16 0.500000
2 17 0.500000
2 18 0.500000
2 19 0.500000
2 21 0.500000
2 22 0.500000
2 30 0.500000
2 33 0.500000
2 37 0.500000
2 41 0.500000
2 46 0.500000
2 47 0.500000
2 55 0.500000
2 56 0.500000
2 57 0.500000
2 66 0.500000
2 68 0.500000
2 70 0.500000
2 72 0.500000
2 76 0.500000
2 78 0.500000
2 79 0.500000
2 83 0.500000
2 87 0.500000
2 89 0.500000
2 90 0.500000
2 91 0.500000
2 92 0.500000
2 93 0.500000
2 94 0.500000
2 98 0.500000
2 100 0.500000
2 101 0.500000
2 106 0.500000
2 118 0.500000
2 119 0.500000
2 121 0.500000
2 126 0.500000
2 127 0.500000
2 128 0.500000
2 129 0.500000
2 130 0.500000
2 131 0.500000
2 133 0.500000
2 135 0.500000
2 137 0.500000
2 138 0.500000
2 139 0.500000
2 140 0.500000
2 141 0.500000
2 145 0.500000
2 148 0.500000
2 151 0.500000
2 152 0.500000
2 153 0.500000
2 155 0.500000
2 156 0.500000
2 157 0.500000
2 158 0.500000
2 159 0.500000
3 4 0.500000
3 6 0.500000
3 7 0.500000
3 8 0.500000
3 10 0.500000
3 11 0.500000
3 13 0.500000
3 20 0.500000
3 22 0.500000
3 24 0.500000
3 25 0.500000
3 26 0.500000
3 27 0.500000
3 29 0.500000
3 30 0.500000
3 31 0.500000
3 34 0.500000
3 36 0.500000
3 37 0.500000
3 38 0.500000
3 40 0.500000
3 41 0.500000
3 42 0.500000
3 43 0.500000
3 45 0.500000
3 46 0.500000
3 48 0.500000
3 49 0.500000
3 50 0.500000
3 51 0.500000
3 54 0.500000
3 56 0.500000
3 62 0.500000
3 63 0.500000
3 66 0.500000
3 67 0.500000
3 68 0.500000
3 71 0.500000
3 74 0.500000
3 77 0.500000
3 79 0.500000
3 82 0.500000
3 83 0.500000
3 84 0.500000
3 87 0.500000
3 89 0.500000
3 91 0.500000
3 92 0.500000
3 93 0.500000
3 94 0.500000
3 96 0.500000
3 97 0.500000
3 98 0.500000
3 99 0.500000
3 100 0.500000
3 101 0.500000
3 102 0.500000
3 105 0.500000
3 106 0.500000
3 111 0.500000
3 112 0.500000
3 113 0.500000
3 117 0.500000
3 120 0.500000
3 121 0.500000
3 125 0.500000
3 127 0.500000
3 129 0.500000
3 130 0.500000
3 131 0.500000
3 133 0.500000
3 135 0.500000
3 137 0.500000
3 138 0.500000
3 139 0.500000
3 141 0.500000
3 142 0.500000
3 143 0.500000
3 144 0.500000
3 145 0.500000
3 148 0.500000
3 153 0.500000
3 154 0.500000
3 158 0.500000
3 159 0.500000
4 5 0.500000
4 6 0.500000
4 8 0.500000
4 10 0.500000
4 12 0.500000
4 13 0.500000
4 14 0.500000
4 15 0.500000
4 16 0.500000
4 18 0.500000
4 22 0.500000
4 27 0.500000
4 29 0.500000
4 34 0.500000
4 36 0.500000
4 37 0.500000
4 38 0.500000
4 39 0.500000
4 40 0.500000
4 41 0.500000
4 42 0.500000
4 44 0.500000
4 45 0.500000
4 46 0.500000
4 48 0.500000
4 50 0.500000
4 51 0.500000
4 55 0.500000
4 57 0.500000
4 58 0.500000
4 59 0.500000
4 61 0.500000
4 64 0.500000
4 65 0.500000
4 67 0.500000
4 68 0.500000
4 69 0.500000
4 71 0.500000
4 72 0.500000
4 73 0.500000
4 75 0.500000
4 86 0.500000
4 89 0.500000
4 90 0.500000
4 91 0.500000
4 92 0.500000
4 96 0.500000
4 99 0.500000
4 102 0.500000
4 103 0.500000
4 110 0.500000
4 112 0.500000
4 116 0.500000
4 118 0.500000
4 119 0.500000
4 120 0.500000
4 122 0.500000
4 124 0.500000
4 128 0.500000
4 134 0.500000
4 136 0.500000
4 137 0.500000
4 139 0.500000
4 141 0.500000
4 142 0.500000
4 143 0.500000
4 145 0.500000
4 146 0.500000
4 147 0.500000
4 150 0.500000
4 151 0.500000
4 154 0.500000
4 155 0.500000
4 156 0.500000
4 157 0.500000
4 158 0.500000
4 160 0.500000
5 6 0.500000
5 7 0.500000
5 11 0.500000
5 12 0.500000
5 13 0.500000
5 14 0.500000
5 15 0.500000
5 16 0.500000
5 20 0.500000
5 22 0.500000
5 23 0.500000
5 24 0.500000
5 27 0.500000
5 29 0.500000
5 31 0.500000
5 33 0.500000
5 34 0.500000
5 38 0.500000
5 39 0.500000
5 40 0.500000
5 41 0.500000
5 42 0.500000
5 43 0.500000
5 45 0.500000
5 46 0.500000
5 47 0.500000
5 48 0.500000
5 50 0.500000
5 51 0.500000
5 53 0.500000
5 54 0.500000
5 55 0.500000
5 56 0.500000
5 59 0.500000
5 60 0.500000
5 61 0.500000
5 62 0.500000
5 65 0.500000
5 67 0.500000
5 69 0.500000
5 72 0.500000
5 74 0.500000
5 80 0.500000
5 82 0.500000
5 83 0.500000
5 86 0.500000
5 88 0.500000
5 89 0.500000
5 90 0.500000
5 91 0.500000
5 92 0.500000
5 94 0.500000
5 97 0.500000
5 101 0.500000
5 103 0.500000
5 104 0.500000
5 105 0.500000
5 107 0.500000
5 108 0.500000
5 115 0.500000
5 117 0.500000
5 118 0.500000
5 122 0.500000
5 123 0.500000
5 124 0.500000
5 125 0.500000
5 128 0.500000
5 130 0.500000
5 132 0.500000
5 133 0.500000
5 134 0.500000
5 135 0.500000
5 136 0.500000
5 138 0.500000
5 139 0.500000
5 141 0.500000
5 145 0.500000
5 146 0.500000
5 148 0.500000
5 151 0.500000
5 152 0.500000
5 153 0.500000
5 154 0.500000
5 155 0.500000
5 158 0.500000
6 10 0.500000
6 15 0.500000
6 18 0.500000
6 20 0.500000
6 22 0.500000
6 23 0.500000
6 24 0.500000
6 31 0.500000
6 32 0.500000
6 34 0.500000
6 36 0.500000
6 37 0.500000
6 39 0.500000
6 40 0.500000
6 46 0.500000
6 47 0.500000
6 49 0.500000
6 56 0.500000
6 58 0.500000
6 60 0.500000
6 61 0.500000
6 63 0.500000
6 66 0.500000
6 67 0.500000
6 71 0.500000
6 73 0.500000
6 76 0.500000
6 77 0.500000
6 79 0.500000
6 80 0.500000
6 82 0.500000
6 83 0.500000
6 86 0.500000
6 87 0.500000
6 88 0.500000
6 89 0.500000
6 91 0.500000
6 92 0.500000
6 95 0.500000
6 96 0.500000
6 100 0.500000
6 101 0.500000
6 102 0.500000
6 104 0.500000
6 108 0.500000
6 109 0.500000
6 110 0.500000
6 111 0.500000
6 114 0.500000
6 116 0.500000
6 117 0.500000
6 119 0.500000
6 120 0.500000
6 121 0.500000
6 123 0.500000
6 126 0.500000
6 127 0.500000
6 128 0.500000
6 131 0.500000
6 136 0.500000
6 140 0.500000
6 141 0.500000
6 142 0.500000
6 144 0.500000
6 146 0.500000
6 147 0.500000
6 148 0.500000
6 152 0.500000
6 155 0.500000
6 156 0.500000
6 159 0.500000
7 12 0.500000
7 13 0.500000
7 15 0.500000
7 16 0.500000
7 17 0.500000
7 18 0.500000
7 19 0.500000
7 20 0.500000
7 21 0.500000
7 22 0.500000
7 24 0.500000
7 25 0.500000
7 27 0.500000
7 28 0.500000
7 30 0.500000
7 32 0.500000
7 36 0.500000
7 39 0.500000
7 40 0.500000
7 46 0.500000
7 47 0.500000
7 48 0.500000
7 49 0.500000
7 52 0.500000
7 53 0.500000
7 54 0.500000
7 56 0.500000
7 57 0.500000
7 60 0.500000
7 61 0.500000
7 62 0.500000
7 64 0.500000
7 66 0.500000
7 74 0.500000
7 75 0.500000
7 76 0.500000
7 77 0.500000
7 78 0.500000
7 79 0.500000
7 80 0.500000
7 82 0.500000
7 83 0.500000
7 84 0.500000
7 85 0.500000
7 88 0.500000
7 89 0.500000
7 91 0.500000
7 92 0.500000
7 93 0.500000
7 94 0.500000
7 95 0.500000
7 97 0.500000
7 98 0.500000
7 100 0.500000
7 102 0.500000
7 103 0.500000
7 105 0.500000
7 108 0.500000
7 109 0.500000
7 110 0.500000
7 117 0.500000
7 119 0.500000
7 121 0.500000
7 123 0.500000
7 126 0.500000
7 127 0.500000
7 128 0.500000
7 129 0.500000
7 130 0.500000
7 131 0.500000
7 133 0.500000
7 135 0.500000
7 136 0.500000
7 138 0.500000
7 139 0.500000
7 141 0.500000
7 145 0.500000
7 147 0.500000
7 154 0.500000
7 155 0.500000
7 159 0.500000
8 9 0.500000
8 10 0.500000
8 11 0.500000
8 13 0.500000
8 14 0.500000
8 17 0.500000
8 20 0.500000
8 21 0.500000
8 25 0.500000
8 26 0.500000
8 29 0.500000
8 30 0.500000
8 35 0.500000
8 36 0.500000
8 37 0.500000
8 38 0.500000
8 40 0.500000
8 44 0.500000
8 47 0.500000
8 50 0.500000
8 51 0.500000
8 52 0.500000
8 53 0.500000
8 54 0.500000
8 55 0.500000
8 56 0.500000
8 60 0.500000
8 61 0.500000
8 63 0.500000
8 66 0.500000
8 67 0.500000
8 68 0.500000
8 72 0.500000
8 73 0.500000
8 75 0.500000
8 77 0.500000
8 78 0.500000
8 81 0.500000
8 82 0.500000
8 84 0.500000
8 86 0.500000
8 88 0.500000
8 89 0.500000
8 90 0.500000
8 91 0.500000
8 93 0.500000
8 96 0.500000
8 97 0.500000
8 98 0.500000
8 99 0.500000
8 100 0.500000
8 101 0.500000
8 105 0.500000
8 108 0.500000
8 109 0.500000
8 110 0.500000
8 113 0.500000
8 116 0.500000
8 117 0.500000
8 118 0.500000
8 119 0.500000
8 122 0.500000
8 124 0.500000
8 125 0.500000
8 127 0.500000
8 128 0.500000
8 129 0.500000
8 133 0.500000
8 134 0.500000
8 135 0.500000
8 136 0.500000
8 137 0.500000
8 140 0.500000
8 141 0.500000
8 142 0.500000
8 143 0.500000
8 144 0.500000
8 145 0.500000
8 148 0.500000
8 149 0.500000
8 150 0.500000
8 151 0.500000
8 152 0.500000
8 153 0.500000
8 155 0.500000
8 156 0.500000
8 159 0.500000
9 10 0.500000
9 11 0.500000
9 13 0.500000
9 14 0.500000
9 16 0.500000
9 17 0.500000
9 18 0.500000
9 20 0.500000
9 21 0.500000
9 25 0.500000
9 28 0.500000
9 29 0.500000
9 30 0.500000
9 40 0.500000
9 41 0.500000
9 42 0.500000
9 44 0.500000
9 47 0.500000
9 49 0.500000
9 51 0.500000
9 55 0.500000
9 57 0.500000
9 58 0.500000
9 60 0.500000
9 64 0.500000
9 65 0.500000
9 66 0.500000
9 67 0.500000
9 69 0.500000
9 71 0.500000
9 73 0.500000
9 74 0.500000
9 77 0.500000
9 79 0.500000
9 80 0.500000
9 81 0.500000
9 83 0.500000
9 84 0.500000
9 85 0.500000
9 87 0.500000
9 89 0.500000
9 90 0.500000
9 92 0.500000
9 94 0.500000
9 96 0.500000
9 98 0.500000
9 101 0.500000
9 102 0.500000
9 103 0.500000
9 105 0.500000
9 107 0.500000
9 109 0.500000
9 110 0.500000
9 111 0.500000
9 112 0.500000
9 113 0.500000
9 114 0.500000
9 115 0.500000
9 119 0.500000
9 120 0.500000
9 121 0.500000
9 122 0.500000
9 125 0.500000
9 126 0.500000
9 128 0.500000
9 131 0.500000
9 134 0.500000
9 135 0.500000
9 138 0.500000
9 139 0.500000
9 140 0.500000
9 142 0.500000
9 144 0.500000
9 145 0.500000
9 146 0.500000
9 149 0.500000
9 154 0.500000
9 156 0.500000
10 14 0.500000
10 17 0.500000
10 19 0.500000
10 21 0.500000
10 22 0.500000
10 23 0.500000
10 24 0.500000
10 25 0.500000
10 26 0.500000
10 28 0.500000
10 31 0.500000
10 32 0.500000
10 35 0.500000
10 37 0.500000
10 39 0.500000
10 40 0.500000
10 48 0.500000
10 51 0.500000
10 53 0.500000
10 60 0.500000
10 62 0.500000
10 64 0.500000
10 65 0.500000
10 67 0.500000
10 68 0.500000
10 71 0.500000
10 76 0.500000
10 79 0.500000
10 81 0.500000
10 83 0.500000
10 84 0.500000
10 90 0.500000
10 91 0.500000
10 93 0.500000
10 94 0.500000
10 95 0.500000
10 98 0.500000
10 101 0.500000
10 102 0.500000
10 103 0.500000
10 105 0.500000
10 106 0.500000
10 107 0.500000
10 108 0.500000
10 109 0.500000
10 111 0.500000
10 118 0.500000
10 121 0.500000
10 122 0.500000
10 123 0.500000
10 124 0.500000
10 125 0.500000
10 127 0.500000
10 128 0.500000
10 129 0.500000
10 131 0.500000
10 134 0.500000
10 135 0.500000
10 139 0.500000
10 140 0.500000
10 146 0.500000
10 149 0.500000
10 150 0.500000
10 153 0.500000
10 154 0.500000
10 155 0.500000
10 156 0.500000
10 160 0.500000
11 12 0.500000
11 13 0.500000
11 15 0.500000
11 17 0.500000
11 18 0.500000
11 21 0.500000
11 25 0.500000
11 27 0.500000
11 28 0.500000
11 29 0.500000
11 32 0.500000
11 34 0.500000
11 35 0.500000
11 36 0.500000
11 37 0.500000
11 38 0.500000
11 39 0.500000
11 40 0.500000
11 42 0.500000
11 44 0.500000
11 45 0.500000
11 47 0.500000
11 50 0.500000
11 56 0.500000
11 58 0.500000
11 61 0.500000
11 65 0.500000
11 71 0.500000
11 72 0.500000
11 73 0.500000
11 74 0.500000
11 75 0.500000
11 78 0.500000
11 80 0.500000
11 81 0.500000
11 82 0.500000
11 85 0.500000
11 86 0.500000
11 89 0.500000
11 92 0.500000
11 93 0.500000
11 97 0.500000
11 101 0.500000
11 103 0.500000
11 104 0.500000
11 106 0.500000
11 107 0.500000
11 108 0.500000
11 112 0.500000
11 113 0.500000
11 114 0.500000
11 115 0.500000
11 119 0.500000
11 121 0.500000
11 126 0.500000
11 127 0.500000
11 128 0.500000
11 129 0.500000
11 130 0.500000
11 131 0.500000
11 132 0.500000
11 135 0.500000
11 137 0.500000
11 138 0.500000
11 139 0.500000
11 140 0.500000
11 143 0.500000
11 144 0.500000
11 146 0.500000
11 147 0.500000
11 150 0.500000
11 151 0.500000
11 153 0.500000
11 154 0.500000
11 155 0.500000
11 157 0.500000
11 159 0.500000
11 160 0.500000
12 13 0.500000
12 15 0.500000
12 16 0.500000
12 17 0.500000
12 19 0.500000
12 20 0.500000
12 21 0.500000
12 22 0.500000
12 23 0.500000
12 24 0.500000
12 25 0.500000
12 31 0.500000
12 35 0.500000
12 37 0.500000
12 38 0.500000
12 39 0.500000
12 40 0.500000
12 44 0.500000
12 45 0.500000
12 49 0.500000
12 52 0.500000
12 53 0.500000
12 54 0.500000
12 55 0.500000
12 57 0.500000
12 60 0.500000
12 62 0.500000
12 63 0.500000
12 65 0.500000
12 66 0.500000
12 68 0.500000
12 71 0.500000
12 73 0.500000
12 74 0.500000
12 75 0.500000
12 76 0.500000
12 77 0.500000
12 82 0.500000
12 83 0.500000
12 85 0.500000
12 86 0.500000
12 90 0.500000
12 91 0.500000
12 95 0.500000
12 98 0.500000
12 99 0.500000
12 100 0.500000
12 103 0.500000
12 104 0.500000
12 105 0.500000
12 108 0.500000
12 109 0.500000
12 110 0.500000
12 111 0.500000
12 113 0.500000
12 114 0.500000
12 115 0.500000
12 116 0.500000
12 120 0.500000
12 125 0.500000
12 126 0.500000
12 127 0.500000
12 130 0.500000
12 131 0.500000
12 132 0.500000
12 133 0.500000
12 137 0.500000
12 150 0.500000
12 151 0.500000
12 156 0.500000
12 157 0.500000
12 158 0.500000
12 159 0.500000
12 160 0.500000
13 15 0.500000
13 17 0.500000
13 18 0.500000
13 22 0.500000
13 25 0.500000
13 26 0.500000
13 27 0.500000
13 30 0.500000
13 32 0.500000
13 33 0.500000
13 35 0.500000
13 36 0.500000
13 37 0.500000
13 38 0.500000
13 39 0.500000
13 40 0.500000
13 43 0.500000
13 44 0.500000
13 45 0.500000
13 46 0.500000
13 47 0.500000
13 48 0.500000
13 53 0.500000
13 56 0.500000
13 61 0.500000
13 66 0.500000
13 70 0.500000
13 76 0.500000
13 77 0.500000
13 82 0.500000
13 84 0.500000
13 85 0.500000
13 86 0.500000
13 88 0.500000
13 90 0.500000
13 92 0.500000
13 98 0.500000
13 99 0.500000
13 101 0.500000
13 102 0.500000
13 104 0.500000
13 106 0.500000
13 107 0.500000
13 109 0.500000
13 111 0.500000
13 113 0.500000
13 114 0.500000
13 115 0.500000
13 117 0.500000
13 118 0.500000
13 119 0.500000
13 121 0.500000
13 122 0.500000
13 123 0.500000
13 124 0.500000
13 126 0.500000
13 128 0.500000
13 129 0.500000
13 130 0.500000
13 132 0.500000
13 134 0.500000
13 135 0.500000
13 136 0.500000
13 139 0.500000
13 141 0.500000
13 142 0.500000
13 144 0.500000
13 149 0.500000
13 152 0.500000
13 156 0.500000
13 157 0.500000
13 159 0.500000
13 160 0.500000
14 15 0.500000
14 24 0.500000
14 27 0.500000
14 31 0.500000
14 33 0.500000
14 34 0.500000
14 36 0.500000
14 37 0.500000
14 39 0.500000
14 41 0.500000
14 43 0.500000
14 44 0.500000
14 45 0.500000
14 51 0.500000
14 53 0.500000
14 54 0.500000
14 55 0.500000
14 56 0.500000
14 57 0.500000
14 59 0.500000
14 62 0.500000
14 64 0.500000
14 65 0.500000
14 66 0.500000
14 67 0.500000
14 68 0.500000
14 69 0.500000
14 70 0.500000
14 71 0.500000
14 72 0.500000
14 73 0.500000
14 74 0.500000
14 76 0.500000
14 77 0.500000
14 78 0.500000
14 81 0.500000
14 82 0.500000
14 83 0.500000
14 84 0.500000
14 87 0.500000
14 88 0.500000
14 92 0.500000
14 93 0.500000
14 94 0.500000
14 95 0.500000
14 96 0.500000
14 97 0.500000
14 100 0.500000
14 103 0.500000
14 104 0.500000
14 108 0.500000
14 110 0.500000
14 112 0.500000
14 115 0.500000
14 116 0.500000
14 117 0.500000
14 119 0.500000
14 120 0.500000
14 122 0.500000
14 125 0.500000
14 127 0.500000
14 128 0.500000
14 130 0.500000
14 133 0.500000
14 135 0.500000
14 137 0.500000
14 142 0.500000
14 143 0.500000
14 148 0.500000
14 150 0.500000
14 152 0.500000
14 156 0.500000
14 157 0.500000
14 159 0.500000
15 16 0.500000
15 18 0.500000
15 20 0.500000
15 21 0.500000
15 22 0.500000
15 23 0.500000
15 28 0.500000
15 29 0.500000
15 30 0.500000
15 33 0.500000
15 37 0.500000
15 38 0.500000
15 40 0.500000
15 41 0.500000
15 43 0.500000
15 44 0.500000
15 48 0.500000
15 52 0.500000
15 54 0.500000
15 56 0.500000
15 57 0.500000
15 61 0.500000
15 63 0.500000
15 64 0.500000
15 66 0.500000
15 67 0.500000
15 69 0.500000
15 70 0.500000
15 72 0.500000
15 73 0.500000
15 76 0.500000
15 78 0.500000
15 79 0.500000
15 82 0.500000
15 84 0.500000
15 85 0.500000
15 89 0.500000
15 91 0.500000
15 92 0.500000
15 93 0.500000
15 94 0.500000
15 96 0.500000
15 100 0.500000
15 101 0.500000
15 102 0.500000
15 105 0.500000
15 106 0.500000
15 113 0.500000
15 114 0.500000
15 115 0.500000
15 117 0.500000
15 122 0.500000
15 123 0.500000
15 125 0.500000
15 126 0.500000
15 128 0.500000
15 129 0.500000
15 130 0.500000
15 131 0.500000
15 132 0.500000
15 133 0.500000
15 134 0.500000
15 136 0.500000
15 137 0.500000
15 140 0.500000
15 141 0.500000
15 142 0.500000
15 143 0.500000
15 146 0.500000
15 147 0.500000
15 149 0.500000
15 151 0.500000
15 152 0.500000
15 154 0.500000
15 156 0.500000
15 158 0.500000
15 160 0.500000
16 18 0.500000
16 19 0.500000
16 21 0.500000
16 25 0.500000
16 26 0.500000
16 27 0.500000
16 28 0.500000
16 29 0.500000
16 30 0.500000
16 31 0.500000
16 33 0.500000
16 34 0.500000
16 35 0.500000
16 37 0.500000
16 39 0.500000
16 41 0.500000
16 42 0.500000
16 43 0.500000
16 45 0.500000
16 46 0.500000
16 51 0.500000
16 52 0.500000
16 56 0.500000
16 57 0.500000
16 58 0.500000
16 60 0.500000
16 63 0.500000
16 64 0.500000
16 65 0.500000
16 66 0.500000
16 68 0.500000
16 70 0.500000
16 71 0.500000
16 72 0.500000
16 73 0.500000
16 75 0.500000
16 76 0.500000
16 77 0.500000
16 79 0.500000
16 81 0.500000
16 82 0.500000
16 84 0.500000
16 85 0.500000
16 86 0.500000
16 90 0.500000
16 91 0.500000
16 93 0.500000
16 94 0.500000
16 95 0.500000
16 97 0.500000
16 98 0.500000
16 100 0.500000
16 102 0.500000
16 103 0.500000
16 113 0.500000
16 118 0.500000
16 119 0.500000
16 120 0.500000
16 122 0.500000
16 123 0.500000
16 124 0.500000
16 125 0.500000
16 127 0.500000
16 128 0.500000
16 131 0.500000
16 133 0.500000
16 134 0.500000
16 135 0.500000
16 139 0.500000
16 140 0.500000
16 142 0.500000
16 143 0.500000
16 144 0.500000
16 146 0.500000
16 147 0.500000
16 149 0.500000
16 150 0.500000
16 152 0.500000
16 153 0.500000
16 154 0.500000
16 155 0.500000
16 156 0.500000
16 157 0.500000
16 158 0.500000
16 159 0.500000
17 20 0.500000
17 22 0.500000
17 26 0.500000
17 29 0.500000
17 31 0.500000
17 34 0.500000
17 36 0.500000
17 37 0.500000
17 38 0.500000
17 40 0.500000
17 41 0.500000
17 43 0.500000
17 47 0.500000
17 48 0.500000
17 49 0.500000
17 53 0.500000
17 54 0.500000
17 59 0.500000
17 63 0.500000
17 64 0.500000
17 65 0.500000
17 66 0.500000
17 71 0.500000
17 74 0.500000
17 78 0.500000
17 79 0.500000
17 80 0.500000
17 82 0.500000
17 83 0.500000
17 84 0.500000
17 86 0.500000
17 88 0.500000
17 89 0.500000
17 90 0.500000
17 92 0.500000
17 93 0.500000
17 94 0.500000
17 98 0.500000
17 102 0.500000
17 106 0.500000
17 108 0.500000
17 111 0.500000
17 112 0.500000
17 115 0.500000
17 116 0.500000
17 118 0.500000
17 120 0.500000
17 122 0.500000
17 123 0.500000
17 124 0.500000
17 125 0.500000
17 127 0.500000
17 128 0.500000
17 130 0.500000
17 131 0.500000
17 132 0.500000
17 135 0.500000
17 138 0.500000
17 139 0.500000
17 144 0.500000
17 145 0.500000
17 149 0.500000
17 151 0.500000
17 152 0.500000
17 155 0.500000
17 156 0.500000
17 157 0.500000
17 158 0.500000
17 160 0.500000
18 21 0.500000
18 24 0.500000
18 25 0.500000
18 28 0.500000
18 31 0.500000
18 34 0.500000
18 35 0.500000
18 36 0.500000
18 39 0.500000
18 41 0.500000
18 42 0.500000
18 43 0.500000
18 45 0.500000
18 47 0.500000
18 48 0.500000
18 49 0.500000
18 53 0.500000
18 54 0.500000
18 55 0.500000
18 56 0.500000
18 58 0.500000
18 59 0.500000
18 62 0.500000
18 64 0.500000
18 65 0.500000
18 66 0.500000
18 67 0.500000
18 68 0.500000
18 70 0.500000
18 72 0.500000
18 75 0.500000
18 77 0.500000
18 82 0.500000
18 83 0.500000
18 85 0.500000
18 87 0.500000
18 90 0.500000
18 93 0.500000
18 97 0.500000
18 99 0.500000
18 104 0.500000
18 105 0.500000
18 110 0.500000
18 113 0.500000
18 117 0.500000
18 121 0.500000
18 122 0.500000
18 126 0.500000
18 128 0.500000
18 129 0.500000
18 130 0.500000
18 131 0.500000
18 133 0.500000
18 135 0.500000
18 136 0.500000
18 138 0.500000
18 140 0.500000
18 143 0.500000
18 146 0.500000
18 147 0.500000
18 150 0.500000
18 151 0.500000
18 152 0.500000
18 153 0.500000
18 154 0.500000
18 156 0.500000
18 157 0.500000
19 22 0.500000
19 24 0.500000
19 25 0.500000
19 26 0.500000
19 27 0.500000
19 28 0.500000
19 30 0.500000
19 31 0.500000
19 34 0.500000
19 36 0.500000
19 38 0.500000
19 40 0.500000
19 41 0.500000
19 42 0.500000
19 43 0.500000
19 44 0.500000
19 46 0.500000
19 47 0.500000
19 49 0.500000
19 50 0.500000
19 51 0.500000
19 52 0.500000
19 53 0.500000
19 58 0.500000
19 59 0.500000
19 65 0.500000
19 66 0.500000
19 69 0.500000
19 70 0.500000
19 71 0.500000
19 73 0.500000
19 74 0.500000
19 75 0.500000
19 83 0.500000
19 84 0.500000
19 86 0.500000
19 89 0.500000
19 90 0.500000
19 91 0.500000
19 93 0.500000
19 95 0.500000
19 96 0.500000
19 100 0.500000
19 101 0.500000
19 104 0.500000
19 108 0.500000
19 109 0.500000
19 113 0.500000
19 116 0.500000
19 117 0.500000
19 119 0.500000
19 120 0.500000
19 121 0.500000
19 123 0.500000
19 124 0.500000
19 126 0.500000
19 127 0.500000
19 128 0.500000
19 129 0.500000
19 132 0.500000
19 133 0.500000
19 135 0.500000
19 139 0.500000
19 141 0.500000
19 143 0.500000
19 144 0.500000
19 150 0.500000
19 152 0.500000
19 153 0.500000
19 157 0.500000
20 21 0.500000
20 22 0.500000
20 23 0.500000
20 24 0.500000
20 25 0.500000
20 30 0.500000
20 35 0.500000
20 38 0.500000
20 41 0.500000
20 43 0.500000
20 47 0.500000
20 50 0.500000
20 51 0.500000
20 52 0.500000
20 54 0.500000
20 55 0.500000
20 56 0.500000
20 57 0.500000
20 59 0.500000
20 63 0.500000
20 65 0.500000
20 66 0.500000
20 72 0.500000
20 73 0.500000
20 74 0.500000
20 75 0.500000
20 76 0.500000
20 77 0.500000
20 80 0.500000
20 82 0.500000
20 83 0.500000
20 85 0.500000
20 86 0.500000
20 87 0.500000
20 89 0.500000
20 92 0.500000
20 95 0.500000
20 96 0.500000
20 98 0.500000
20 99 0.500000
20 100 0.500000
20 102 0.500000
20 104 0.500000
20 105 0.500000
20 106 0.500000
20 107 0.500000
20 109 0.500000
20 111 0.500000
20 114 0.500000
20 115 0.500000
20 116 0.500000
20 118 0.500000
20 119 0.500000
20 121 0.500000
20 124 0.500000
20 125 0.500000
20 132 0.500000
20 134 0.500000
20 136 0.500000
20 137 0.500000
20 140 0.500000
20 141 0.500000
20 144 0.500000
20 146 0.500000
20 151 0.500000
20 152 0.500000
20 153 0.500000
20 154 0.500000
20 156 0.500000
20 157 0.500000
20 159 0.500000
20 160 0.500000
21 22 0.500000
21 23 0.500000
21 24 0.500000
21 25 0.500000
21 27 0.500000
21 29 0.500000
21 31 0.500000
21 32 0.500000
21 33 0.500000
21 37 0.500000
21 39 0.500000
21 40 0.500000
21 41 0.500000
21 42 0.500000
21 44 0.500000
21 48 0.500000
21 50 0.500000
21 52 0.500000
21 53 0.500000
21 55 0.500000
21 57 0.500000
21 58 0.500000
21 60 0.500000
21 62 0.500000
21 70 0.500000
21 71 0.500000
21 72 0.500000
21 74 0.500000
21 75 0.500000
21 77 0.500000
21 80 0.500000
21 82 0.500000
21 83 0.500000
21 84 0.500000
21 86 0.500000
21 89 0.500000
21 91 0.500000
21 92 0.500000
21 94 0.500000
21 96 0.500000
21 98 0.500000
21 105 0.500000
21 107 0.500000
21 114 0.500000
21 115 0.500000
21 117 0.500000
21 118 0.500000
21 123 0.500000
21 126 0.500000
21 127 0.500000
21 129 0.500000
21 130 0.500000
21 131 0.500000
21 133 0.500000
21 135 0.500000
21 139 0.500000
21 140 0.500000
21 142 0.500000
21 144 0.500000
21 145 0.500000
21 147 0.500000
21 148 0.500000
21 149 0.500000
21 151 0.500000
21 152 0.500000
21 155 0.500000
21 157 0.500000
21 159 0.500000
21 160 0.500000
22 24 0.500000
22 25 0.500000
22 26 0.500000
22 27 0.500000
22 31 0.500000
22 32 0.500000
22 33 0.500000
22 34 0.500000
22 38 0.500000
22 39 0.500000
22 48 0.500000
22 52 0.500000
22 53 0.500000
22 55 0.500000
22 56 0.500000
22 57 0.500000
22 59 0.500000
22 60 0.500000
22 61 0.500000
22 64 0.500000
22 72 0.500000
22 74 0.500000
22 75 0.500000
22 76 0.500000
22 80 0.500000
22 81 0.500000
22 82 0.500000
22 83 0.500000
22 85 0.500000
22 86 0.500000
22 87 0.500000
22 89 0.500000
22 93 0.500000
22 97 0.500000
22 99 0.500000
22 101 0.500000
22 102 0.500000
22 104 0.500000
22 105 0.500000
22 106 0.500000
22 107 0.500000
22 108 0.500000
22 110 0.500000
22 113 0.500000
22 114 0.500000
22 120 0.500000
22 123 0.500000
22 124 0.500000
22 127 0.500000
22 131 0.500000
22 132 0.500000
22 133 0.500000
22 134 0.500000
22 136 0.500000
22 137 0.500000
22 140 0.500000
22 141 0.500000
22 142 0.500000
22 145 0.500000
22 148 0.500000
22 149 0.500000
22 150 0.500000
22 151 0.500000
22 153 0.500000
22 156 0.500000
23 24 0.500000
23 25 0.500000
23 28 0.500000
23 29 0.500000
23 31 0.500000
23 32 0.500000
23 33 0.500000
23 34 0.500000
23 35 0.500000
23 37 0.500000
23 38 0.500000
23 40 0.500000
23 41 0.500000
23 42 0.500000
23 44 0.500000
23 45 0.500000
23 47 0.500000
23 49 0.500000
23 50 0.500000
23 54 0.500000
23 56 0.500000
23 57 0.500000
23 59 0.500000
23 60 0.500000
23 62 0.500000
23 63 0.500000
23 64 0.500000
23 67 0.500000
23 68 0.500000
23 69 0.500000
23 70 0.500000
23 71 0.500000
23 72 0.500000
23 73 0.500000
23 74 0.500000
23 75 0.500000
23 79 0.500000
23 80 0.500000
23 81 0.500000
23 82 0.500000
23 84 0.500000
23 86 0.500000
23 92 0.500000
23 93 0.500000
23 95 0.500000
23 98 0.500000
23 100 0.500000
23 102 0.500000
23 104 0.500000
23 106 0.500000
23 107 0.500000
23 108 0.500000
23 110 0.500000
23 112 0.500000
23 113 0.500000
23 115 0.500000
23 117 0.500000
23 119 0.500000
23 120 0.500000
23 123 0.500000
23 126 0.500000
23 127 0.500000
23 129 0.500000
23 132 0.500000
23 133 0.500000
23 134 0.500000
23 136 0.500000
23 137 0.500000
23 138 0.500000
23 140 0.500000
23 141 0.500000
23 143 0.500000
23 147 0.500000
23 148 0.500000
23 151 0.500000
23 156 0.500000
23 157 0.500000
23 158 0.500000
23 159 0.500000
23 160 0.500000
24 25 0.500000
24 26 0.500000
24 29 0.500000
24 32 0.500000
24 33 0.500000
24 35 0.500000
24 42 0.500000
24 43 0.500000
24 45 0.500000
24 46 0.500000
24 48 0.500000
24 49 0.500000
24 55 0.500000
24 56 0.500000
24 57 0.500000
24 58 0.500000
24 60 0.500000
24 61 0.500000
24 62 0.500000
24 64 0.500000
24 67 0.500000
24 68 0.500000
24 69 0.500000
24 70 0.500000
24 72 0.500000
24 75 0.500000
24 76 0.500000
24 79 0.500000
24 81 0.500000
24 86 0.500000
24 88 0.500000
24 89 0.500000
24 93 0.500000
24 94 0.500000
24 98 0.500000
24 99 0.500000
24 100 0.500000
24 101 0.500000
24 105 0.500000
24 108 0.500000
24 109 0.500000
24 111 0.500000
24 114 0.500000
24 115 0.500000
24 117 0.500000
24 120 0.500000
24 125 0.500000
24 128 0.500000
24 129 0.500000
24 130 0.500000
24 131 0.500000
24 133 0.500000
24 135 0.500000
24 136 0.500000
24 143 0.500000
24 145 0.500000
24 147 0.500000
24 148 0.500000
24 150 0.500000
24 151 0.500000
24 152 0.500000
24 155 0.500000
24 157 0.500000
24 158 0.500000
24 159 0.500000
24 160 0.500000
25 27 0.500000
25 28 0.500000
25 29 0.500000
25 31 0.500000
25 32 0.500000
25 33 0.500000
25 34 0.500000
25 35 0.500000
25 38 0.500000
25 39 0.500000
25 43 0.500000
25 46 0.500000
25 52 0.500000
25 53 0.500000
25 54 0.500000
25 57 0.500000
25 61 0.500000
25 62 0.500000
25 65 0.500000
25 66 0.500000
25 67 0.500000
25 68 0.500000
25 69 0.500000
25 71 0.500000
25 75 0.500000
25 77 0.500000
25 78 0.500000
25 79 0.500000
25 80 0.500000
25 81 0.500000
25 83 0.500000
25 88 0.500000
25 90 0.500000
25 91 0.500000
25 92 0.500000
25 93 0.500000
25 96 0.500000
25 97 0.500000
25 100 0.500000
25 104 0.500000
25 105 0.500000
25 110 0.500000
25 111 0.500000
25 112 0.500000
25 113 0.500000
25 115 0.500000
25 117 0.500000
25 118 0.500000
25 119 0.500000
25 120 0.500000
25 122 0.500000
25 123 0.500000
25 125 0.500000
25 126 0.500000
25 127 0.500000
25 129 0.500000
25 132 0.500000
25 133 0.500000
25 134 0.500000
25 136 0.500000
25 137 0.500000
25 138 0.500000
25 139 0.500000
25 142 0.500000
25 143 0.500000
25 147 0.500000
25 148 0.500000
25 149 0.500000
25 154 0.500000
25 156 0.500000
25 159 0.500000
26 28 0.500000
26 32 0.500000
26 33 0.500000
26 37 0.500000
26 39 0.500000
26 40 0.500000
26 42 0.500000
26 43 0.500000
26 44 0.500000
26 45 0.500000
26 47 0.500000
26 48 0.500000
26 51 0.500000
26 54 0.500000
26 55 0.500000
26 56 0.500000
26 57 0.500000
26 59 0.500000
26 60 0.500000
26 63 0.500000
26 65 0.500000
26 66 0.500000
26 69 0.500000
26 70 0.500000
26 71 0.500000
26 74 0.500000
26 75 0.500000
26 76 0.500000
26 77 0.500000
26 78 0.500000
26 79 0.500000
26 80 0.500000
26 84 0.500000
26 85 0.500000
26 86 0.500000
26 88 0.500000
26 89 0.500000
26 90 0.500000
26 93 0.500000
26 100 0.500000
26 104 0.500000
26 107 0.500000
26 108 0.500000
26 109 0.500000
26 110 0.500000
26 111 0.500000
26 112 0.500000
26 117 0.500000
26 121 0.500000
26 122 0.500000
26 123 0.500000
26 125 0.500000
26 128 0.500000
26 133 0.500000
26 134 0.500000
26 141 0.500000
26 142 0.500000
26 143 0.500000
26 144 0.500000
26 145 0.500000
26 147 0.500000
26 150 0.500000
26 151 0.500000
26 154 0.500000
26 156 0.500000
26 157 0.500000
26 158 0.500000
26 160 0.500000
27 31 0.500000
27 32 0.500000
27 33 0.500000
27 34 0.500000
27 35 0.500000
27 37 0.500000
27 39 0.500000
27 42 0.500000
27 44 0.500000
27 45 0.500000
27 48 0.500000
27 49 0.500000
27 53 0.500000
27 56 0.500000
27 58 0.500000
27 59 0.500000
27 61 0.500000
27 62 0.500000
27 63 0.500000
27 67 0.500000
27 71 0.500000
27 75 0.500000
27 76 0.500000
27 79 0.500000
27 82 0.500000
27 83 0.500000
27 84 0.500000
27 85 0.500000
27 88 0.500000
27 93 0.500000
27 95 0.500000
27 101 0.500000
27 105 0.500000
27 109 0.500000
27 112 0.500000
27 113 0.500000
27 114 0.500000
27 115 0.500000
27 116 0.500000
27 120 0.500000
27 121 0.500000
27 122 0.500000
27 124 0.500000
27 127 0.500000
27 128 0.500000
27 129 0.500000
27 130 0.500000
27 131 0.500000
27 135 0.500000
27 136 0.500000
27 137 0.500000
27 139 0.500000
27 142 0.500000
27 143 0.500000
27 144 0.500000
27 145 0.500000
27 147 0.500000
27 150 0.500000
27 155 0.500000
27 156 0.500000
27 157 0.500000
27 159 0.500000
28 29 0.500000
28 31 0.500000
28 32 0.500000
28 33 0.500000
28 34 0.500000
28 35 0.500000
28 37 0.500000
28 39 0.500000
28 40 0.500000
28 42 0.500000
28 44 0.500000
28 46 0.500000
28 47 0.500000
28 48 0.500000
28 49 0.500000
28 53 0.500000
28 54 0.500000
28 55 0.500000
28 58 0.500000
28 59 0.500000
28 61 0.500000
28 63 0.500000
28 66 0.500000
28 68 0.500000
28 71 0.500000
28 72 0.500000
28 75 0.500000
28 77 0.500000
28 80 0.500000
28 83 0.500000
28 88 0.500000
28 89 0.500000
28 90 0.500000
28 91 0.500000
28 93 0.500000
28 97 0.500000
28 98 0.500000
28 100 0.500000
28 103 0.500000
28 104 0.500000
28 105 0.500000
28 106 0.500000
28 110 0.500000
28 116 0.500000
28 117 0.500000
28 118 0.500000
28 121 0.500000
28 124 0.500000
28 132 0.500000
28 133 0.500000
28 136 0.500000
28 137 0.500000
28 139 0.500000
28 140 0.500000
28 142 0.500000
28 145 0.500000
28 147 0.500000
28 148 0.500000
28 150 0.500000
28 152 0.500000
28 153 0.500000
28 155 0.500000
28 157 0.500000
28 159 0.500000
29 30 0.500000
29 32 0.500000
29 34 0.500000
29 37 0.500000
29 40 0.500000
29 41 0.500000
29 42 0.500000
29 43 0.500000
29 44 0.500000
29 45 0.500000
29 46 0.500000
29 47 0.500000
29 50 0.500000
29 52 0.500000
29 53 0.500000
29 54 0.500000
29 58 0.500000
29 61 0.500000
29 63 0.500000
29 65 0.500000
29 68 0.500000
29 73 0.500000
29 75 0.500000
29 76 0.500000
29 80 0.500000
29 81 0.500000
29 84 0.500000
29 86 0.500000
29 88 0.500000
29 89 0.500000
29 93 0.500000
29 94 0.500000
29 95 0.500000
29 96 0.500000
29 97 0.500000
29 99 0.500000
29 100 0.500000
29 102 0.500000
29 104 0.500000
29 105 0.500000
29 106 0.500000
29 107 0.500000
29 109 0.500000
29 110 0.500000
29 113 0.500000
29 114 0.500000
29 116 0.500000
29 118 0.500000
29 120 0.500000
29 121 0.500000
29 127 0.500000
29 128 0.500000
29 130 0.500000
29 131 0.500000
29 132 0.500000
29 136 0.500000
29 137 0.500000
29 141 0.500000
29 142 0.500000
29 144 0.500000
29 145 0.500000
29 146 0.500000
29 147 0.500000
29 149 0.500000
29 150 0.500000
29 151 0.500000
29 153 0.500000
29 154 0.500000
29 158 0.500000
30 31 0.500000
30 32 0.500000
30 36 0.500000
30 37 0.500000
30 38 0.500000
30 39 0.500000
30 40 0.500000
30 41 0.500000
30 45 0.500000
30 46 0.500000
30 49 0.500000
30 50 0.500000
30 51 0.500000
30 52 0.500000
30 53 0.500000
30 55 0.500000
30 57 0.500000
30 59 0.500000
30 60 0.500000
30 61 0.500000
30 62 0.500000
30 66 0.500000
30 70 0.500000
30 75 0.500000
30 76 0.500000
30 77 0.500000
30 78 0.500000
30 79 0.500000
30 80 0.500000
30 86 0.500000
30 87 0.500000
30 90 0.500000
30 96 0.500000
30 97 0.500000
30 99 0.500000
30 100 0.500000
30 102 0.500000
30 104 0.500000
30 109 0.500000
30 111 0.500000
30 114 0.500000
30 116 0.500000
30 117 0.500000
30 119 0.500000
30 120 0.500000
30 122 0.500000
30 127 0.500000
30 131 0.500000
30 132 0.500000
30 134 0.500000
30 137 0.500000
30 138 0.500000
30 140 0.500000
30 144 0.500000
30 147 0.500000
30 149 0.500000
30 151 0.500000
30 153 0.500000
30 156 0.500000
31 32 0.500000
31 33 0.500000
31 34 0.500000
31 36 0.500000
31 39 0.500000
31 40 0.500000
31 41 0.500000
31 42 0.500000
31 46 0.500000
31 48 0.500000
31 49 0.500000
31 50 0.500000
31 51 0.500000
31 53 0.500000
31 55 0.500000
31 57 0.500000
31 59 0.500000
31 60 0.500000
31 64 0.500000
31 65 0.500000
31 66 0.500000
31 69 0.500000
31 73 0.500000
31 78 0.500000
31 79 0.500000
31 80 0.500000
31 81 0.500000
31 82 0.500000
31 83 0.500000
31 86 0.500000
31 87 0.500000
31 89 0.500000
31 90 0.500000
31 91 0.500000
31 92 0.500000
31 93 0.500000
31 94 0.500000
31 99 0.500000
31 100 0.500000
31 101 0.500000
31 102 0.500000
31 106 0.500000
31 108 0.500000
31 110 0.500000
31 111 0.500000
31 112 0.500000
31 113 0.500000
31 114 0.500000
31 115 0.500000
31 116 0.500000
31 117 0.500000
31 120 0.500000
31 121 0.500000
31 123 0.500000
31 124 0.500000
31 125 0.500000
31 126 0.500000
31 129 0.500000
31 130 0.500000
31 131 0.500000
31 132 0.500000
31 134 0.500000
31 136 0.500000
31 138 0.500000
31 139 0.500000
31 143 0.500000
31 144 0.500000
31 145 0.500000
31 147 0.500000
31 150 0.500000
31 151 0.500000
31 152 0.500000
31 153 0.500000
31 156 0.500000
32 33 0.500000
32 34 0.500000
32 36 0.500000
32 38 0.500000
32 43 0.500000
32 45 0.500000
32 47 0.500000
32 48 0.500000
32 49 0.500000
32 52 0.500000
32 54 0.500000
32 55 0.500000
32 57 0.500000
32 59 0.500000
32 60 0.500000
32 61 0.500000
32 63 0.500000
32 64 0.500000
32 66 0.500000
32 67 0.500000
32 70 0.500000
32 73 0.500000
32 74 0.500000
32 75 0.500000
32 81 0.500000
32 83 0.500000
32 84 0.500000
32 85 0.500000
32 88 0.500000
32 89 0.500000
32 93 0.500000
32 94 0.500000
32 96 0.500000
32 97 0.500000
32 98 0.500000
32 101 0.500000
32 102 0.500000
32 103 0.500000
32 106 0.500000
32 108 0.500000
32 109 0.500000
32 111 0.500000
32 115 0.500000
32 116 0.500000
32 119 0.500000
32 120 0.500000
32 122 0.500000
32 126 0.500000
32 130 0.500000
32 133 0.500000
32 136 0.500000
32 141 0.500000
32 143 0.500000
32 145 0.500000
32 149 0.500000
32 150 0.500000
32 153 0.500000
32 155 0.500000
32 157 0.500000
32 160 0.500000
33 37 0.500000
33 40 0.500000
33 41 0.500000
33 47 0.500000
33 48 0.500000
33 50 0.500000
33 52 0.500000
33 53 0.500000
33 54 0.500000
33 55 0.500000
33 56 0.500000
33 59 0.500000
33 60 0.500000
33 62 0.500000
33 64 0.500000
33 66 0.500000
33 67 0.500000
33 68 0.500000
33 72 0.500000
33 73 0.500000
33 74 0.500000
33 75 0.500000
33 79 0.500000
33 81 0.500000
33 83 0.500000
33 84 0.500000
33 86 0.500000
33 90 0.500000
33 96 0.500000
33 101 0.500000
33 103 0.500000
33 105 0.500000
33 107 0.500000
33 108 0.500000
33 109 0.500000
33 113 0.500000
33 114 0.500000
33 121 0.500000
33 124 0.500000
33 125 0.500000
33 126 0.500000
33 127 0.500000
33 130 0.500000
33 132 0.500000
33 134 0.500000
33 135 0.500000
33 137 0.500000
33 138 0.500000
33 142 0.500000
33 143 0.500000
33 144 0.500000
33 146 0.500000
33 148 0.500000
33 149 0.500000
33 152 0.500000
33 153 0.500000
33 156 0.500000
33 157 0.500000
34 35 0.500000
34 39 0.500000
34 40 0.500000
34 47 0.500000
34 48 0.500000
34 49 0.500000
34 51 0.500000
34 52 0.500000
34 54 0.500000
34 55 0.500000
34 57 0.500000
34 59 0.500000
34 60 0.500000
34 61 0.500000
34 62 0.500000
34 63 0.500000
34 64 0.500000
34 67 0.500000
34 71 0.500000
34 73 0.500000
34 74 0.500000
34 77 0.500000
34 78 0.500000
34 79 0.500000
34 81 0.500000
34 85 0.500000
34 86 0.500000
34 87 0.500000
34 88 0.500000
34 89 0.500000
34 93 0.500000
34 94 0.500000
34 96 0.500000
34 98 0.500000
34 102 0.500000
34 104 0.500000
34 106 0.500000
34 111 0.500000
34 114 0.500000
34 119 0.500000
34 122 0.500000
34 123 0.500000
34 124 0.500000
34 126 0.500000
34 127 0.500000
34 129 0.500000
34 130 0.500000
34 132 0.500000
34 133 0.500000
34 134 0.500000
34 135 0.500000
34 138 0.500000
34 139 0.500000
34 143 0.500000
34 145 0.500000
34 147 0.500000
34 148 0.500000
34 149 0.500000
34 151 0.500000
34 153 0.500000
34 154 0.500000
34 155 0.500000
34 156 0.500000
34 159 0.500000
35 37 0.500000
35 38 0.500000
35 39 0.500000
35 41 0.500000
35 44 0.500000
35 47 0.500000
35 56 0.500000
35 58 0.500000
35 63 0.500000
35 68 0.500000
35 70 0.500000
35 72 0.500000
35 75 0.500000
35 76 0.500000
35 77 0.500000
35 79 0.500000
35 80 0.500000
35 81 0.500000
35 82 0.500000
35 83 0.500000
35 85 0.500000
35 86 0.500000
35 87 0.500000
35 89 0.500000
35 90 0.500000
35 93 0.500000
35 95 0.500000
35 97 0.500000
35 101 0.500000
35 103 0.500000
35 104 0.500000
35 105 0.500000
35 108 0.500000
35 113 0.500000
35 115 0.500000
35 116 0.500000
35 119 0.500000
35 128 0.500000
35 129 0.500000
35 130 0.500000
35 131 0.500000
35 132 0.500000
35 133 0.500000
35 135 0.500000
35 136 0.500000
35 137 0.500000
35 140 0.500000
35 143 0.500000
35 146 0.500000
35 149 0.500000
35 151 0.500000
35 152 0.500000
35 153 0.500000
35 156 0.500000
35 160 0.500000
36 37 0.500000
36 41 0.500000
36 43 0.500000
36 52 0.500000
36 56 0.500000
36 58 0.500000
36 60 0.500000
36 61 0.500000
36 62 0.500000
36 63 0.500000
36 66 0.500000
36 67 0.500000
36 69 0.500000
36 70 0.500000
36 73 0.500000
36 74 0.500000
36 75 0.500000
36 77 0.500000
36 78 0.500000
36 79 0.500000
36 80 0.500000
36 81 0.500000
36 83 0.500000
36 84 0.500000
36 85 0.500000
36 89 0.500000
36 90 0.500000
36 93 0.500000
36 95 0.500000
36 100 0.500000
36 102 0.500000
36 105 0.500000
36 108 0.500000
36 112 0.500000
36 115 0.500000
36 117 0.500000
36 118 0.500000
36 119 0.500000
36 120 0.500000
36 121 0.500000
36 123 0.500000
36 125 0.500000
36 126 0.500000
36 131 0.500000
36 133 0.500000
36 134 0.500000
36 135 0.500000
36 137 0.500000
36 138 0.500000
36 140 0.500000
36 141 0.500000
36 143 0.500000
36 147 0.500000
36 154 0.500000
36 155 0.500000
36 157 0.500000
37 38 0.500000
37 39 0.500000
37 40 0.500000
37 41 0.500000
37 46 0.500000
37 50 0.500000
37 53 0.500000
37 54 0.500000
37 55 0.500000
37 59 0.500000
37 63 0.500000
37 64 0.500000
37 65 0.500000
37 69 0.500000
37 74 0.500000
37 75 0.500000
37 76 0.500000
37 77 0.500000
37 78 0.500000
37 83 0.500000
37 86 0.500000
37 87 0.500000
37 90 0.500000
37 92 0.500000
37 95 0.500000
37 96 0.500000
37 97 0.500000
37 98 0.500000
37 100 0.500000
37 101 0.500000
37 106 0.500000
37 108 0.500000
37 116 0.500000
37 120 0.500000
37 121 0.500000
37 123 0.500000
37 125 0.500000
37 126 0.500000
37 129 0.500000
37 130 0.500000
37 135 0.500000
37 136 0.500000
37 137 0.500000
37 140 0.500000
37 142 0.500000
37 144 0.500000
37 145 0.500000
37 147 0.500000
37 149 0.500000
37 151 0.500000
37 153 0.500000
37 154 0.500000
37 156 0.500000
37 157 0.500000
37 160 0.500000
38 40 0.500000
38 45 0.500000
38 46 0.500000
38 47 0.500000
38 49 0.500000
38 50 0.500000
38 52 0.500000
38 54 0.500000
38 58 0.500000
38 60 0.500000
38 64 0.500000
38 65 0.500000
38 68 0.500000
38 69 0.500000
38 70 0.500000
38 72 0.500000
38 73 0.500000
38 75 0.500000
38 76 0.500000
38 78 0.500000
38 80 0.500000
38 81 0.500000
38 83 0.500000
38 84 0.500000
38 87 0.500000
38 95 0.500000
38 98 0.500000
38 99 0.500000
38 101 0.500000
38 103 0.500000
38 105 0.500000
38 108 0.500000
38 109 0.500000
38 110 0.500000
38 112 0.500000
38 113 0.500000
38 114 0.500000
38 116 0.500000
38 117 0.500000
38 118 0.500000
38 119 0.500000
38 120 0.500000
38 121 0.500000
38 124 0.500000
38 125 0.500000
38 126 0.500000
38 127 0.500000
38 130 0.500000
38 132 0.500000
38 134 0.500000
38 135 0.500000
38 137 0.500000
38 142 0.500000
38 143 0.500000
38 144 0.500000
38 146 0.500000
38 148 0.500000
38 150 0.500000
38 151 0.500000
38 152 0.500000
38 153 0.500000
38 157 0.500000
38 158 0.500000
39 40 0.500000
39 41 0.500000
39 42 0.500000
39 43 0.500000
39 46 0.500000
39 49 0.500000
39 50 0.500000
39 52 0.500000
39 54 0.500000
39 58 0.500000
39 60 0.500000
39 63 0.500000
39 64 0.500000
39 65 0.500000
39 66 0.500000
39 69 0.500000
39 70 0.500000
39 71 0.500000
39 72 0.500000
39 73 0.500000
39 79 0.500000
39 80 0.500000
39 82 0.500000
39 83 0.500000
39 84 0.500000
39 85 0.500000
39 86 0.500000
39 87 0.500000
39 88 0.500000
39 90 0.500000
39 92 0.500000
39 93 0.500000
39 95 0.500000
39 97 0.500000
39 98 0.500000
39 99 0.500000
39 101 0.500000
39 102 0.500000
39 104 0.500000
39 108 0.500000
39 110 0.500000
39 111 0.500000
39 112 0.500000
39 113 0.500000
39 114 0.500000
39 118 0.500000
39 120 0.500000
39 121 0.500000
39 125 0.500000
39 126 0.500000
39 127 0.500000
39 128 0.500000
39 130 0.500000
39 131 0.500000
39 133 0.500000
39 135 0.500000
39 136 0.500000
39 138 0.500000
39 140 0.500000
39 141 0.500000
39 142 0.500000
39 143 0.500000
39 144 0.500000
39 145 0.500000
39 146 0.500000
39 147 0.500000
39 149 0.500000
39 150 0.500000
39 151 0.500000
39 156 0.500000
39 159 0.500000
40 44 0.500000
40 52 0.500000
40 53 0.500000
40 54 0.500000
40 56 0.500000
40 58 0.500000
40 61 0.500000
40 63 0.500000
40 64 0.500000
40 67 0.500000
40 69 0.500000
40 73 0.500000
40 74 0.500000
40 77 0.500000
40 78 0.500000
40 79 0.500000
40 80 0.500000
40 81 0.500000
40 83 0.500000
40 84 0.500000
40 85 0.500000
40 86 0.500000
40 87 0.500000
40 88 0.500000
40 89 0.500000
40 92 0.500000
40 94 0.500000
40 95 0.500000
40 96 0.500000
40 99 0.500000
40 100 0.500000
40 102 0.500000
40 103 0.500000
40 104 0.500000
40 105 0.500000
40 106 0.500000
40 107 0.500000
40 108 0.500000
40 109 0.500000
40 110 0.500000
40 113 0.500000
40 114 0.500000
40 117 0.500000
40 119 0.500000
40 122 0.500000
40 123 0.500000
40 125 0.500000
40 131 0.500000
40 132 0.500000
40 133 0.500000
40 134 0.500000
40 137 0.500000
40 138 0.500000
40 139 0.500000
40 148 0.500000
40 151 0.500000
40 152 0.500000
40 155 0.500000
40 157 0.500000
40 158 0.500000
40 159 0.500000
41 47 0.500000
41 51 0.500000
41 52 0.500000
41 53 0.500000
41 54 0.500000
41 55 0.500000
41 58 0.500000
41 60 0.500000
41 61 0.500000
41 63 0.500000
41 65 0.500000
41 68 0.500000
41 69 0.500000
41 70 0.500000
41 73 0.500000
41 74 0.500000
41 76 0.500000
41 77 0.500000
41 82 0.500000
41 83 0.500000
41 84 0.500000
41 85 0.500000
41 89 0.500000
41 91 0.500000
41 93 0.500000
41 98 0.500000
41 99 0.500000
41 100 0.500000
41 102 0.500000
41 104 0.500000
41 107 0.500000
41 112 0.500000
41 113 0.500000
41 114 0.500000
41 116 0.500000
41 122 0.500000
41 126 0.500000
41 128 0.500000
41 135 0.500000
41 136 0.500000
41 137 0.500000
41 138 0.500000
41 142 0.500000
41 143 0.500000
41 145 0.500000
41 148 0.500000
41 151 0.500000
41 152 0.500000
41 153 0.500000
41 155 0.500000
41 157 0.500000
41 158 0.500000
42 43 0.500000
42 44 0.500000
42 47 0.500000
42 50 0.500000
42 52 0.500000
42 54 0.500000
42 58 0.500000
42 59 0.500000
42 63 0.500000
42 65 0.500000
42 66 0.500000
42 67 0.500000
42 68 0.500000
42 72 0.500000
42 73 0.500000
42 77 0.500000
42 81 0.500000
42 82 0.500000
42 83 0.500000
42 84 0.500000
42 87 0.500000
42 90 0.500000
42 94 0.500000
42 96 0.500000
42 99 0.500000
42 103 0.500000
42 106 0.500000
42 107 0.500000
42 108 0.500000
42 109 0.500000
42 110 0.500000
42 111 0.500000
42 112 0.500000
42 113 0.500000
42 114 0.500000
42 115 0.500000
42 121 0.500000
42 122 0.500000
42 123 0.500000
42 126 0.500000
42 129 0.500000
42 133 0.500000
42 135 0.500000
42 139 0.500000
42 143 0.500000
42 147 0.500000
42 148 0.500000
42 151 0.500000
42 153 0.500000
42 155 0.500000
42 156 0.500000
42 159 0.500000
43 47 0.500000
43 48 0.500000
43 51 0.500000
43 52 0.500000
43 53 0.500000
43 54 0.500000
43 55 0.500000
43 56 0.500000
43 59 0.500000
43 61 0.500000
43 63 0.500000
43 65 0.500000
43 66 0.500000
43 68 0.500000
43 71 0.500000
43 72 0.500000
43 73 0.500000
43 74 0.500000
43 75 0.500000
43 76 0.500000
43 77 0.500000
43 78 0.500000
43 80 0.500000
43 83 0.500000
43 84 0.500000
43 85 0.500000
43 86 0.500000
43 87 0.500000
43 90 0.500000
43 91 0.500000
43 93 0.500000
43 95 0.500000
43 96 0.500000
43 98 0.500000
43 99 0.500000
43 100 0.500000
43 101 0.500000
43 102 0.500000
43 105 0.500000
43 107 0.500000
43 109 0.500000
43 110 0.500000
43 111 0.500000
43 112 0.500000
43 113 0.500000
43 114 0.500000
43 116 0.500000
43 117 0.500000
43 119 0.500000
43 120 0.500000
43 121 0.500000
43 122 0.500000
43 123 0.500000
43 125 0.500000
43 126 0.500000
43 128 0.500000
43 130 0.500000
43 131 0.500000
43 134 0.500000
43 135 0.500000
43 137 0.500000
43 141 0.500000
43 143 0.500000
43 144 0.500000
43 145 0.500000
43 146 0.500000
43 147 0.500000
43 151 0.500000
43 152 0.500000
43 154 0.500000
43 155 0.500000
43 159 0.500000
44 45 0.500000
44 46 0.500000
44 51 0.500000
44 53 0.500000
44 54 0.500000
44 55 0.500000
44 62 0.500000
44 66 0.500000
44 70 0.500000
44 72 0.500000
44 74 0.500000
44 76 0.500000
44 77 0.500000
44 78 0.500000
44 80 0.500000
44 82 0.500000
44 83 0.500000
44 88 0.500000
44 89 0.500000
44 91 0.500000
44 93 0.500000
44 95 0.500000
44 99 0.500000
44 103 0.500000
44 104 0.500000
44 105 0.500000
44 106 0.500000
44 107 0.500000
44 108 0.500000
44 109 0.500000
44 112 0.500000
44 113 0.500000
44 115 0.500000
44 116 0.500000
44 120 0.500000
44 122 0.500000
44 124 0.500000
44 125 0.500000
44 129 0.500000
44 130 0.500000
44 134 0.500000
44 135 0.500000
44 137 0.500000
44 139 0.500000
44 141 0.500000
44 142 0.500000
44 144 0.500000
44 145 0.500000
44 146 0.500000
44 148 0.500000
44 149 0.500000
44 152 0.500000
44 155 0.500000
44 156 0.500000
44 157 0.500000
44 158 0.500000
44 159 0.500000
45 48 0.500000
45 49 0.500000
45 51 0.500000
45 52 0.500000
45 53 0.500000
45 57 0.500000
45 58 0.500000
45 61 0.500000
45 62 0.500000
45 65 0.500000
45 66 0.500000
45 67 0.500000
45 69 0.500000
45 70 0.500000
45 73 0.500000
45 79 0.500000
45 80 0.500000
45 82 0.500000
45 83 0.500000
45 84 0.500000
45 85 0.500000
45 86 0.500000
45 90 0.500000
45 91 0.500000
45 92 0.500000
45 93 0.500000
45 94 0.500000
45 95 0.500000
45 96 0.500000
45 98 0.500000
45 101 0.500000
45 102 0.500000
45 103 0.500000
45 104 0.500000
45 107 0.500000
45 110 0.500000
45 114 0.500000
45 115 0.500000
45 116 0.500000
45 117 0.500000
45 121 0.500000
45 122 0.500000
45 124 0.500000
45 125 0.500000
45 126 0.500000
45 127 0.500000
45 128 0.500000
45 129 0.500000
45 132 0.500000
45 134 0.500000
45 135 0.500000
45 136 0.500000
45 137 0.500000
45 140 0.500000
45 142 0.500000
45 143 0.500000
45 146 0.500000
45 147 0.500000
45 148 0.500000
45 149 0.500000
45 151 0.500000
45 155 0.500000
45 156 0.500000
45 157 0.500000
45 158 0.500000
45 159 0.500000
45 160 0.500000
46 48 0.500000
46 50 0.500000
46 51 0.500000
46 52 0.500000
46 53 0.500000
46 54 0.500000
46 56 0.500000
46 57 0.500000
46 58 0.500000
46 63 0.500000
46 66 0.500000
46 70 0.500000
46 71 0.500000
46 72 0.500000
46 75 0.500000
46 76 0.500000
46 77 0.500000
46 78 0.500000
46 79 0.500000
46 80 0.500000
46 84 0.500000
46 87 0.500000
46 89 0.500000
46 90 0.500000
46 92 0.500000
46 93 0.500000
46 94 0.500000
46 95 0.500000
46 96 0.500000
46 101 0.500000
46 102 0.500000
46 104 0.500000
46 105 0.500000
46 108 0.500000
46 111 0.500000
46 112 0.500000
46 113 0.500000
46 114 0.500000
46 115 0.500000
46 116 0.500000
46 119 0.500000
46 120 0.500000
46 121 0.500000
46 122 0.500000
46 123 0.500000
46 124 0.500000
46 125 0.500000
46 128 0.500000
46 129 0.500000
46 130 0.500000
46 131 0.500000
46 133 0.500000
46 135 0.500000
46 136 0.500000
46 137 0.500000
46 139 0.500000
46 141 0.500000
46 146 0.500000
46 150 0.500000
46 151 0.500000
46 156 0.500000
46 157 0.500000
46 158 0.500000
47 48 0.500000
47 49 0.500000
47 52 0.500000
47 53 0.500000
47 54 0.500000
47 55 0.500000
47 56 0.500000
47 57 0.500000
47 62 0.500000
47 65 0.500000
47 66 0.500000
47 67 0.500000
47 68 0.500000
47 70 0.500000
47 74 0.500000
47 76 0.500000
47 79 0.500000
47 80 0.500000
47 83 0.500000
47 86 0.500000
47 92 0.500000
47 95 0.500000
47 97 0.500000
47 98 0.500000
47 102 0.500000
47 103 0.500000
47 104 0.500000
47 106 0.500000
47 107 0.500000
47 111 0.500000
47 112 0.500000
47 113 0.500000
47 114 0.500000
47 115 0.500000
47 116 0.500000
47 117 0.500000
47 118 0.500000
47 120 0.500000
47 123 0.500000
47 124 0.500000
47 131 0.500000
47 132 0.500000
47 133 0.500000
47 137 0.500000
47 139 0.500000
47 140 0.500000
47 141 0.500000
47 142 0.500000
47 143 0.500000
47 144 0.500000
47 145 0.500000
47 146 0.500000
47 148 0.500000
47 151 0.500000
47 152 0.500000
47 157 0.500000
48 50 0.500000
48 51 0.500000
48 52 0.500000
48 53 0.500000
48 55 0.500000
48 56 0.500000
48 58 0.500000
48 59 0.500000
48 60 0.500000
48 66 0.500000
48 67 0.500000
48 70 0.500000
48 71 0.500000
48 72 0.500000
48 73 0.500000
48 75 0.500000
48 78 0.500000
48 80 0.500000
48 81 0.500000
48 85 0.500000
48 87 0.500000
48 88 0.500000
48 89 0.500000
48 90 0.500000
48 91 0.500000
48 95 0.500000
48 98 0.500000
48 100 0.500000
48 101 0.500000
48 104 0.500000
48 106 0.500000
48 108 0.500000
48 110 0.500000
48 112 0.500000
48 113 0.500000
48 114 0.500000
48 115 0.500000
48 116 0.500000
48 120 0.500000
48 122 0.500000
48 124 0.500000
48 125 0.500000
48 127 0.500000
48 130 0.500000
48 131 0.500000
48 134 0.500000
48 135 0.500000
48 136 0.500000
48 137 0.500000
48 138 0.500000
48 140 0.500000
48 141 0.500000
48 144 0.500000
48 145 0.500000
48 146 0.500000
48 147 0.500000
48 148 0.500000
48 149 0.500000
48 150 0.500000
48 151 0.500000
48 152 0.500000
48 153 0.500000
48 154 0.500000
48 155 0.500000
48 159 0.500000
48 160 0.500000
49 50 0.500000
49 51 0.500000
49 53 0.500000
49 54 0.500000
49 56 0.500000
49 60 0.500000
49 61 0.500000
49 64 0.500000
49 65 0.500000
49 69 0.500000
49 71 0.500000
49 72 0.500000
49 82 0.500000
49 85 0.500000
49 90 0.500000
49 92 0.500000
49 94 0.500000
49 96 0.500000
49 97 0.500000
49 98 0.500000
49 103 0.500000
49 105 0.500000
49 111 0.500000
49 120 0.500000
49 121 0.500000
49 122 0.500000
49 124 0.500000
49 125 0.500000
49 127 0.500000
49 128 0.500000
49 129 0.500000
49 131 0.500000
49 132 0.500000
49 134 0.500000
49 135 0.500000
49 136 0.500000
49 138 0.500000
49 140 0.500000
49 142 0.500000
49 143 0.500000
49 145 0.500000
49 150 0.500000
49 151 0.500000
49 153 0.500000
49 155 0.500000
49 157 0.500000
49 158 0.500000
49 160 0.500000
50 51 0.500000
50 52 0.500000
50 54 0.500000
50 55 0.500000
50 58 0.500000
50 59 0.500000
50 60 0.500000
50 62 0.500000
50 64 0.500000
50 65 0.500000
50 66 0.500000
50 67 0.500000
50 68 0.500000
50 72 0.500000
50 74 0.500000
50 75 0.500000
50 80 0.500000
50 82 0.500000
50 85 0.500000
50 86 0.500000
50 87 0.500000
50 88 0.500000
50 89 0.500000
50 92 0.500000
50 95 0.500000
50 96 0.500000
50 98 0.500000
50 102 0.500000
50 105 0.500000
50 106 0.500000
50 109 0.500000
50 111 0.500000
50 112 0.500000
50 113 0.500000
50 114 0.500000
50 115 0.500000
50 116 0.500000
50 118 0.500000
50 119 0.500000
50 120 0.500000
50 123 0.500000
50 124 0.500000
50 125 0.500000
50 127 0.500000
50 129 0.500000
50 130 0.500000
50 131 0.500000
50 132 0.500000
50 133 0.500000
50 137 0.500000
50 139 0.500000
50 140 0.500000
50 141 0.500000
50 142 0.500000
50 143 0.500000
50 144 0.500000
50 146 0.500000
50 153 0.500000
50 154 0.500000
50 156 0.500000
50 157 0.500000
50 158 0.500000
51 56 0.500000
51 57 0.500000
51 62 0.500000
51 64 0.500000
51 70 0.500000
51 71 0.500000
51 74 0.500000
51 75 0.500000
51 81 0.500000
51 83 0.500000
51 84 0.500000
51 86 0.500000
51 87 0.500000
51 89 0.500000
51 90 0.500000
51 92 0.500000
51 93 0.500000
51 94 0.500000
51 95 0.500000
51 96 0.500000
51 97 0.500000
51 99 0.500000
51 102 0.500000
51 104 0.500000
51 107 0.500000
51 109 0.500000
51 111 0.500000
51 112 0.500000
51 115 0.500000
51 116 0.500000
51 117 0.500000
51 119 0.500000
51 120 0.500000
51 122 0.500000
51 124 0.500000
51 125 0.500000
51 126 0.500000
51 127 0.500000
51 129 0.500000
51 130 0.500000
51 131 0.500000
51 132 0.500000
51 133 0.500000
51 134 0.500000
51 136 0.500000
51 138 0.500000
51 140 0.500000
51 143 0.500000
51 146 0.500000
51 151 0.500000
51 152 0.500000
51 153 0.500000
51 155 0.500000
51 156 0.500000
51 158 0.500000
51 160 0.500000
52 53 0.500000
52 55 0.500000
52 56 0.500000
52 60 0.500000
52 61 0.500000
52 66 0.500000
52 67 0.500000
52 68 0.500000
52 70 0.500000
52 71 0.500000
52 74 0.500000
52 76 0.500000
52 77 0.500000
52 79 0.500000
52 80 0.500000
52 82 0.500000
52 84 0.500000
52 87 0.500000
52 90 0.500000
52 94 0.500000
52 96 0.500000
52 97 0.500000
52 98 0.500000
52 99 0.500000
52 101 0.500000
52 102 0.500000
52 104 0.500000
52 107 0.500000
52 108 0.500000
52 110 0.500000
52 112 0.500000
52 114 0.500000
52 115 0.500000
52 116 0.500000
52 117 0.500000
52 119 0.500000
52 122 0.500000
52 130 0.500000
52 131 0.500000
52 132 0.500000
52 133 0.500000
52 136 0.500000
52 137 0.500000
52 139 0.500000
52 140 0.500000
52 143 0.500000
52 144 0.500000
52 150 0.500000
52 154 0.500000
52 156 0.500000
52 159 0.500000
53 55 0.500000
53 56 0.500000
53 57 0.500000
53 59 0.500000
53 60 0.500000
53 61 0.500000
53 66 0.500000
53 68 0.500000
53 72 0.500000
53 73 0.500000
53 74 0.500000
53 76 0.500000
53 77 0.500000
53 81 0.500000
53 87 0.500000
53 88 0.500000
53 89 0.500000
53 92 0.500000
53 93 0.500000
53 97 0.500000
53 98 0.500000
53 102 0.500000
53 104 0.500000
53 109 0.500000
53 111 0.500000
53 112 0.500000
53 114 0.500000
53 116 0.500000
53 117 0.500000
53 118 0.500000
53 123 0.500000
53 124 0.500000
53 125 0.500000
53 126 0.500000
53 128 0.500000
53 129 0.500000
53 130 0.500000
53 133 0.500000
53 137 0.500000
53 138 0.500000
53 141 0.500000
53 143 0.500000
53 145 0.500000
53 146 0.500000
53 150 0.500000
53 151 0.500000
53 152 0.500000
53 156 0.500000
53 157 0.500000
53 158 0.500000
53 159 0.500000
54 57 0.500000
54 59 0.500000
54 60 0.500000
54 61 0.500000
54 68 0.500000
54 72 0.500000
54 77 0.500000
54 80 0.500000
54 84 0.500000
54 85 0.500000
54 87 0.500000
54 88 0.500000
54 90 0.500000
54 92 0.500000
54 93 0.500000
54 94 0.500000
54 95 0.500000
54 97 0.500000
54 99 0.500000
54 103 0.500000
54 104 0.500000
54 105 0.500000
54 109 0.500000
54 111 0.500000
54 115 0.500000
54 116 0.500000
54 117 0.500000
54 119 0.500000
54 120 0.500000
54 122 0.500000
54 123 0.500000
54 124 0.500000
54 125 0.500000
54 126 0.500000
54 127 0.500000
54 128 0.500000
54 130 0.500000
54 132 0.500000
54 134 0.500000
54 135 0.500000
54 136 0.500000
54 137 0.500000
54 143 0.500000
54 144 0.500000
54 146 0.500000
54 147 0.500000
54 149 0.500000
54 150 0.500000
54 156 0.500000
54 157 0.500000
54 158 0.500000
54 160 0.500000
55 58 0.500000
55 63 0.500000
55 64 0.500000
55 66 0.500000
55 67 0.500000
55 70 0.500000
55 71 0.500000
55 73 0.500000
55 74 0.500000
55 75 0.500000
55 80 0.500000
55 84 0.500000
55 87 0.500000
55 88 0.500000
55 93 0.500000
55 94 0.500000
55 97 0.500000
55 101 0.500000
55 102 0.500000
55 103 0.500000
55 104 0.500000
55 110 0.500000
55 112 0.500000
55 113 0.500000
55 121 0.500000
55 123 0.500000
55 124 0.500000
55 125 0.500000
55 131 0.500000
55 136 0.500000
55 138 0.500000
55 142 0.500000
55 146 0.500000
55 148 0.500000
55 150 0.500000
55 151 0.500000
55 152 0.500000
55 153 0.500000
55 156 0.500000
55 157 0.500000
55 158 0.500000
55 159 0.500000
56 57 0.500000
56 63 0.500000
56 64 0.500000
56 67 0.500000
56 68 0.500000
56 69 0.500000
56 70 0.500000
56 72 0.500000
56 73 0.500000
56 74 0.500000
56 77 0.500000
56 79 0.500000
56 82 0.500000
56 84 0.500000
56 85 0.500000
56 86 0.500000
56 87 0.500000
56 88 0.500000
56 91 0.500000
56 92 0.500000
56 93 0.500000
56 95 0.500000
56 96 0.500000
56 97 0.500000
56 99 0.500000
56 102 0.500000
56 103 0.500000
56 104 0.500000
56 105 0.500000
56 107 0.500000
56 108 0.500000
56 117 0.500000
56 119 0.500000
56 120 0.500000
56 121 0.500000
56 122 0.500000
56 123 0.500000
56 124 0.500000
56 130 0.500000
56 132 0.500000
56 135 0.500000
56 137 0.500000
56 139 0.500000
56 142 0.500000
56 143 0.500000
56 144 0.500000
56 146 0.500000
56 148 0.500000
56 154 0.500000
56 156 0.500000
56 158 0.500000
56 159 0.500000
57 59 0.500000
57 63 0.500000
57 67 0.500000
57 69 0.500000
57 70 0.500000
57 73 0.500000
57 75 0.500000
57 77 0.500000
57 78 0.500000
57 80 0.500000
57 81 0.500000
57 87 0.500000
57 90 0.500000
57 91 0.500000
57 92 0.500000
57 98 0.500000
57 99 0.500000
57 100 0.500000
57 104 0.500000
57 105 0.500000
57 106 0.500000
57 108 0.500000
57 109 0.500000
57 120 0.500000
57 122 0.500000
57 124 0.500000
57 125 0.500000
57 129 0.500000
57 135 0.500000
57 136 0.500000
57 138 0.500000
57 139 0.500000
57 140 0.500000
57 143 0.500000
57 144 0.500000
57 145 0.500000
57 148 0.500000
57 150 0.500000
57 152 0.500000
57 154 0.500000
57 156 0.500000
57 157 0.500000
57 158 0.500000
57 159 0.500000
58 59 0.500000
58 61 0.500000
58 62 0.500000
58 63 0.500000
58 65 0.500000
58 66 0.500000
58 67 0.500000
58 70 0.500000
58 71 0.500000
58 74 0.500000
58 77 0.500000
58 79 0.500000
58 80 0.500000
58 90 0.500000
58 91 0.500000
58 92 0.500000
58 94 0.500000
58 95 0.500000
58 97 0.500000
58 98 0.500000
58 99 0.500000
58 101 0.500000
58 102 0.500000
58 103 0.500000
58 106 0.500000
58 107 0.500000
58 109 0.500000
58 110 0.500000
58 111 0.500000
58 112 0.500000
58 113 0.500000
58 114 0.500000
58 115 0.500000
58 118 0.500000
58 119 0.500000
58 122 0.500000
58 124 0.500000
58 125 0.500000
58 129 0.500000
58 135 0.500000
58 136 0.500000
58 140 0.500000
58 141 0.500000
58 144 0.500000
58 145 0.500000
58 146 0.500000
58 148 0.500000
58 149 0.500000
58 150 0.500000
58 151 0.500000
58 153 0.500000
58 154 0.500000
58 156 0.500000
58 157 0.500000
58 158 0.500000
58 159 0.500000
59 60 0.500000
59 65 0.500000
59 66 0.500000
59 67 0.500000
59 68 0.500000
59 72 0.500000
59 73 0.500000
59 75 0.500000
59 79 0.500000
59 81 0.500000
59 83 0.500000
59 84 0.500000
59 85 0.500000
59 86 0.500000
59 88 0.500000
59 91 0.500000
59 92 0.500000
59 95 0.500000
59 96 0.500000
59 97 0.500000
59 103 0.500000
59 105 0.500000
59 106 0.500000
59 107 0.500000
59 108 0.500000
59 109 0.500000
59 112 0.500000
59 116 0.500000
59 119 0.500000
59 125 0.500000
59 129 0.500000
59 131 0.500000
59 132 0.500000
59 133 0.500000
59 135 0.500000
59 136 0.500000
59 138 0.500000
59 139 0.500000
59 141 0.500000
59 143 0.500000
59 145 0.500000
59 146 0.500000
59 148 0.500000
59 149 0.500000
59 151 0.500000
59 153 0.500000
59 155 0.500000
59 156 0.500000
59 158 0.500000
59 159 0.500000
60 61 0.500000
60 66 0.500000
60 67 0.500000
60 70 0.500000
60 72 0.500000
60 73 0.500000
60 75 0.500000
60 76 0.500000
60 77 0.500000
60 81 0.500000
60 83 0.500000
60 85 0.500000
60 87 0.500000
60 88 0.500000
60 91 0.500000
60 98 0.500000
60 102 0.500000
60 104 0.500000
60 105 0.500000
60 106 0.500000
60 108 0.500000
60 115 0.500000
60 117 0.500000
60 118 0.500000
60 120 0.500000
60 123 0.500000
60 124 0.500000
60 125 0.500000
60 130 0.500000
60 131 0.500000
60 132 0.500000
60 133 0.500000
60 134 0.500000
60 136 0.500000
60 137 0.500000
60 140 0.500000
60 141 0.500000
60 143 0.500000
60 144 0.500000
60 148 0.500000
60 149 0.500000
60 152 0.500000
60 154 0.500000
60 156 0.500000
60 158 0.500000
60 159 0.500000
61 62 0.500000
61 64 0.500000
61 65 0.500000
61 70 0.500000
61 72 0.500000
61 84 0.500000
61 85 0.500000
61 91 0.500000
61 92 0.500000
61 93 0.500000
61 94 0.500000
61 96 0.500000
61 98 0.500000
61 100 0.500000
61 101 0.500000
61 102 0.500000
61 108 0.500000
61 109 0.500000
61 110 0.500000
61 114 0.500000
61 117 0.500000
61 119 0.500000
61 120 0.500000
61 121 0.500000
61 124 0.500000
61 125 0.500000
61 126 0.500000
61 129 0.500000
61 130 0.500000
61 133 0.500000
61 140 0.500000
61 142 0.500000
61 143 0.500000
61 144 0.500000
61 149 0.500000
61 151 0.500000
61 153 0.500000
61 154 0.500000
61 156 0.500000
61 157 0.500000
62 64 0.500000
62 65 0.500000
62 68 0.500000
62 71 0.500000
62 75 0.500000
62 76 0.500000
62 77 0.500000
62 79 0.500000
62 81 0.500000
62 83 0.500000
62 85 0.500000
62 89 0.500000
62 90 0.500000
62 92 0.500000
62 93 0.500000
62 95 0.500000
62 96 0.500000
62 97 0.500000
62 99 0.500000
62 100 0.500000
62 101 0.500000
62 105 0.500000
62 106 0.500000
62 108 0.500000
62 109 0.500000
62 113 0.500000
62 115 0.500000
62 116 0.500000
62 117 0.500000
62 121 0.500000
62 127 0.500000
62 129 0.500000
62 130 0.500000
62 133 0.500000
62 134 0.500000
62 136 0.500000
62 139 0.500000
62 140 0.500000
62 141 0.500000
62 145 0.500000
62 146 0.500000
62 147 0.500000
62 151 0.500000
62 152 0.500000
62 153 0.500000
62 154 0.500000
62 156 0.500000
62 157 0.500000
62 158 0.500000
62 159 0.500000
62 160 0.500000
63 66 0.500000
63 67 0.500000
63 68 0.500000
63 69 0.500000
63 73 0.500000
63 75 0.500000
63 76 0.500000
63 77 0.500000
63 81 0.500000
63 84 0.500000
63 87 0.500000
63 88 0.500000
63 90 0.500000
63 91 0.500000
63 94 0.500000
63 95 0.500000
63 98 0.500000
63 99 0.500000
63 100 0.500000
63 103 0.500000
63 104 0.500000
63 105 0.500000
63 108 0.500000
63 111 0.500000
63 112 0.500000
63 115 0.500000
63 116 0.500000
63 120 0.500000
63 123 0.500000
63 125 0.500000
63 126 0.500000
63 128 0.500000
63 129 0.500000
63 134 0.500000
63 135 0.500000
63 136 0.500000
63 137 0.500000
63 138 0.500000
63 140 0.500000
63 141 0.500000
63 146 0.500000
63 148 0.500000
63 150 0.500000
63 155 0.500000
63 157 0.500000
63 158 0.500000
63 160 0.500000
64 66 0.500000
64 67 0.500000
64 68 0.500000
64 69 0.500000
64 70 0.500000
64 72 0.500000
64 74 0.500000
64 79 0.500000
64 83 0.500000
64 88 0.500000
64 89 0.500000
64 90 0.500000
64 98 0.500000
64 101 0.500000
64 103 0.500000
64 104 0.500000
64 105 0.500000
64 108 0.500000
64 109 0.500000
64 112 0.500000
64 118 0.500000
64 119 0.500000
64 120 0.500000
64 121 0.500000
64 122 0.500000
64 124 0.500000
64 128 0.500000
64 131 0.500000
64 132 0.500000
64 134 0.500000
64 137 0.500000
64 138 0.500000
64 139 0.500000
64 143 0.500000
64 148 0.500000
64 151 0.500000
64 153 0.500000
64 156 0.500000
64 160 0.500000
65 67 0.500000
65 68 0.500000
65 70 0.500000
65 71 0.500000
65 76 0.500000
65 77 0.500000
65 78 0.500000
65 79 0.500000
65 81 0.500000
65 86 0.500000
65 87 0.500000
65 88 0.500000
65 98 0.500000
65 100 0.500000
65 103 0.500000
65 104 0.500000
65 106 0.500000
65 108 0.500000
65 109 0.500000
65 110 0.500000
65 111 0.500000
65 116 0.500000
65 117 0.500000
65 118 0.500000
65 121 0.500000
65 122 0.500000
65 125 0.500000
65 127 0.500000
65 129 0.500000
65 130 0.500000
65 131 0.500000
65 132 0.500000
65 134 0.500000
65 135 0.500000
65 136 0.500000
65 137 0.500000
65 139 0.500000
65 141 0.500000
65 142 0.500000
65 148 0.500000
65 150 0.500000
65 151 0.500000
65 152 0.500000
65 154 0.500000
65 156 0.500000
65 158 0.500000
65 160 0.500000
66 67 0.500000
66 68 0.500000
66 71 0.500000
66 72 0.500000
66 73 0.500000
66 77 0.500000
66 80 0.500000
66 82 0.500000
66 83 0.500000
66 84 0.500000
66 88 0.500000
66 91 0.500000
66 92 0.500000
66 94 0.500000
66 96 0.500000
66 98 0.500000
66 99 0.500000
66 101 0.500000
66 102 0.500000
66 103 0.500000
66 104 0.500000
66 106 0.500000
66 107 0.500000
66 109 0.500000
66 110 0.500000
66 111 0.500000
66 113 0.500000
66 115 0.500000
66 119 0.500000
66 120 0.500000
66 121 0.500000
66 122 0.500000
66 126 0.500000
66 128 0.500000
66 129 0.500000
66 131 0.500000
66 132 0.500000
66 133 0.500000
66 134 0.500000
66 141 0.500000
66 147 0.500000
66 148 0.500000
66 149 0.500000
66 150 0.500000
66 151 0.500000
66 153 0.500000
66 156 0.500000
66 157 0.500000
66 158 0.500000
67 68 0.500000
67 70 0.500000
67 71 0.500000
67 72 0.500000
67 73 0.500000
67 74 0.500000
67 75 0.500000
67 76 0.500000
67 78 0.500000
67 79 0.500000
67 80 0.500000
67 81 0.500000
67 82 0.500000
67 84 0.500000
67 85 0.500000
67 87 0.500000
67 90 0.500000
67 92 0.500000
67 93 0.500000
67 94 0.500000
67 95 0.500000
67 99 0.500000
67 100 0.500000
67 101 0.500000
67 103 0.500000
67 107 0.500000
67 108 0.500000
67 109 0.500000
67 111 0.500000
67 115 0.500000
67 117 0.500000
67 118 0.500000
67 121 0.500000
67 124 0.500000
67 125 0.500000
67 126 0.500000
67 127 0.500000
67 128 0.500000
67 130 0.500000
67 131 0.500000
67 132 0.500000
67 134 0.500000
67 135 0.500000
67 136 0.500000
67 137 0.500000
67 138 0.500000
67 139 0.500000
67 142 0.500000
67 143 0.500000
67 144 0.500000
67 145 0.500000
67 150 0.500000
67 151 0.500000
67 152 0.500000
67 154 0.500000
67 155 0.500000
67 157 0.500000
67 158 0.500000
67 159 0.500000
67 160 0.500000
68 72 0.500000
68 74 0.500000
68 76 0.500000
68 77 0.500000
68 78 0.500000
68 80 0.500000
68 83 0.500000
68 84 0.500000
68 89 0.500000
68 90 0.500000
68 93 0.500000
68 95 0.500000
68 96 0.500000
68 97 0.500000
68 98 0.500000
68 99 0.500000
68 100 0.500000
68 101 0.500000
68 104 0.500000
68 105 0.500000
68 107 0.500000
68 116 0.500000
68 119 0.500000
68 122 0.500000
68 125 0.500000
68 126 0.500000
68 127 0.500000
68 128 0.500000
68 132 0.500000
68 133 0.500000
68 134 0.500000
68 138 0.500000
68 139 0.500000
68 141 0.500000
68 142 0.500000
68 144 0.500000
68 148 0.500000
68 150 0.500000
68 151 0.500000
68 153 0.500000
68 154 0.500000
68 156 0.500000
68 157 0.500000
68 158 0.500000
69 70 0.500000
69 71 0.500000
69 72 0.500000
69 73 0.500000
69 74 0.500000
69 77 0.500000
69 78 0.500000
69 79 0.500000
69 80 0.500000
69 83 0.500000
69 84 0.500000
69 87 0.500000
69 88 0.500000
69 91 0.500000
69 93 0.500000
69 94 0.500000
69 98 0.500000
69 99 0.500000
69 100 0.500000
69 101 0.500000
69 103 0.500000
69 104 0.500000
69 106 0.500000
69 107 0.500000
69 108 0.500000
69 117 0.500000
69 119 0.500000
69 121 0.500000
69 124 0.500000
69 125 0.500000
69 126 0.500000
69 130 0.500000
69 133 0.500000
69 134 0.500000
69 142 0.500000
69 144 0.500000
69 145 0.500000
69 146 0.500000
69 148 0.500000
69 150 0.500000
69 151 0.500000
69 152 0.500000
69 153 0.500000
69 155 0.500000
69 157 0.500000
69 158 0.500000
69 159 0.500000
69 160 0.500000
70 73 0.500000
70 75 0.500000
70 77 0.500000
70 79 0.500000
70 80 0.500000
70 81 0.500000
70 82 0.500000
70 83 0.500000
70 85 0.500000
70 86 0.500000
70 92 0.500000
70 93 0.500000
70 94 0.500000
70 95 0.500000
70 97 0.500000
70 98 0.500000
70 100 0.500000
70 102 0.500000
70 103 0.500000
70 104 0.500000
70 106 0.500000
70 107 0.500000
70 108 0.500000
70 111 0.500000
70 112 0.500000
70 115 0.500000
70 116 0.500000
70 118 0.500000
70 119 0.500000
70 120 0.500000
70 122 0.500000
70 123 0.500000
70 124 0.500000
70 128 0.500000
70 129 0.500000
70 130 0.500000
70 131 0.500000
70 138 0.500000
70 142 0.500000
70 146 0.500000
70 147 0.500000
70 148 0.500000
70 151 0.500000
70 152 0.500000
70 155 0.500000
70 156 0.500000
71 75 0.500000
71 76 0.500000
71 82 0.500000
71 84 0.500000
71 86 0.500000
71 88 0.500000
71 89 0.500000
71 95 0.500000
71 96 0.500000
71 97 0.500000
71 98 0.500000
71 99 0.500000
71 102 0.500000
71 103 0.500000
71 104 0.500000
71 105 0.500000
71 111 0.500000
71 113 0.500000
71 117 0.500000
71 118 0.500000
71 119 0.500000
71 122 0.500000
71 123 0.500000
71 125 0.500000
71 126 0.500000
71 127 0.500000
71 129 0.500000
71 130 0.500000
71 131 0.500000
71 134 0.500000
71 135 0.500000
71 137 0.500000
71 139 0.500000
71 140 0.500000
71 141 0.500000
71 144 0.500000
71 146 0.500000
71 148 0.500000
71 154 0.500000
71 155 0.500000
71 156 0.500000
71 157 0.500000
72 75 0.500000
72 76 0.500000
72 78 0.500000
72 81 0.500000
72 82 0.500000
72 83 0.500000
72 87 0.500000
72 89 0.500000
72 91 0.500000
72 92 0.500000
72 94 0.500000
72 96 0.500000
72 97 0.500000
72 98 0.500000
72 100 0.500000
72 103 0.500000
72 106 0.500000
72 108 0.500000
72 110 0.500000
72 112 0.500000
72 113 0.500000
72 115 0.500000
72 119 0.500000
72 126 0.500000
72 131 0.500000
72 132 0.500000
72 136 0.500000
72 139 0.500000
72 140 0.500000
72 141 0.500000
72 142 0.500000
72 148 0.500000
72 150 0.500000
72 151 0.500000
72 153 0.500000
72 156 0.500000
72 157 0.500000
72 158 0.500000
72 160 0.500000
73 75 0.500000
73 76 0.500000
73 79 0.500000
73 86 0.500000
73 87 0.500000
73 89 0.500000
73 92 0.500000
73 93 0.500000
73 95 0.500000
73 96 0.500000
73 97 0.500000
73 98 0.500000
73 100 0.500000
73 101 0.500000
73 102 0.500000
73 108 0.500000
73 109 0.500000
73 114 0.500000
73 116 0.500000
73 118 0.500000
73 120 0.500000
73 121 0.500000
73 123 0.500000
73 124 0.500000
73 128 0.500000
73 129 0.500000
73 132 0.500000
73 133 0.500000
73 134 0.500000
73 136 0.500000
73 137 0.500000
73 140 0.500000
73 141 0.500000
73 146 0.500000
73 147 0.500000
73 148 0.500000
73 150 0.500000
73 156 0.500000
73 158 0.500000
74 79 0.500000
74 80 0.500000
74 81 0.500000
74 82 0.500000
74 84 0.500000
74 88 0.500000
74 91 0.500000
74 94 0.500000
74 95 0.500000
74 99 0.500000
74 100 0.500000
74 101 0.500000
74 102 0.500000
74 105 0.500000
74 106 0.500000
74 107 0.500000
74 110 0.500000
74 112 0.500000
74 113 0.500000
74 116 0.500000
74 118 0.500000
74 120 0.500000
74 122 0.500000
74 125 0.500000
74 126 0.500000
74 127 0.500000
74 129 0.500000
74 130 0.500000
74 134 0.500000
74 135 0.500000
74 139 0.500000
74 141 0.500000
74 142 0.500000
74 143 0.500000
74 144 0.500000
74 145 0.500000
74 147 0.500000
74 148 0.500000
74 149 0.500000
74 151 0.500000
74 152 0.500000
74 153 0.500000
74 154 0.500000
74 155 0.500000
74 156 0.500000
74 157 0.500000
74 159 0.500000
74 160 0.500000
75 76 0.500000
75 77 0.500000
75 78 0.500000
75 81 0.500000
75 82 0.500000
75 83 0.500000
75 90 0.500000
75 91 0.500000
75 92 0.500000
75 93 0.500000
75 95 0.500000
75 96 0.500000
75 101 0.500000
75 106 0.500000
75 107 0.500000
75 109 0.500000
75 115 0.500000
75 120 0.500000
75 121 0.500000
75 122 0.500000
75 123 0.500000
75 125 0.500000
75 130 0.500000
75 133 0.500000
75 135 0.500000
75 136 0.500000
75 140 0.500000
75 141 0.500000
75 143 0.500000
75 144 0.500000
75 148 0.500000
75 150 0.500000
75 151 0.500000
75 152 0.500000
75 153 0.500000
75 154 0.500000
75 155 0.500000
75 156 0.500000
75 157 0.500000
75 159 0.500000
76 77 0.500000
76 78 0.500000
76 79 0.500000
76 84 0.500000
76 86 0.500000
76 87 0.500000
76 90 0.500000
76 91 0.500000
76 92 0.500000
76 93 0.500000
76 94 0.500000
76 97 0.500000
76 98 0.500000
76 100 0.500000
76 101 0.500000
76 103 0.500000
76 108 0.500000
76 109 0.500000
76 110 0.500000
76 111 0.500000
76 112 0.500000
76 113 0.500000
76 116 0.500000
76 118 0.500000
76 124 0.500000
76 125 0.500000
76 127 0.500000
76 128 0.500000
76 132 0.500000
76 133 0.500000
76 134 0.500000
76 135 0.500000
76 136 0.500000
76 137 0.500000
76 140 0.500000
76 141 0.500000
76 143 0.500000
76 145 0.500000
76 148 0.500000
76 151 0.500000
76 155 0.500000
76 157 0.500000
76 160 0.500000
77 78 0.500000
77 80 0.500000
77 82 0.500000
77 83 0.500000
77 85 0.500000
77 91 0.500000
77 93 0.500000
77 99 0.500000
77 100 0.500000
77 101 0.500000
77 104 0.500000
77 107 0.500000
77 108 0.500000
77 110 0.500000
77 112 0.500000
77 115 0.500000
77 117 0.500000
77 119 0.500000
77 121 0.500000
77 123 0.500000
77 129 0.500000
77 130 0.500000
77 133 0.500000
77 136 0.500000
77 137 0.500000
77 143 0.500000
77 147 0.500000
77 150 0.500000
77 153 0.500000
77 156 0.500000
77 158 0.500000
78 79 0.500000
78 80 0.500000
78 81 0.500000
78 82 0.500000
78 84 0.500000
78 85 0.500000
78 86 0.500000
78 87 0.500000
78 89 0.500000
78 92 0.500000
78 97 0.500000
78 102 0.500000
78 108 0.500000
78 109 0.500000
78 110 0.500000
78 113 0.500000
78 114 0.500000
78 116 0.500000
78 117 0.500000
78 118 0.500000
78 119 0.500000
78 120 0.500000
78 124 0.500000
78 126 0.500000
78 127 0.500000
78 128 0.500000
78 130 0.500000
78 136 0.500000
78 137 0.500000
78 139 0.500000
78 144 0.500000
78 147 0.500000
78 148 0.500000
78 152 0.500000
78 153 0.500000
78 155 0.500000
78 156 0.500000
78 158 0.500000
78 160 0.500000
79 80 0.500000
79 81 0.500000
79 82 0.500000
79 83 0.500000
79 84 0.500000
79 86 0.500000
79 87 0.500000
79 88 0.500000
79 90 0.500000
79 93 0.500000
79 96 0.500000
79 98 0.500000
79 99 0.500000
79 101 0.500000
79 103 0.500000
79 104 0.500000
79 105 0.500000
79 108 0.500000
79 109 0.500000
79 112 0.500000
79 115 0.500000
79 116 0.500000
79 117 0.500000
79 118 0.500000
79 119 0.500000
79 120 0.500000
79 121 0.500000
79 122 0.500000
79 124 0.500000
79 126 0.500000
79 127 0.500000
79 128 0.500000
79 132 0.500000
79 135 0.500000
79 136 0.500000
79 137 0.500000
79 139 0.500000
79 144 0.500000
79 145 0.500000
79 146 0.500000
79 147 0.500000
79 148 0.500000
79 151 0.500000
79 152 0.500000
79 153 0.500000
79 155 0.500000
79 158 0.500000
79 159 0.500000
80 81 0.500000
80 84 0.500000
80 85 0.500000
80 89 0.500000
80 90 0.500000
80 91 0.500000
80 100 0.500000
80 102 0.500000
80 106 0.500000
80 107 0.500000
80 108 0.500000
80 112 0.500000
80 114 0.500000
80 115 0.500000
80 116 0.500000
80 117 0.500000
80 121 0.500000
80 122 0.500000
80 125 0.500000
80 126 0.500000
80 128 0.500000
80 131 0.500000
80 133 0.500000
80 134 0.500000
80 135 0.500000
80 137 0.500000
80 138 0.500000
80 141 0.500000
80 142 0.500000
80 148 0.500000
80 149 0.500000
80 151 0.500000
80 153 0.500000
80 156 0.500000
80 158 0.500000
80 159 0.500000
81 83 0.500000
81 87 0.500000
81 89 0.500000
81 90 0.500000
81 91 0.500000
81 93 0.500000
81 95 0.500000
81 96 0.500000
81 99 0.500000
81 100 0.500000
81 102 0.500000
81 103 0.500000
81 109 0.500000
81 111 0.500000
81 112 0.500000
81 113 0.500000
81 114 0.500000
81 115 0.500000
81 116 0.500000
81 117 0.500000
81 118 0.500000
81 119 0.500000
81 120 0.500000
81 121 0.500000
81 122 0.500000
81 126 0.500000
81 127 0.500000
81 130 0.500000
81 131 0.500000
81 132 0.500000
81 133 0.500000
81 134 0.500000
81 135 0.500000
81 136 0.500000
81 137 0.500000
81 139 0.500000
81 140 0.500000
81 145 0.500000
81 147 0.500000
81 148 0.500000
81 150 0.500000
81 154 0.500000
81 156 0.500000
81 157 0.500000
81 160 0.500000
82 83 0.500000
82 88 0.500000
82 92 0.500000
82 97 0.500000
82 101 0.500000
82 105 0.500000
82 107 0.500000
82 108 0.500000
82 109 0.500000
82 110 0.500000
82 111 0.500000
82 113 0.500000
82 114 0.500000
82 116 0.500000
82 120 0.500000
82 122 0.500000
82 126 0.500000
82 131 0.500000
82 132 0.500000
82 133 0.500000
82 134 0.500000
82 135 0.500000
82 136 0.500000
82 137 0.500000
82 138 0.500000
82 139 0.500000
82 142 0.500000
82 144 0.500000
82 146 0.500000
82 147 0.500000
82 150 0.500000
82 151 0.500000
82 153 0.500000
82 154 0.500000
82 156 0.500000
82 160 0.500000
83 86 0.500000
83 87 0.500000
83 88 0.500000
83 90 0.500000
83 91 0.500000
83 94 0.500000
83 100 0.500000
83 101 0.500000
83 102 0.500000
83 103 0.500000
83 105 0.500000
83 106 0.500000
83 107 0.500000
83 109 0.500000
83 111 0.500000
83 112 0.500000
83 113 0.500000
83 114 0.500000
83 116 0.500000
83 120 0.500000
83 121 0.500000
83 122 0.500000
83 124 0.500000
83 126 0.500000
83 127 0.500000
83 130 0.500000
83 131 0.500000
83 139 0.500000
83 141 0.500000
83 143 0.500000
83 145 0.500000
83 146 0.500000
83 148 0.500000
83 149 0.500000
83 150 0.500000
83 152 0.500000
83 154 0.500000
83 155 0.500000
83 158 0.500000
83 160 0.500000
84 88 0.500000
84 93 0.500000
84 95 0.500000
84 96 0.500000
84 98 0.500000
84 99 0.500000
84 102 0.500000
84 103 0.500000
84 104 0.500000
84 105 0.500000
84 108 0.500000
84 109 0.500000
84 114 0.500000
84 115 0.500000
84 117 0.500000
84 118 0.500000
84 125 0.500000
84 128 0.500000
84 129 0.500000
84 130 0.500000
84 132 0.500000
84 133 0.500000
84 135 0.500000
84 137 0.500000
84 138 0.500000
84 139 0.500000
84 140 0.500000
84 145 0.500000
84 146 0.500000
84 152 0.500000
84 153 0.500000
84 155 0.500000
84 156 0.500000
84 157 0.500000
84 159 0.500000
84 160 0.500000
85 88 0.500000
85 91 0.500000
85 93 0.500000
85 96 0.500000
85 97 0.500000
85 98 0.500000
85 99 0.500000
85 102 0.500000
85 103 0.500000
85 106 0.500000
85 108 0.500000
85 111 0.500000
85 112 0.500000
85 113 0.500000
85 114 0.500000
85 116 0.500000
85 117 0.500000
85 118 0.500000
85 119 0.500000
85 122 0.500000
85 123 0.500000
85 128 0.500000
85 132 0.500000
85 133 0.500000
85 134 0.500000
85 135 0.500000
85 136 0.500000
85 140 0.500000
85 141 0.500000
85 142 0.500000
85 144 0.500000
85 145 0.500000
85 146 0.500000
85 147 0.500000
85 149 0.500000
85 150 0.500000
85 151 0.500000
85 152 0.500000
85 154 0.500000
85 156 0.500000
85 157 0.500000
86 88 0.500000
86 90 0.500000
86 91 0.500000
86 94 0.500000
86 95 0.500000
86 96 0.500000
86 97 0.500000
86 101 0.500000
86 103 0.500000
86 106 0.500000
86 107 0.500000
86 108 0.500000
86 111 0.500000
86 113 0.500000
86 114 0.500000
86 116 0.500000
86 117 0.500000
86 118 0.500000
86 120 0.500000
86 126 0.500000
86 129 0.500000
86 130 0.500000
86 131 0.500000
86 132 0.500000
86 133 0.500000
86 134 0.500000
86 135 0.500000
86 137 0.500000
86 140 0.500000
86 141 0.500000
86 142 0.500000
86 145 0.500000
86 146 0.500000
86 147 0.500000
86 149 0.500000
86 150 0.500000
86 151 0.500000
86 159 0.500000
86 160 0.500000
87 88 0.500000
87 89 0.500000
87 91 0.500000
87 95 0.500000
87 96 0.500000
87 98 0.500000
87 100 0.500000
87 101 0.500000
87 104 0.500000
87 107 0.500000
87 108 0.500000
87 110 0.500000
87 111 0.500000
87 112 0.500000
87 113 0.500000
87 118 0.500000
87 119 0.500000
87 120 0.500000
87 121 0.500000
87 123 0.500000
87 126 0.500000
87 130 0.500000
87 132 0.500000
87 135 0.500000
87 139 0.500000
87 140 0.500000
87 142 0.500000
87 143 0.500000
87 146 0.500000
87 147 0.500000
87 150 0.500000
87 152 0.500000
87 153 0.500000
87 154 0.500000
87 155 0.500000
87 156 0.500000
87 157 0.500000
88 89 0.500000
88 91 0.500000
88 92 0.500000
88 94 0.500000
88 97 0.500000
88 98 0.500000
88 102 0.500000
88 103 0.500000
88 105 0.500000
88 106 0.500000
88 111 0.500000
88 113 0.500000
88 114 0.500000
88 115 0.500000
88 116 0.500000
88 117 0.500000
88 118 0.500000
88 119 0.500000
88 120 0.500000
88 121 0.500000
88 122 0.500000
88 123 0.500000
88 124 0.500000
88 127 0.500000
88 129 0.500000
88 130 0.500000
88 132 0.500000
88 135 0.500000
88 137 0.500000
88 139 0.500000
88 140 0.500000
88 141 0.500000
88 143 0.500000
88 144 0.500000
88 146 0.500000
88 147 0.500000
88 148 0.500000
88 149 0.500000
88 150 0.500000
88 154 0.500000
88 157 0.500000
88 158 0.500000
88 159 0.500000
88 160 0.500000
89 90 0.500000
89 91 0.500000
89 93 0.500000
89 94 0.500000
89 96 0.500000
89 97 0.500000
89 98 0.500000
89 100 0.500000
89 102 0.500000
89 103 0.500000
89 105 0.500000
89 112 0.500000
89 113 0.500000
89 115 0.500000
89 116 0.500000
89 119 0.500000
89 121 0.500000
89 125 0.500000
89 126 0.500000
89 128 0.500000
89 129 0.500000
89 131 0.500000
89 133 0.500000
89 134 0.500000
89 136 0.500000
89 138 0.500000
89 139 0.500000
89 142 0.500000
89 145 0.500000
89 146 0.500000
89 147 0.500000
89 149 0.500000
89 152 0.500000
89 153 0.500000
89 157 0.500000
89 159 0.500000
90 91 0.500000
90 93 0.500000
90 94 0.500000
90 95 0.500000
90 98 0.500000
90 100 0.500000
90 102 0.500000
90 103 0.500000
90 108 0.500000
90 109 0.500000
90 112 0.500000
90 113 0.500000
90 114 0.500000
90 115 0.500000
90 117 0.500000
90 120 0.500000
90 124 0.500000
90 125 0.500000
90 126 0.500000
90 127 0.500000
90 129 0.500000
90 131 0.500000
90 132 0.500000
90 134 0.500000
90 135 0.500000
90 139 0.500000
90 141 0.500000
90 143 0.500000
90 144 0.500000
90 145 0.500000
90 146 0.500000
90 147 0.500000
90 148 0.500000
90 151 0.500000
90 154 0.500000
90 155 0.500000
91 92 0.500000
91 93 0.500000
91 97 0.500000
91 98 0.500000
91 99 0.500000
91 101 0.500000
91 103 0.500000
91 105 0.500000
91 106 0.500000
91 107 0.500000
91 111 0.500000
91 112 0.500000
91 113 0.500000
91 114 0.500000
91 116 0.500000
91 119 0.500000
91 120 0.500000
91 123 0.500000
91 133 0.500000
91 136 0.500000
91 138 0.500000
91 139 0.500000
91 141 0.500000
91 143 0.500000
91 146 0.500000
91 148 0.500000
91 149 0.500000
91 150 0.500000
91 152 0.500000
91 154 0.500000
91 155 0.500000
91 157 0.500000
91 158 0.500000
91 159 0.500000
91 160 0.500000
92 93 0.500000
92 95 0.500000
92 96 0.500000
92 98 0.500000
92 99 0.500000
92 100 0.500000
92 102 0.500000
92 104 0.500000
92 108 0.500000
92 109 0.500000
92 112 0.500000
92 116 0.500000
92 117 0.500000
92 118 0.500000
92 121 0.500000
92 122 0.500000
92 123 0.500000
92 124 0.500000
92 126 0.500000
92 128 0.500000
92 130 0.500000
92 132 0.500000
92 135 0.500000
92 136 0.500000
92 137 0.500000
92 138 0.500000
92 139 0.500000
92 142 0.500000
92 145 0.500000
92 147 0.500000
92 148 0.500000
92 150 0.500000
92 151 0.500000
92 154 0.500000
92 156 0.500000
92 159 0.500000
93 95 0.500000
93 96 0.500000
93 97 0.500000
93 100 0.500000
93 101 0.500000
93 102 0.500000
93 105 0.500000
93 107 0.500000
93 109 0.500000
93 112 0.500000
93 113 0.500000
93 114 0.500000
93 115 0.500000
93 116 0.500000
93 119 0.500000
93 120 0.500000
93 124 0.500000
93 128 0.500000
93 129 0.500000
93 133 0.500000
93 134 0.500000
93 135 0.500000
93 137 0.500000
93 138 0.500000
93 139 0.500000
93 140 0.500000
93 141 0.500000
93 143 0.500000
93 144 0.500000
93 145 0.500000
93 148 0.500000
93 149 0.500000
93 150 0.500000
93 151 0.500000
93 155 0.500000
93 156 0.500000
93 157 0.500000
93 158 0.500000
93 159 0.500000
94 95 0.500000
94 96 0.500000
94 98 0.500000
94 99 0.500000
94 103 0.500000
94 104 0.500000
94 106 0.500000
94 107 0.500000
94 112 0.500000
94 113 0.500000
94 115 0.500000
94 116 0.500000
94 117 0.500000
94 118 0.500000
94 120 0.500000
94 124 0.500000
94 125 0.500000
94 127 0.500000
94 128 0.500000
94 130 0.500000
94 131 0.500000
94 134 0.500000
94 135 0.500000
94 137 0.500000
94 138 0.500000
94 139 0.500000
94 141 0.500000
94 148 0.500000
94 149 0.500000
94 150 0.500000
94 151 0.500000
94 153 0.500000
94 154 0.500000
94 155 0.500000
94 156 0.500000
94 157 0.500000
95 104 0.500000
95 105 0.500000
95 106 0.500000
95 107 0.500000
95 110 0.500000
95 111 0.500000
95 112 0.500000
95 113 0.500000
95 116 0.500000
95 118 0.500000
95 121 0.500000
95 124 0.500000
95 127 0.500000
95 131 0.500000
95 132 0.500000
95 134 0.500000
95 143 0.500000
95 144 0.500000
95 149 0.500000
95 151 0.500000
95 152 0.500000
95 153 0.500000
95 156 0.500000
95 158 0.500000
96 98 0.500000
96 99 0.500000
96 100 0.500000
96 101 0.500000
96 104 0.500000
96 109 0.500000
96 110 0.500000
96 111 0.500000
96 112 0.500000
96 114 0.500000
96 115 0.500000
96 116 0.500000
96 120 0.500000
96 122 0.500000
96 124 0.500000
96 125 0.500000
96 127 0.500000
96 128 0.500000
96 131 0.500000
96 135 0.500000
96 140 0.500000
96 141 0.500000
96 142 0.500000
96 144 0.500000
96 146 0.500000
96 147 0.500000
96 150 0.500000
96 153 0.500000
96 154 0.500000
96 155 0.500000
96 156 0.500000
96 157 0.500000
96 160 0.500000
97 98 0.500000
97 101 0.500000
97 103 0.500000
97 104 0.500000
97 105 0.500000
97 107 0.500000
97 108 0.500000
97 109 0.500000
97 115 0.500000
97 116 0.500000
97 118 0.500000
97 119 0.500000
97 120 0.500000
97 121 0.500000
97 122 0.500000
97 123 0.500000
97 124 0.500000
97 129 0.500000
97 132 0.500000
97 133 0.500000
97 134 0.500000
97 135 0.500000
97 138 0.500000
97 139 0.500000
97 141 0.500000
97 147 0.500000
97 149 0.500000
97 151 0.500000
97 152 0.500000
97 153 0.500000
97 157 0.500000
97 158 0.500000
97 159 0.500000
98 100 0.500000
98 101 0.500000
98 104 0.500000
98 105 0.500000
98 107 0.500000
98 108 0.500000
98 109 0.500000
98 112 0.500000
98 113 0.500000
98 114 0.500000
98 116 0.500000
98 118 0.500000
98 119 0.500000
98 122 0.500000
98 124 0.500000
98 125 0.500000
98 127 0.500000
98 129 0.500000
98 136 0.500000
98 139 0.500000
98 140 0.500000
98 144 0.500000
98 145 0.500000
98 146 0.500000
98 147 0.500000
98 148 0.500000
98 149 0.500000
98 151 0.500000
98 153 0.500000
98 155 0.500000
98 156 0.500000
99 100 0.500000
99 104 0.500000
99 106 0.500000
99 108 0.500000
99 110 0.500000
99 111 0.500000
99 114 0.500000
99 116 0.500000
99 117 0.500000
99 119 0.500000
99 125 0.500000
99 127 0.500000
99 128 0.500000
99 131 0.500000
99 134 0.500000
99 139 0.500000
99 140 0.500000
99 142 0.500000
99 146 0.500000
99 149 0.500000
99 150 0.500000
99 151 0.500000
99 152 0.500000
99 153 0.500000
99 154 0.500000
99 155 0.500000
99 159 0.500000
99 160 0.500000
100 101 0.500000
100 103 0.500000
100 104 0.500000
100 105 0.500000
100 106 0.500000
100 108 0.500000
100 110 0.500000
100 113 0.500000
100 116 0.500000
100 118 0.500000
100 120 0.500000
100 126 0.500000
100 127 0.500000
100 128 0.500000
100 130 0.500000
100 131 0.500000
100 134 0.500000
100 135 0.500000
100 136 0.500000
100 137 0.500000
100 140 0.500000
100 141 0.500000
100 144 0.500000
100 146 0.500000
100 147 0.500000
100 153 0.500000
100 155 0.500000
100 159 0.500000
100 160 0.500000
101 104 0.500000
101 107 0.500000
101 109 0.500000
101 111 0.500000
101 112 0.500000
101 114 0.500000
101 115 0.500000
101 118 0.500000
101 121 0.500000
101 126 0.500000
101 128 0.500000
101 129 0.500000
101 132 0.500000
101 133 0.500000
101 134 0.500000
101 138 0.500000
101 141 0.500000
101 144 0.500000
101 147 0.500000
101 149 0.500000
101 152 0.500000
101 153 0.500000
101 154 0.500000
101 156 0.500000
101 157 0.500000
101 158 0.500000
101 159 0.500000
101 160 0.500000
102 105 0.500000
102 106 0.500000
102 107 0.500000
102 109 0.500000
102 112 0.500000
102 114 0.500000
102 115 0.500000
102 116 0.500000
102 118 0.500000
102 121 0.500000
102 122 0.500000
102 124 0.500000
102 125 0.500000
102 126 0.500000
102 127 0.500000
102 129 0.500000
102 132 0.500000
102 133 0.500000
102 137 0.500000
102 138 0.500000
102 139 0.500000
102 142 0.500000
102 143 0.500000
102 144 0.500000
102 145 0.500000
102 149 0.500000
102 151 0.500000
102 152 0.500000
102 157 0.500000
102 158 0.500000
103 104 0.500000
103 105 0.500000
103 108 0.500000
103 109 0.500000
103 111 0.500000
103 112 0.500000
103 113 0.500000
103 119 0.500000
103 120 0.500000
103 121 0.500000
103 122 0.500000
103 123 0.500000
103 124 0.500000
103 126 0.500000
103 130 0.500000
103 132 0.500000
103 134 0.500000
103 135 0.500000
103 136 0.500000
103 137 0.500000
103 138 0.500000
103 141 0.500000
103 143 0.500000
103 144 0.500000
103 146 0.500000
103 151 0.500000
103 152 0.500000
103 153 0.500000
103 154 0.500000
103 155 0.500000
103 156 0.500000
103 157 0.500000
103 158 0.500000
104 105 0.500000
104 107 0.500000
104 108 0.500000
104 109 0.500000
104 113 0.500000
104 114 0.500000
104 115 0.500000
104 117 0.500000
104 119 0.500000
104 120 0.500000
104 121 0.500000
104 122 0.500000
104 125 0.500000
104 126 0.500000
104 128 0.500000
104 129 0.500000
104 130 0.500000
104 131 0.500000
104 133 0.500000
104 135 0.500000
104 138 0.500000
104 139 0.500000
104 140 0.500000
104 141 0.500000
104 142 0.500000
104 145 0.500000
104 146 0.500000
104 151 0.500000
104 153 0.500000
104 154 0.500000
104 155 0.500000
104 158 0.500000
105 110 0.500000
105 111 0.500000
105 112 0.500000
105 114 0.500000
105 115 0.500000
105 116 0.500000
105 117 0.500000
105 118 0.500000
105 120 0.500000
105 121 0.500000
105 124 0.500000
105 126 0.500000
105 127 0.500000
105 129 0.500000
105 133 0.500000
105 134 0.500000
105 138 0.500000
105 143 0.500000
105 150 0.500000
105 152 0.500000
105 153 0.500000
105 155 0.500000
105 156 0.500000
105 157 0.500000
105 160 0.500000
106 108 0.500000
106 109 0.500000
106 114 0.500000
106 116 0.500000
106 118 0.500000
106 121 0.500000
106 123 0.500000
106 124 0.500000
106 126 0.500000
106 128 0.500000
106 129 0.500000
106 130 0.500000
106 131 0.500000
106 132 0.500000
106 136 0.500000
106 138 0.500000
106 140 0.500000
106 142 0.500000
106 144 0.500000
106 148 0.500000
106 151 0.500000
106 155 0.500000
106 157 0.500000
106 160 0.500000
107 108 0.500000
107 110 0.500000
107 112 0.500000
107 113 0.500000
107 114 0.500000
107 118 0.500000
107 119 0.500000
107 120 0.500000
107 121 0.500000
107 122 0.500000
107 125 0.500000
107 127 0.500000
107 128 0.500000
107 130 0.500000
107 131 0.500000
107 132 0.500000
107 135 0.500000
107 139 0.500000
107 140 0.500000
107 143 0.500000
107 144 0.500000
107 145 0.500000
107 146 0.500000
107 149 0.500000
107 152 0.500000
107 154 0.500000
107 156 0.500000
107 158 0.500000
108 113 0.500000
108 115 0.500000
108 119 0.500000
108 123 0.500000
108 124 0.500000
108 126 0.500000
108 127 0.500000
108 128 0.500000
108 129 0.500000
108 135 0.500000
108 136 0.500000
108 137 0.500000
108 140 0.500000
108 141 0.500000
108 143 0.500000
108 146 0.500000
108 148 0.500000
108 150 0.500000
108 151 0.500000
108 152 0.500000
108 153 0.500000
108 156 0.500000
108 157 0.500000
108 158 0.500000
108 160 0.500000
109 112 0.500000
109 114 0.500000
109 118 0.500000
109 119 0.500000
109 120 0.500000
109 122 0.500000
109 123 0.500000
109 126 0.500000
109 127 0.500000
109 129 0.500000
109 134 0.500000
109 138 0.500000
109 140 0.500000
109 143 0.500000
109 144 0.500000
109 145 0.500000
109 146 0.500000
109 147 0.500000
109 148 0.500000
109 150 0.500000
109 151 0.500000
109 153 0.500000
109 154 0.500000
109 156 0.500000
109 159 0.500000
109 160 0.500000
110 112 0.500000
110 115 0.500000
110 116 0.500000
110 118 0.500000
110 119 0.500000
110 120 0.500000
110 124 0.500000
110 125 0.500000
110 127 0.500000
110 129 0.500000
110 133 0.500000
110 135 0.500000
110 136 0.500000
110 137 0.500000
110 140 0.500000
110 141 0.500000
110 142 0.500000
110 145 0.500000
110 146 0.500000
110 149 0.500000
110 150 0.500000
110 151 0.500000
110 154 0.500000
110 155 0.500000
110 158 0.500000
111 112 0.500000
111 113 0.500000
111 114 0.500000
111 115 0.500000
111 117 0.500000
111 118 0.500000
111 119 0.500000
111 122 0.500000
111 123 0.500000
111 125 0.500000
111 127 0.500000
111 130 0.500000
111 134 0.500000
111 138 0.500000
111 140 0.500000
111 141 0.500000
111 142 0.500000
111 144 0.500000
111 145 0.500000
111 147 0.500000
111 148 0.500000
111 149 0.500000
111 154 0.500000
111 155 0.500000
111 158 0.500000
111 159 0.500000
111 160 0.500000
112 115 0.500000
112 118 0.500000
112 120 0.500000
112 121 0.500000
112 126 0.500000
112 128 0.500000
112 131 0.500000
112 136 0.500000
112 138 0.500000
112 139 0.500000
112 143 0.500000
112 145 0.500000
112 147 0.500000
112 150 0.500000
112 154 0.500000
112 157 0.500000
113 114 0.500000
113 117 0.500000
113 119 0.500000
113 120 0.500000
113 122 0.500000
113 123 0.500000
113 124 0.500000
113 125 0.500000
113 128 0.500000
113 129 0.500000
113 130 0.500000
113 132 0.500000
113 135 0.500000
113 137 0.500000
113 139 0.500000
113 140 0.500000
113 142 0.500000
113 144 0.500000
113 145 0.500000
113 150 0.500000
113 155 0.500000
113 156 0.500000
113 158 0.500000
113 160 0.500000
114 118 0.500000
114 119 0.500000
114 120 0.500000
114 121 0.500000
114 122 0.500000
114 125 0.500000
114 127 0.500000
114 130 0.500000
114 131 0.500000
114 132 0.500000
114 133 0.500000
114 135 0.500000
114 136 0.500000
114 137 0.500000
114 139 0.500000
114 140 0.500000
114 143 0.500000
114 149 0.500000
114 150 0.500000
114 153 0.500000
114 156 0.500000
114 158 0.500000
114 159 0.500000
114 160 0.500000
115 116 0.500000
115 121 0.500000
115 124 0.500000
115 130 0.500000
115 132 0.500000
115 134 0.500000
115 136 0.500000
115 139 0.500000
115 141 0.500000
115 144 0.500000
115 146 0.500000
115 148 0.500000
115 149 0.500000
115 151 0.500000
115 154 0.500000
115 160 0.500000
116 117 0.500000
116 119 0.500000
116 121 0.500000
116 124 0.500000
116 125 0.500000
116 126 0.500000
116 128 0.500000
116 129 0.500000
116 132 0.500000
116 135 0.500000
116 136 0.500000
116 137 0.500000
116 138 0.500000
116 139 0.500000
116 141 0.500000
116 143 0.500000
116 144 0.500000
116 145 0.500000
116 147 0.500000
116 150 0.500000
116 151 0.500000
116 155 0.500000
116 157 0.500000
116 159 0.500000
116 160 0.500000
117 118 0.500000
117 121 0.500000
117 122 0.500000
117 123 0.500000
117 125 0.500000
117 127 0.500000
117 129 0.500000
117 131 0.500000
117 132 0.500000
117 133 0.500000
117 134 0.500000
117 137 0.500000
117 139 0.500000
117 141 0.500000
117 142 0.500000
117 143 0.500000
117 144 0.500000
117 145 0.500000
117 146 0.500000
117 147 0.500000
117 148 0.500000
117 151 0.500000
117 153 0.500000
117 154 0.500000
117 155 0.500000
117 156 0.500000
117 158 0.500000
117 160 0.500000
118 120 0.500000
118 124 0.500000
118 125 0.500000
118 127 0.500000
118 128 0.500000
118 133 0.500000
118 134 0.500000
118 136 0.500000
118 138 0.500000
118 139 0.500000
118 142 0.500000
118 143 0.500000
118 144 0.500000
118 145 0.500000
118 147 0.500000
118 149 0.500000
118 150 0.500000
118 152 0.500000
118 154 0.500000
118 157 0.500000
118 159 0.500000
119 121 0.500000
119 122 0.500000
119 125 0.500000
119 126 0.500000
119 127 0.500000
119 129 0.500000
119 130 0.500000
119 132 0.500000
119 133 0.500000
119 134 0.500000
119 136 0.500000
119 137 0.500000
119 141 0.500000
119 142 0.500000
119 143 0.500000
119 144 0.500000
119 145 0.500000
119 146 0.500000
119 149 0.500000
119 150 0.500000
119 151 0.500000
119 152 0.500000
119 156 0.500000
119 157 0.500000
119 158 0.500000
119 160 0.500000
120 123 0.500000
120 124 0.500000
120 125 0.500000
120 126 0.500000
120 128 0.500000
120 129 0.500000
120 130 0.500000
120 133 0.500000
120 135 0.500000
120 136 0.500000
120 137 0.500000
120 141 0.500000
120 142 0.500000
120 143 0.500000
120 146 0.500000
120 152 0.500000
120 153 0.500000
120 155 0.500000
120 157 0.500000
120 158 0.500000
120 160 0.500000
121 125 0.500000
121 128 0.500000
121 129 0.500000
121 131 0.500000
121 132 0.500000
121 133 0.500000
121 138 0.500000
121 139 0.500000
121 140 0.500000
121 146 0.500000
121 147 0.500000
121 150 0.500000
121 151 0.500000
121 152 0.500000
121 153 0.500000
121 156 0.500000
121 157 0.500000
121 159 0.500000
121 160 0.500000
122 123 0.500000
122 126 0.500000
122 127 0.500000
122 131 0.500000
122 134 0.500000
122 135 0.500000
122 136 0.500000
122 138 0.500000
122 139 0.500000
122 140 0.500000
122 142 0.500000
122 143 0.500000
122 150 0.500000
122 152 0.500000
122 154 0.500000
122 157 0.500000
123 126 0.500000
123 128 0.500000
123 131 0.500000
123 133 0.500000
123 135 0.500000
123 138 0.500000
123 140 0.500000
123 141 0.500000
123 142 0.500000
123 143 0.500000
123 144 0.500000
123 145 0.500000
123 147 0.500000
123 150 0.500000
123 151 0.500000
123 153 0.500000
123 156 0.500000
123 158 0.500000
123 159 0.500000
124 125 0.500000
124 126 0.500000
124 127 0.500000
124 128 0.500000
124 129 0.500000
124 131 0.500000
124 133 0.500000
124 135 0.500000
124 136 0.500000
124 138 0.500000
124 141 0.500000
124 142 0.500000
124 144 0.500000
124 146 0.500000
124 147 0.500000
124 148 0.500000
124 150 0.500000
124 151 0.500000
124 152 0.500000
124 155 0.500000
124 158 0.500000
125 127 0.500000
125 128 0.500000
125 129 0.500000
125 130 0.500000
125 131 0.500000
125 132 0.500000
125 134 0.500000
125 135 0.500000
125 136 0.500000
125 137 0.500000
125 138 0.500000
125 143 0.500000
125 145 0.500000
125 146 0.500000
125 150 0.500000
125 151 0.500000
125 152 0.500000
125 153 0.500000
125 154 0.500000
125 158 0.500000
125 159 0.500000
126 128 0.500000
126 130 0.500000
126 131 0.500000
126 136 0.500000
126 139 0.500000
126 140 0.500000
126 143 0.500000
126 147 0.500000
126 149 0.500000
126 151 0.500000
126 152 0.500000
126 153 0.500000
126 155 0.500000
126 156 0.500000
126 158 0.500000
127 129 0.500000
127 131 0.500000
127 133 0.500000
127 136 0.500000
127 140 0.500000
127 143 0.500000
127 145 0.500000
127 151 0.500000
127 153 0.500000
127 157 0.500000
127 158 0.500000
127 160 0.500000
128 129 0.500000
128 130 0.500000
128 134 0.500000
128 136 0.500000
128 141 0.500000
128 142 0.500000
128 144 0.500000
128 145 0.500000
128 147 0.500000
128 148 0.500000
128 150 0.500000
128 152 0.500000
128 159 0.500000
128 160 0.500000
129 136 0.500000
129 137 0.500000
129 140 0.500000
129 141 0.500000
129 147 0.500000
129 149 0.500000
129 150 0.500000
129 151 0.500000
129 153 0.500000
129 154 0.500000
129 155 0.500000
129 156 0.500000
129 157 0.500000
129 158 0.500000
129 159 0.500000
129 160 0.500000
130 133 0.500000
130 134 0.500000
130 140 0.500000
130 141 0.500000
130 143 0.500000
130 144 0.500000
130 145 0.500000
130 146 0.500000
130 151 0.500000
130 153 0.500000
130 155 0.500000
130 157 0.500000
130 159 0.500000
131 132 0.500000
131 133 0.500000
131 134 0.500000
131 135 0.500000
131 138 0.500000
131 142 0.500000
131 144 0.500000
131 145 0.500000
131 146 0.500000
131 151 0.500000
131 152 0.500000
131 154 0.500000
131 156 0.500000
131 158 0.500000
131 160 0.500000
132 133 0.500000
132 137 0.500000
132 138 0.500000
132 141 0.500000
132 143 0.500000
132 144 0.500000
132 145 0.500000
132 147 0.500000
132 148 0.500000
132 149 0.500000
132 151 0.500000
132 152 0.500000
132 154 0.500000
132 156 0.500000
132 157 0.500000
132 158 0.500000
132 159 0.500000
132 160 0.500000
133 138 0.500000
133 140 0.500000
133 141 0.500000
133 142 0.500000
133 144 0.500000
133 145 0.500000
133 146 0.500000
133 149 0.500000
133 153 0.500000
133 155 0.500000
133 158 0.500000
133 160 0.500000
134 135 0.500000
134 137 0.500000
134 141 0.500000
134 144 0.500000
134 145 0.500000
134 147 0.500000
134 151 0.500000
134 155 0.500000
134 159 0.500000
135 137 0.500000
135 139 0.500000
135 140 0.500000
135 141 0.500000
135 144 0.500000
135 145 0.500000
135 147 0.500000
135 149 0.500000
135 150 0.500000
135 151 0.500000
135 153 0.500000
135 155 0.500000
135 157 0.500000
135 159 0.500000
135 160 0.500000
136 138 0.500000
136 139 0.500000
136 140 0.500000
136 142 0.500000
136 143 0.500000
136 145 0.500000
136 146 0.500000
136 147 0.500000
136 149 0.500000
136 150 0.500000
136 153 0.500000
136 154 0.500000
136 155 0.500000
136 158 0.500000
136 160 0.500000
137 140 0.500000
137 141 0.500000
137 142 0.500000
137 151 0.500000
137 152 0.500000
137 153 0.500000
137 154 0.500000
137 157 0.500000
137 160 0.500000
138 147 0.500000
138 149 0.500000
138 150 0.500000
138 155 0.500000
138 156 0.500000
138 157 0.500000
138 158 0.500000
139 140 0.500000
139 141 0.500000
139 152 0.500000
139 156 0.500000
139 157 0.500000
139 158 0.500000
139 159 0.500000
139 160 0.500000
140 142 0.500000
140 143 0.500000
140 145 0.500000
140 149 0.500000
140 150 0.500000
140 151 0.500000
140 152 0.500000
140 153 0.500000
140 154 0.500000
140 156 0.500000
140 157 0.500000
140 158 0.500000
141 143 0.500000
141 145 0.500000
141 148 0.500000
141 149 0.500000
141 153 0.500000
141 154 0.500000
141 156 0.500000
141 157 0.500000
141 160 0.500000
142 143 0.500000
142 145 0.500000
142 146 0.500000
142 150 0.500000
142 154 0.500000
142 157 0.500000
142 158 0.500000
142 160 0.500000
143 146 0.500000
143 147 0.500000
143 148 0.500000
143 149 0.500000
143 155 0.500000
143 157 0.500000
143 158 0.500000
144 147 0.500000
144 148 0.500000
144 153 0.500000
144 154 0.500000
144 158 0.500000
144 159 0.500000
144 160 0.500000
145 147 0.500000
145 152 0.500000
145 158 0.500000
145 159 0.500000
146 147 0.500000
146 148 0.500000
146 149 0.500000
146 152 0.500000
146 159 0.500000
147 151 0.500000
147 152 0.500000
147 153 0.500000
147 155 0.500000
147 157 0.500000
148 150 0.500000
148 151 0.500000
148 154 0.500000
148 156 0.500000
148 158 0.500000
148 159 0.500000
148 160 0.500000
149 150 0.500000
149 151 0.500000
149 152 0.500000
149 156 0.500000
149 158 0.500000
149 159 0.500000
150 151 0.500000
150 154 0.500000
150 158 0.500000
151 152 0.500000
151 155 0.500000
151 158 0.500000
151 160 0.500000
152 153 0.500000
152 155 0.500000
152 157 0.500000
152 159 0.500000
152 160 0.500000
153 154 0.500000
153 155 0.500000
153 156 0.500000
154 155 0.500000
154 156 0.500000
155 157 0.500000
155 160 0.500000
156 157 0.500000
156 158 0.500000
156 159 0.500000
157 158 0.500000
157 159 0.500000
158 159 0.500000
159 160 0.500000
