160 40 6360
1 4 0.500000
1 5 0.500000
1 7 0.500000
1 9 0.500000
1 11 0.500000
1 12 0.500000
1 13 0.500000
1 14 0.500000
1 17 0.500000
1 18 0.500000
1 21 0.500000
1 24 0.500000
1 25 0.500000
1 27 0.500000
1 29 0.500000
1 32 0.500000
1 34 0.500000
1 38 0.500000
1 39 0.500000
1 41 0.500000
1 42 0.500000
1 45 0.500000
1 46 0.500000
1 49 0.500000
1 50 0.500000
1 52 0.500000
1 53 0.500000
1 54 0.500000
1 56 0.500000
1 62 0.500000
1 63 0.500000
1 65 0.500000
1 66 0.500000
1 67 0.500000
1 68 0.500000
1 71 0.500000
1 74 0.500000
1 75 0.500000
1 78 0.500000
1 80 0.500000
1 82 0.500000
1 83 0.500000
1 84 0.500000
1 87 0.500000
1 89 0.500000
1 90 0.500000
1 93 0.500000
1 96 0.500000
1 97 0.500000
1 98 0.500000
1 100 0.500000
1 104 0.500000
1 105 0.500000
1 106 0.500000
1 107 0.500000
1 108 0.500000
1 112 0.500000
1 114 0.500000
1 115 0.500000
1 116 0.500000
1 118 0.500000
1 119 0.500000
1 122 0.500000
1 123 0.500000
1 124 0.500000
1 126 0.500000
1 136 0.500000
1 137 0.500000
1 138 0.500000
1 143 0.500000
1 145 0.500000
1 147 0.500000
1 156 0.500000
1 157 0.500000
1 158 0.500000
2 5 0.500000
2 6 0.500000
2 9 0.500000
2 12 0.500000
2 16 0.500000
2 17 0.500000
2 18 0.500000
2 20 0.500000
2 21 0.500000
2 23 0.500000
2 27 0.500000
2 28 0.500000
2 29 0.500000
2 30 0.500000
2 32 0.500000
2 34 0.500000
2 36 0.500000
2 37 0.500000
2 38 0.500000
2 39 0.500000
2 40 0.500000
2 41 0.500000
2 43 0.500000
2 44 0.500000
2 45 0.500000
2 46 0.500000
2 50 0.500000
2 55 0.500000
2 56 0.500000
2 57 0.500000
2 59 0.500000
2 60 0.500000
2 62 0.500000
2 63 0.500000
2 66 0.500000
2 67 0.500000
2 69 0.500000
2 70 0.500000
2 73 0.500000
2 74 0.500000
2 75 0.500000
2 78 0.500000
2 80 0.500000
2 81 0.500000
2 82 0.500000
2 84 0.500000
2 85 0.500000
2 88 0.500000
2 91 0.500000
2 92 0.500000
2 93 0.500000
2 95 0.500000
2 96 0.500000
2 97 0.500000
2 100 0.500000
2 102 0.500000
2 103 0.500000
2 106 0.500000
2 109 0.500000
2 111 0.500000
2 114 0.500000
2 115 0.500000
2 117 0.500000
2 119 0.500000
2 123 0.500000
2 125 0.500000
2 137 0.500000
2 138 0.500000
2 139 0.500000
2 142 0.500000
2 143 0.500000
2 144 0.500000
2 146 0.500000
2 147 0.500000
2 148 0.500000
2 149 0.500000
2 151 0.500000
2 160 0.500000
3 4 0.500000
3 5 0.500000
3 7 0.500000
3 8 0.500000
3 10 0.500000
3 11 0.500000
3 12 0.500000
3 13 0.500000
3 14 0.500000
3 15 0.500000
3 20 0.500000
3 21 0.500000
3 27 0.500000
3 31 0.500000
3 32 0.500000
3 34 0.500000
3 36 0.500000
3 39 0.500000
3 40 0.500000
3 42 0.500000
3 43 0.500000
3 44 0.500000
3 45 0.500000
3 46 0.500000
3 47 0.500000
3 48 0.500000
3 49 0.500000
3 50 0.500000
3 52 0.500000
3 54 0.500000
3 56 0.500000
3 57 0.500000
3 60 0.500000
3 63 0.500000
3 64 0.500000
3 65 0.500000
3 66 0.500000
3 67 0.500000
3 69 0.500000
3 72 0.500000
3 74 0.500000
3 76 0.500000
3 77 0.500000
3 78 0.500000
3 81 0.500000
3 82 0.500000
3 84 0.500000
3 87 0.500000
3 88 0.500000
3 89 0.500000
3 90 0.500000
3 92 0.500000
3 94 0.500000
3 95 0.500000
3 96 0.500000
3 98 0.500000
3 99 0.500000
3 101 0.500000
3 102 0.500000
3 103 0.500000
3 105 0.500000
3 106 0.500000
3 107 0.500000
3 111 0.500000
3 112 0.500000
3 113 0.500000
3 114 0.500000
3 117 0.500000
3 119 0.500000
3 123 0.500000
3 124 0.500000
3 125 0.500000
3 128 0.500000
3 129 0.500000
3 131 0.500000
3 132 0.500000
3 135 0.500000
3 136 0.500000
3 137 0.500000
3 138 0.500000
3 139 0.500000
3 141 0.500000
3 142 0.500000
3 144 0.500000
3 145 0.500000
3 149 0.500000
3 152 0.500000
3 153 0.500000
3 155 0.500000
3 156 0.500000
3 157 0.500000
3 159 0.500000
3 160 0.500000
4 5 0.500000
4 7 0.500000
4 9 0.500000
4 10 0.500000
4 13 0.500000
4 14 0.500000
4 16 0.500000
4 18 0.500000
4 19 0.500000
4 20 0.500000
4 23 0.500000
4 24 0.500000
4 27 0.500000
4 28 0.500000
4 30 0.500000
4 31 0.500000
4 32 0.500000
4 33 0.500000
4 34 0.500000
4 35 0.500000
4 41 0.500000
4 42 0.500000
4 44 0.500000
4 47 0.500000
4 49 0.500000
4 50 0.500000
4 53 0.500000
4 54 0.500000
4 56 0.500000
4 59 0.500000
4 61 0.500000
4 62 0.500000
4 65 0.500000
4 67 0.500000
4 69 0.500000
4 70 0.500000
4 72 0.500000
4 73 0.500000
4 74 0.500000
4 77 0.500000
4 78 0.500000
4 82 0.500000
4 83 0.500000
4 84 0.500000
4 85 0.500000
4 86 0.500000
4 87 0.500000
4 88 0.500000
4 90 0.500000
4 94 0.500000
4 96 0.500000
4 99 0.500000
4 101 0.500000
4 104 0.500000
4 105 0.500000
4 106 0.500000
4 109 0.500000
4 111 0.500000
4 113 0.500000
4 114 0.500000
4 115 0.500000
4 116 0.500000
4 117 0.500000
4 120 0.500000
4 124 0.500000
4 125 0.500000
4 126 0.500000
4 129 0.500000
4 131 0.500000
4 136 0.500000
4 139 0.500000
4 141 0.500000
4 145 0.500000
4 147 0.500000
4 151 0.500000
4 152 0.500000
4 153 0.500000
4 154 0.500000
4 156 0.500000
4 157 0.500000
4 159 0.500000
5 7 0.500000
5 8 0.500000
5 9 0.500000
5 11 0.500000
5 15 0.500000
5 17 0.500000
5 18 0.500000
5 19 0.500000
5 25 0.500000
5 27 0.500000
5 28 0.500000
5 29 0.500000
5 30 0.500000
5 31 0.500000
5 33 0.500000
5 35 0.500000
5 38 0.500000
5 39 0.500000
5 40 0.500000
5 42 0.500000
5 43 0.500000
5 48 0.500000
5 49 0.500000
5 51 0.500000
5 54 0.500000
5 55 0.500000
5 56 0.500000
5 57 0.500000
5 58 0.500000
5 60 0.500000
5 61 0.500000
5 62 0.500000
5 73 0.500000
5 75 0.500000
5 76 0.500000
5 77 0.500000
5 78 0.500000
5 79 0.500000
5 80 0.500000
5 81 0.500000
5 82 0.500000
5 88 0.500000
5 90 0.500000
5 93 0.500000
5 95 0.500000
5 96 0.500000
5 97 0.500000
5 101 0.500000
5 102 0.500000
5 104 0.500000
5 105 0.500000
5 107 0.500000
5 108 0.500000
5 109 0.500000
5 111 0.500000
5 112 0.500000
5 114 0.500000
5 117 0.500000
5 119 0.500000
5 121 0.500000
5 122 0.500000
5 124 0.500000
5 125 0.500000
5 128 0.500000
5 129 0.500000
5 130 0.500000
5 131 0.500000
5 133 0.500000
5 134 0.500000
5 135 0.500000
5 137 0.500000
5 141 0.500000
5 142 0.500000
5 143 0.500000
5 145 0.500000
5 146 0.500000
5 148 0.500000
5 149 0.500000
5 152 0.500000
5 158 0.500000
5 160 0.500000
6 10 0.500000
6 13 0.500000
6 14 0.500000
6 17 0.500000
6 18 0.500000
6 20 0.500000
6 21 0.500000
6 22 0.500000
6 23 0.500000
6 25 0.500000
6 27 0.500000
6 28 0.500000
6 29 0.500000
6 30 0.500000
6 32 0.500000
6 35 0.500000
6 37 0.500000
6 39 0.500000
6 41 0.500000
6 42 0.500000
6 47 0.500000
6 48 0.500000
6 51 0.500000
6 53 0.500000
6 54 0.500000
6 55 0.500000
6 56 0.500000
6 60 0.500000
6 65 0.500000
6 67 0.500000
6 68 0.500000
6 69 0.500000
6 70 0.500000
6 71 0.500000
6 72 0.500000
6 75 0.500000
6 76 0.500000
6 77 0.500000
6 78 0.500000
6 80 0.500000
6 82 0.500000
6 85 0.500000
6 88 0.500000
6 89 0.500000
6 93 0.500000
6 96 0.500000
6 97 0.500000
6 100 0.500000
6 101 0.500000
6 102 0.500000
6 103 0.500000
6 105 0.500000
6 109 0.500000
6 111 0.500000
6 113 0.500000
6 115 0.500000
6 117 0.500000
6 119 0.500000
6 120 0.500000
6 122 0.500000
6 123 0.500000
6 124 0.500000
6 126 0.500000
6 128 0.500000
6 129 0.500000
6 131 0.500000
6 133 0.500000
6 134 0.500000
6 136 0.500000
6 137 0.500000
6 138 0.500000
6 139 0.500000
6 142 0.500000
6 144 0.500000
6 145 0.500000
6 148 0.500000
6 150 0.500000
6 152 0.500000
6 157 0.500000
6 158 0.500000
6 159 0.500000
6 160 0.500000
7 9 0.500000
7 10 0.500000
7 11 0.500000
7 13 0.500000
7 14 0.500000
7 15 0.500000
7 16 0.500000
7 17 0.500000
7 20 0.500000
7 22 0.500000
7 24 0.500000
7 27 0.500000
7 28 0.500000
7 30 0.500000
7 34 0.500000
7 35 0.500000
7 38 0.500000
7 40 0.500000
7 41 0.500000
7 44 0.500000
7 47 0.500000
7 49 0.500000
7 51 0.500000
7 52 0.500000
7 53 0.500000
7 56 0.500000
7 57 0.500000
7 62 0.500000
7 63 0.500000
7 64 0.500000
7 68 0.500000
7 69 0.500000
7 70 0.500000
7 72 0.500000
7 74 0.500000
7 76 0.500000
7 77 0.500000
7 79 0.500000
7 81 0.500000
7 82 0.500000
7 85 0.500000
7 87 0.500000
7 88 0.500000
7 92 0.500000
7 94 0.500000
7 96 0.500000
7 97 0.500000
7 99 0.500000
7 100 0.500000
7 102 0.500000
7 109 0.500000
7 111 0.500000
7 114 0.500000
7 115 0.500000
7 117 0.500000
7 120 0.500000
7 122 0.500000
7 124 0.500000
7 125 0.500000
7 129 0.500000
7 130 0.500000
7 131 0.500000
7 132 0.500000
7 134 0.500000
7 140 0.500000
7 143 0.500000
7 145 0.500000
7 150 0.500000
7 154 0.500000
8 10 0.500000
8 13 0.500000
8 14 0.500000
8 15 0.500000
8 17 0.500000
8 19 0.500000
8 23 0.500000
8 25 0.500000
8 26 0.500000
8 28 0.500000
8 31 0.500000
8 33 0.500000
8 35 0.500000
8 37 0.500000
8 38 0.500000
8 43 0.500000
8 45 0.500000
8 46 0.500000
8 50 0.500000
8 54 0.500000
8 55 0.500000
8 56 0.500000
8 58 0.500000
8 59 0.500000
8 62 0.500000
8 63 0.500000
8 66 0.500000
8 67 0.500000
8 68 0.500000
8 69 0.500000
8 70 0.500000
8 71 0.500000
8 72 0.500000
8 74 0.500000
8 75 0.500000
8 79 0.500000
8 80 0.500000
8 84 0.500000
8 86 0.500000
8 87 0.500000
8 90 0.500000
8 95 0.500000
8 98 0.500000
8 99 0.500000
8 101 0.500000
8 103 0.500000
8 105 0.500000
8 107 0.500000
8 110 0.500000
8 112 0.500000
8 115 0.500000
8 116 0.500000
8 119 0.500000
8 121 0.500000
8 122 0.500000
8 124 0.500000
8 126 0.500000
8 127 0.500000
8 128 0.500000
8 129 0.500000
8 130 0.500000
8 136 0.500000
8 139 0.500000
8 143 0.500000
8 145 0.500000
8 147 0.500000
8 148 0.500000
8 149 0.500000
8 151 0.500000
8 154 0.500000
8 155 0.500000
8 157 0.500000
8 159 0.500000
9 13 0.500000
9 14 0.500000
9 17 0.500000
9 20 0.500000
9 22 0.500000
9 27 0.500000
9 28 0.500000
9 29 0.500000
9 30 0.500000
9 31 0.500000
9 32 0.500000
9 33 0.500000
9 37 0.500000
9 42 0.500000
9 43 0.500000
9 44 0.500000
9 45 0.500000
9 46 0.500000
9 48 0.500000
9 50 0.500000
9 56 0.500000
9 57 0.500000
9 60 0.500000
9 61 0.500000
9 62 0.500000
9 63 0.500000
9 66 0.500000
9 67 0.500000
9 69 0.500000
9 73 0.500000
9 77 0.500000
9 80 0.500000
9 81 0.500000
9 84 0.500000
9 86 0.500000
9 87 0.500000
9 88 0.500000
9 89 0.500000
9 90 0.500000
9 92 0.500000
9 96 0.500000
9 97 0.500000
9 100 0.500000
9 102 0.500000
9 105 0.500000
9 106 0.500000
9 107 0.500000
9 109 0.500000
9 112 0.500000
9 113 0.500000
9 115 0.500000
9 118 0.500000
9 119 0.500000
9 120 0.500000
9 121 0.500000
9 123 0.500000
9 127 0.500000
9 131 0.500000
9 133 0.500000
9 134 0.500000
9 138 0.500000
9 141 0.500000
9 143 0.500000
9 145 0.500000
9 146 0.500000
9 147 0.500000
9 148 0.500000
9 151 0.500000
9 152 0.500000
9 153 0.500000
9 154 0.500000
9 155 0.500000
9 157 0.500000
9 159 0.500000
10 13 0.500000
10 14 0.500000
10 15 0.500000
10 17 0.500000
10 19 0.500000
10 20 0.500000
10 21 0.500000
10 23 0.500000
10 24 0.500000
10 25 0.500000
10 28 0.500000
10 29 0.500000
10 30 0.500000
10 31 0.500000
10 33 0.500000
10 35 0.500000
10 40 0.500000
10 43 0.500000
10 44 0.500000
10 47 0.500000
10 49 0.500000
10 53 0.500000
10 55 0.500000
10 56 0.500000
10 58 0.500000
10 61 0.500000
10 64 0.500000
10 65 0.500000
10 68 0.500000
10 69 0.500000
10 71 0.500000
10 73 0.500000
10 76 0.500000
10 77 0.500000
10 79 0.500000
10 80 0.500000
10 82 0.500000
10 94 0.500000
10 95 0.500000
10 97 0.500000
10 98 0.500000
10 99 0.500000
10 100 0.500000
10 105 0.500000
10 106 0.500000
10 107 0.500000
10 108 0.500000
10 111 0.500000
10 112 0.500000
10 113 0.500000
10 114 0.500000
10 118 0.500000
10 120 0.500000
10 121 0.500000
10 126 0.500000
10 127 0.500000
10 128 0.500000
10 129 0.500000
10 132 0.500000
10 134 0.500000
10 140 0.500000
10 142 0.500000
10 144 0.500000
10 146 0.500000
10 148 0.500000
10 149 0.500000
10 156 0.500000
10 157 0.500000
10 159 0.500000
11 12 0.500000
11 13 0.500000
11 18 0.500000
11 19 0.500000
11 24 0.500000
11 25 0.500000
11 27 0.500000
11 28 0.500000
11 30 0.500000
11 31 0.500000
11 33 0.500000
11 34 0.500000
11 35 0.500000
11 37 0.500000
11 38 0.500000
11 44 0.500000
11 47 0.500000
11 50 0.500000
11 55 0.500000
11 57 0.500000
11 59 0.500000
11 60 0.500000
11 61 0.500000
11 62 0.500000
11 64 0.500000
11 65 0.500000
11 66 0.500000
11 67 0.500000
11 68 0.500000
11 69 0.500000
11 70 0.500000
11 71 0.500000
11 73 0.500000
11 74 0.500000
11 77 0.500000
11 78 0.500000
11 80 0.500000
11 82 0.500000
11 84 0.500000
11 85 0.500000
11 86 0.500000
11 88 0.500000
11 89 0.500000
11 90 0.500000
11 95 0.500000
11 96 0.500000
11 97 0.500000
11 99 0.500000
11 100 0.500000
11 104 0.500000
11 105 0.500000
11 108 0.500000
11 110 0.500000
11 114 0.500000
11 118 0.500000
11 119 0.500000
11 121 0.500000
11 123 0.500000
11 125 0.500000
11 126 0.500000
11 127 0.500000
11 132 0.500000
11 137 0.500000
11 139 0.500000
11 142 0.500000
11 143 0.500000
11 144 0.500000
11 147 0.500000
11 148 0.500000
11 150 0.500000
11 151 0.500000
11 152 0.500000
11 153 0.500000
11 154 0.500000
11 157 0.500000
11 159 0.500000
11 160 0.500000
12 14 0.500000
12 15 0.500000
12 16 0.500000
12 21 0.500000
12 24 0.500000
12 26 0.500000
12 27 0.500000
12 28 0.500000
12 29 0.500000
12 31 0.500000
12 32 0.500000
12 33 0.500000
12 35 0.500000
12 36 0.500000
12 40 0.500000
12 43 0.500000
12 44 0.500000
12 45 0.500000
12 48 0.500000
12 50 0.500000
12 51 0.500000
12 53 0.500000
12 56 0.500000
12 57 0.500000
12 59 0.500000
12 60 0.500000
12 62 0.500000
12 63 0.500000
12 65 0.500000
12 68 0.500000
12 70 0.500000
12 71 0.500000
12 74 0.500000
12 75 0.500000
12 77 0.500000
12 78 0.500000
12 80 0.500000
12 81 0.500000
12 83 0.500000
12 84 0.500000
12 87 0.500000
12 89 0.500000
12 94 0.500000
12 100 0.500000
12 101 0.500000
12 102 0.500000
12 103 0.500000
12 107 0.500000
12 111 0.500000
12 112 0.500000
12 113 0.500000
12 114 0.500000
12 117 0.500000
12 119 0.500000
12 122 0.500000
12 123 0.500000
12 124 0.500000
12 130 0.500000
12 131 0.500000
12 132 0.500000
12 135 0.500000
12 136 0.500000
12 144 0.500000
12 145 0.500000
12 147 0.500000
12 152 0.500000
12 154 0.500000
12 158 0.500000
12 160 0.500000
13 16 0.500000
13 17 0.500000
13 18 0.500000
13 19 0.500000
13 20 0.500000
13 21 0.500000
13 23 0.500000
13 24 0.500000
13 26 0.500000
13 29 0.500000
13 30 0.500000
13 31 0.500000
13 32 0.500000
13 33 0.500000
13 37 0.500000
13 40 0.500000
13 41 0.500000
13 42 0.500000
13 43 0.500000
13 45 0.500000
13 46 0.500000
13 47 0.500000
13 49 0.500000
13 50 0.500000
13 53 0.500000
13 54 0.500000
13 55 0.500000
13 56 0.500000
13 57 0.500000
13 58 0.500000
13 59 0.500000
13 60 0.500000
13 63 0.500000
13 66 0.500000
13 67 0.500000
13 70 0.500000
13 75 0.500000
13 77 0.500000
13 78 0.500000
13 84 0.500000
13 87 0.500000
13 88 0.500000
13 92 0.500000
13 93 0.500000
13 95 0.500000
13 98 0.500000
13 99 0.500000
13 105 0.500000
13 106 0.500000
13 109 0.500000
13 111 0.500000
13 112 0.500000
13 116 0.500000
13 119 0.500000
13 121 0.500000
13 123 0.500000
13 125 0.500000
13 126 0.500000
13 127 0.500000
13 129 0.500000
13 130 0.500000
13 132 0.500000
13 135 0.500000
13 136 0.500000
13 139 0.500000
13 141 0.500000
13 142 0.500000
13 144 0.500000
13 148 0.500000
13 149 0.500000
13 153 0.500000
13 154 0.500000
13 159 0.500000
13 160 0.500000
14 17 0.500000
14 20 0.500000
14 21 0.500000
14 22 0.500000
14 25 0.500000
14 27 0.500000
14 29 0.500000
14 31 0.500000
14 33 0.500000
14 35 0.500000
14 38 0.500000
14 39 0.500000
14 41 0.500000
14 43 0.500000
14 45 0.500000
14 46 0.500000
14 48 0.500000
14 51 0.500000
14 53 0.500000
14 56 0.500000
14 57 0.500000
14 58 0.500000
14 62 0.500000
14 63 0.500000
14 64 0.500000
14 66 0.500000
14 69 0.500000
14 74 0.500000
14 75 0.500000
14 79 0.500000
14 80 0.500000
14 81 0.500000
14 82 0.500000
14 83 0.500000
14 87 0.500000
14 88 0.500000
14 90 0.500000
14 91 0.500000
14 92 0.500000
14 95 0.500000
14 96 0.500000
14 97 0.500000
14 98 0.500000
14 101 0.500000
14 103 0.500000
14 109 0.500000
14 110 0.500000
14 111 0.500000
14 114 0.500000
14 115 0.500000
14 116 0.500000
14 117 0.500000
14 118 0.500000
14 119 0.500000
14 120 0.500000
14 122 0.500000
14 124 0.500000
14 125 0.500000
14 130 0.500000
14 131 0.500000
14 133 0.500000
14 138 0.500000
14 139 0.500000
14 140 0.500000
14 141 0.500000
14 143 0.500000
14 144 0.500000
14 145 0.500000
14 150 0.500000
14 151 0.500000
14 155 0.500000
14 156 0.500000
14 158 0.500000
14 159 0.500000
15 16 0.500000
15 20 0.500000
15 22 0.500000
15 24 0.500000
15 26 0.500000
15 27 0.500000
15 28 0.500000
15 29 0.500000
15 30 0.500000
15 32 0.500000
15 34 0.500000
15 35 0.500000
15 36 0.500000
15 38 0.500000
15 40 0.500000
15 43 0.500000
15 44 0.500000
15 52 0.500000
15 53 0.500000
15 56 0.500000
15 58 0.500000
15 59 0.500000
15 62 0.500000
15 66 0.500000
15 67 0.500000
15 69 0.500000
15 70 0.500000
15 72 0.500000
15 74 0.500000
15 76 0.500000
15 78 0.500000
15 79 0.500000
15 81 0.500000
15 83 0.500000
15 84 0.500000
15 86 0.500000
15 87 0.500000
15 89 0.500000
15 94 0.500000
15 99 0.500000
15 104 0.500000
15 106 0.500000
15 107 0.500000
15 109 0.500000
15 115 0.500000
15 116 0.500000
15 118 0.500000
15 124 0.500000
15 125 0.500000
15 126 0.500000
15 127 0.500000
15 128 0.500000
15 129 0.500000
15 130 0.500000
15 132 0.500000
15 139 0.500000
15 140 0.500000
15 141 0.500000
15 142 0.500000
15 143 0.500000
15 147 0.500000
15 148 0.500000
15 151 0.500000
15 153 0.500000
15 154 0.500000
15 155 0.500000
15 156 0.500000
15 157 0.500000
15 158 0.500000
15 159 0.500000
15 160 0.500000
16 17 0.500000
16 18 0.500000
16 19 0.500000
16 23 0.500000
16 24 0.500000
16 25 0.500000
16 28 0.500000
16 33 0.500000
16 36 0.500000
16 38 0.500000
16 39 0.500000
16 41 0.500000
16 43 0.500000
16 44 0.500000
16 47 0.500000
16 48 0.500000
16 51 0.500000
16 52 0.500000
16 53 0.500000
16 55 0.500000
16 56 0.500000
16 58 0.500000
16 59 0.500000
16 60 0.500000
16 63 0.500000
16 64 0.500000
16 65 0.500000
16 66 0.500000
16 67 0.500000
16 70 0.500000
16 71 0.500000
16 72 0.500000
16 79 0.500000
16 81 0.500000
16 83 0.500000
16 84 0.500000
16 87 0.500000
16 88 0.500000
16 90 0.500000
16 91 0.500000
16 92 0.500000
16 93 0.500000
16 95 0.500000
16 96 0.500000
16 99 0.500000
16 100 0.500000
16 101 0.500000
16 104 0.500000
16 106 0.500000
16 117 0.500000
16 120 0.500000
16 126 0.500000
16 135 0.500000
16 139 0.500000
16 141 0.500000
16 143 0.500000
16 144 0.500000
16 145 0.500000
16 147 0.500000
16 148 0.500000
16 149 0.500000
16 150 0.500000
16 151 0.500000
16 152 0.500000
16 153 0.500000
16 155 0.500000
16 157 0.500000
16 159 0.500000
16 160 0.500000
17 20 0.500000
17 23 0.500000
17 24 0.500000
17 25 0.500000
17 26 0.500000
17 27 0.500000
17 28 0.500000
17 34 0.500000
17 35 0.500000
17 38 0.500000
17 42 0.500000
17 46 0.500000
17 47 0.500000
17 48 0.500000
17 51 0.500000
17 53 0.500000
17 55 0.500000
17 57 0.500000
17 58 0.500000
17 60 0.500000
17 63 0.500000
17 64 0.500000
17 65 0.500000
17 66 0.500000
17 68 0.500000
17 69 0.500000
17 75 0.500000
17 76 0.500000
17 77 0.500000
17 78 0.500000
17 79 0.500000
17 84 0.500000
17 86 0.500000
17 88 0.500000
17 93 0.500000
17 94 0.500000
17 95 0.500000
17 97 0.500000
17 101 0.500000
17 102 0.500000
17 103 0.500000
17 108 0.500000
17 113 0.500000
17 114 0.500000
17 115 0.500000
17 116 0.500000
17 117 0.500000
17 125 0.500000
17 128 0.500000
17 129 0.500000
17 132 0.500000
17 133 0.500000
17 137 0.500000
17 138 0.500000
17 140 0.500000
17 146 0.500000
17 147 0.500000
17 149 0.500000
17 150 0.500000
17 151 0.500000
17 156 0.500000
17 157 0.500000
17 158 0.500000
17 160 0.500000
18 20 0.500000
18 21 0.500000
18 22 0.500000
18 23 0.500000
18 25 0.500000
18 26 0.500000
18 28 0.500000
18 29 0.500000
18 30 0.500000
18 31 0.500000
18 32 0.500000
18 33 0.500000
18 37 0.500000
18 40 0.500000
18 44 0.500000
18 46 0.500000
18 47 0.500000
18 48 0.500000
18 52 0.500000
18 55 0.500000
18 57 0.500000
18 58 0.500000
18 59 0.500000
18 61 0.500000
18 66 0.500000
18 68 0.500000
18 70 0.500000
18 71 0.500000
18 76 0.500000
18 78 0.500000
18 80 0.500000
18 81 0.500000
18 82 0.500000
18 83 0.500000
18 84 0.500000
18 86 0.500000
18 90 0.500000
18 91 0.500000
18 93 0.500000
18 95 0.500000
18 97 0.500000
18 99 0.500000
18 100 0.500000
18 102 0.500000
18 103 0.500000
18 110 0.500000
18 111 0.500000
18 112 0.500000
18 117 0.500000
18 119 0.500000
18 120 0.500000
18 125 0.500000
18 127 0.500000
18 128 0.500000
18 135 0.500000
18 138 0.500000
18 139 0.500000
18 140 0.500000
18 141 0.500000
18 142 0.500000
18 144 0.500000
18 146 0.500000
18 147 0.500000
18 148 0.500000
18 149 0.500000
18 151 0.500000
18 153 0.500000
18 155 0.500000
18 156 0.500000
19 20 0.500000
19 21 0.500000
19 23 0.500000
19 26 0.500000
19 29 0.500000
19 30 0.500000
19 31 0.500000
19 32 0.500000
19 33 0.500000
19 36 0.500000
19 38 0.500000
19 40 0.500000
19 42 0.500000
19 43 0.500000
19 45 0.500000
19 46 0.500000
19 49 0.500000
19 50 0.500000
19 51 0.500000
19 52 0.500000
19 54 0.500000
19 55 0.500000
19 56 0.500000
19 58 0.500000
19 61 0.500000
19 63 0.500000
19 65 0.500000
19 66 0.500000
19 68 0.500000
19 69 0.500000
19 71 0.500000
19 72 0.500000
19 74 0.500000
19 76 0.500000
19 80 0.500000
19 81 0.500000
19 82 0.500000
19 86 0.500000
19 87 0.500000
19 91 0.500000
19 92 0.500000
19 95 0.500000
19 100 0.500000
19 104 0.500000
19 105 0.500000
19 106 0.500000
19 111 0.500000
19 112 0.500000
19 114 0.500000
19 115 0.500000
19 118 0.500000
19 119 0.500000
19 120 0.500000
19 121 0.500000
19 123 0.500000
19 127 0.500000
19 130 0.500000
19 131 0.500000
19 135 0.500000
19 137 0.500000
19 138 0.500000
19 140 0.500000
19 141 0.500000
19 144 0.500000
19 145 0.500000
19 147 0.500000
19 148 0.500000
19 149 0.500000
19 150 0.500000
19 152 0.500000
19 154 0.500000
19 155 0.500000
19 156 0.500000
19 160 0.500000
20 21 0.500000
20 22 0.500000
20 23 0.500000
20 24 0.500000
20 27 0.500000
20 29 0.500000
20 30 0.500000
20 31 0.500000
20 34 0.500000
20 35 0.500000
20 39 0.500000
20 40 0.500000
20 42 0.500000
20 43 0.500000
20 53 0.500000
20 54 0.500000
20 55 0.500000
20 58 0.500000
20 61 0.500000
20 64 0.500000
20 67 0.500000
20 68 0.500000
20 69 0.500000
20 70 0.500000
20 71 0.500000
20 73 0.500000
20 74 0.500000
20 76 0.500000
20 79 0.500000
20 82 0.500000
20 85 0.500000
20 86 0.500000
20 89 0.500000
20 95 0.500000
20 97 0.500000
20 98 0.500000
20 102 0.500000
20 103 0.500000
20 105 0.500000
20 106 0.500000
20 107 0.500000
20 110 0.500000
20 111 0.500000
20 114 0.500000
20 116 0.500000
20 118 0.500000
20 119 0.500000
20 122 0.500000
20 124 0.500000
20 126 0.500000
20 127 0.500000
20 128 0.500000
20 129 0.500000
20 136 0.500000
20 137 0.500000
20 138 0.500000
20 140 0.500000
20 142 0.500000
20 143 0.500000
20 144 0.500000
20 145 0.500000
20 146 0.500000
20 147 0.500000
20 148 0.500000
20 150 0.500000
20 155 0.500000
20 156 0.500000
20 159 0.500000
20 160 0.500000
21 23 0.500000
21 25 0.500000
21 26 0.500000
21 28 0.500000
21 29 0.500000
21 31 0.500000
21 32 0.500000
21 34 0.500000
21 35 0.500000
21 38 0.500000
21 39 0.500000
21 40 0.500000
21 44 0.500000
21 45 0.500000
21 47 0.500000
21 48 0.500000
21 49 0.500000
21 51 0.500000
21 52 0.500000
21 54 0.500000
21 55 0.500000
21 56 0.500000
21 57 0.500000
21 62 0.500000
21 64 0.500000
21 66 0.500000
21 68 0.500000
21 69 0.500000
21 70 0.500000
21 72 0.500000
21 76 0.500000
21 77 0.500000
21 78 0.500000
21 79 0.500000
21 80 0.500000
21 81 0.500000
21 82 0.500000
21 84 0.500000
21 85 0.500000
21 87 0.500000
21 89 0.500000
21 90 0.500000
21 92 0.500000
21 95 0.500000
21 96 0.500000
21 97 0.500000
21 99 0.500000
21 100 0.500000
21 103 0.500000
21 104 0.500000
21 105 0.500000
21 107 0.500000
21 113 0.500000
21 114 0.500000
21 116 0.500000
21 117 0.500000
21 118 0.500000
21 120 0.500000
21 123 0.500000
21 125 0.500000
21 127 0.500000
21 130 0.500000
21 132 0.500000
21 136 0.500000
21 143 0.500000
21 147 0.500000
21 148 0.500000
21 150 0.500000
21 151 0.500000
21 152 0.500000
21 153 0.500000
21 154 0.500000
21 155 0.500000
21 158 0.500000
21 160 0.500000
22 25 0.500000
22 28 0.500000
22 30 0.500000
22 36 0.500000
22 37 0.500000
22 42 0.500000
22 43 0.500000
22 46 0.500000
22 47 0.500000
22 48 0.500000
22 49 0.500000
22 51 0.500000
22 57 0.500000
22 60 0.500000
22 61 0.500000
22 62 0.500000
22 64 0.500000
22 65 0.500000
22 66 0.500000
22 69 0.500000
22 74 0.500000
22 75 0.500000
22 76 0.500000
22 79 0.500000
22 80 0.500000
22 81 0.500000
22 84 0.500000
22 86 0.500000
22 92 0.500000
22 94 0.500000
22 95 0.500000
22 97 0.500000
22 99 0.500000
22 101 0.500000
22 105 0.500000
22 106 0.500000
22 107 0.500000
22 108 0.500000
22 109 0.500000
22 111 0.500000
22 112 0.500000
22 113 0.500000
22 114 0.500000
22 117 0.500000
22 119 0.500000
22 120 0.500000
22 122 0.500000
22 127 0.500000
22 130 0.500000
22 133 0.500000
22 134 0.500000
22 136 0.500000
22 137 0.500000
22 141 0.500000
22 142 0.500000
22 144 0.500000
22 146 0.500000
22 147 0.500000
22 148 0.500000
22 149 0.500000
22 150 0.500000
22 153 0.500000
22 155 0.500000
22 156 0.500000
22 157 0.500000
22 158 0.500000
22 159 0.500000
23 29 0.500000
23 31 0.500000
23 32 0.500000
23 34 0.500000
23 35 0.500000
23 36 0.500000
23 39 0.500000
23 40 0.500000
23 41 0.500000
23 43 0.500000
23 44 0.500000
23 47 0.500000
23 50 0.500000
23 51 0.500000
23 52 0.500000
23 55 0.500000
23 58 0.500000
23 59 0.500000
23 60 0.500000
23 61 0.500000
23 62 0.500000
23 63 0.500000
23 67 0.500000
23 71 0.500000
23 73 0.500000
23 74 0.500000
23 75 0.500000
23 77 0.500000
23 81 0.500000
23 82 0.500000
23 83 0.500000
23 84 0.500000
23 85 0.500000
23 86 0.500000
23 88 0.500000
23 90 0.500000
23 91 0.500000
23 93 0.500000
23 96 0.500000
23 98 0.500000
23 104 0.500000
23 106 0.500000
23 107 0.500000
23 109 0.500000
23 111 0.500000
23 115 0.500000
23 119 0.500000
23 121 0.500000
23 122 0.500000
23 125 0.500000
23 128 0.500000
23 130 0.500000
23 135 0.500000
23 137 0.500000
23 138 0.500000
23 139 0.500000
23 141 0.500000
23 143 0.500000
23 146 0.500000
23 147 0.500000
23 148 0.500000
23 149 0.500000
23 150 0.500000
23 151 0.500000
23 152 0.500000
23 154 0.500000
23 155 0.500000
23 156 0.500000
23 158 0.500000
23 159 0.500000
23 160 0.500000
24 26 0.500000
24 29 0.500000
24 30 0.500000
24 31 0.500000
24 36 0.500000
24 37 0.500000
24 38 0.500000
24 40 0.500000
24 43 0.500000
24 45 0.500000
24 46 0.500000
24 48 0.500000
24 50 0.500000
24 51 0.500000
24 52 0.500000
24 53 0.500000
24 54 0.500000
24 55 0.500000
24 56 0.500000
24 57 0.500000
24 59 0.500000
24 60 0.500000
24 61 0.500000
24 62 0.500000
24 64 0.500000
24 65 0.500000
24 66 0.500000
24 67 0.500000
24 68 0.500000
24 70 0.500000
24 71 0.500000
24 72 0.500000
24 73 0.500000
24 77 0.500000
24 81 0.500000
24 83 0.500000
24 84 0.500000
24 88 0.500000
24 90 0.500000
24 91 0.500000
24 92 0.500000
24 94 0.500000
24 95 0.500000
24 97 0.500000
24 98 0.500000
24 99 0.500000
24 101 0.500000
24 102 0.500000
24 104 0.500000
24 108 0.500000
24 111 0.500000
24 112 0.500000
24 115 0.500000
24 116 0.500000
24 120 0.500000
24 121 0.500000
24 122 0.500000
24 124 0.500000
24 127 0.500000
24 129 0.500000
24 130 0.500000
24 131 0.500000
24 137 0.500000
24 141 0.500000
24 143 0.500000
24 144 0.500000
24 146 0.500000
24 148 0.500000
24 149 0.500000
24 152 0.500000
24 154 0.500000
24 155 0.500000
24 158 0.500000
25 28 0.500000
25 29 0.500000
25 30 0.500000
25 34 0.500000
25 36 0.500000
25 37 0.500000
25 38 0.500000
25 39 0.500000
25 40 0.500000
25 41 0.500000
25 47 0.500000
25 51 0.500000
25 53 0.500000
25 54 0.500000
25 56 0.500000
25 57 0.500000
25 58 0.500000
25 59 0.500000
25 60 0.500000
25 62 0.500000
25 63 0.500000
25 68 0.500000
25 69 0.500000
25 71 0.500000
25 72 0.500000
25 73 0.500000
25 74 0.500000
25 75 0.500000
25 78 0.500000
25 81 0.500000
25 82 0.500000
25 83 0.500000
25 87 0.500000
25 88 0.500000
25 91 0.500000
25 92 0.500000
25 96 0.500000
25 97 0.500000
25 98 0.500000
25 101 0.500000
25 102 0.500000
25 103 0.500000
25 105 0.500000
25 106 0.500000
25 107 0.500000
25 108 0.500000
25 109 0.500000
25 110 0.500000
25 113 0.500000
25 115 0.500000
25 118 0.500000
25 122 0.500000
25 123 0.500000
25 125 0.500000
25 130 0.500000
25 131 0.500000
25 135 0.500000
25 137 0.500000
25 138 0.500000
25 139 0.500000
25 141 0.500000
25 142 0.500000
25 143 0.500000
25 145 0.500000
25 146 0.500000
25 148 0.500000
25 150 0.500000
25 154 0.500000
25 155 0.500000
25 156 0.500000
25 158 0.500000
26 27 0.500000
26 29 0.500000
26 31 0.500000
26 33 0.500000
26 34 0.500000
26 35 0.500000
26 36 0.500000
26 37 0.500000
26 39 0.500000
26 40 0.500000
26 43 0.500000
26 44 0.500000
26 45 0.500000
26 46 0.500000
26 48 0.500000
26 49 0.500000
26 50 0.500000
26 51 0.500000
26 52 0.500000
26 55 0.500000
26 60 0.500000
26 61 0.500000
26 64 0.500000
26 65 0.500000
26 69 0.500000
26 71 0.500000
26 72 0.500000
26 73 0.500000
26 74 0.500000
26 77 0.500000
26 78 0.500000
26 81 0.500000
26 82 0.500000
26 85 0.500000
26 87 0.500000
26 89 0.500000
26 90 0.500000
26 91 0.500000
26 93 0.500000
26 96 0.500000
26 97 0.500000
26 99 0.500000
26 104 0.500000
26 107 0.500000
26 109 0.500000
26 111 0.500000
26 112 0.500000
26 113 0.500000
26 114 0.500000
26 115 0.500000
26 119 0.500000
26 120 0.500000
26 121 0.500000
26 122 0.500000
26 125 0.500000
26 126 0.500000
26 132 0.500000
26 133 0.500000
26 134 0.500000
26 136 0.500000
26 137 0.500000
26 140 0.500000
26 142 0.500000
26 143 0.500000
26 146 0.500000
26 150 0.500000
26 152 0.500000
26 153 0.500000
26 155 0.500000
27 30 0.500000
27 35 0.500000
27 36 0.500000
27 37 0.500000
27 38 0.500000
27 39 0.500000
27 42 0.500000
27 44 0.500000
27 45 0.500000
27 48 0.500000
27 51 0.500000
27 54 0.500000
27 57 0.500000
27 60 0.500000
27 62 0.500000
27 64 0.500000
27 65 0.500000
27 68 0.500000
27 70 0.500000
27 75 0.500000
27 77 0.500000
27 79 0.500000
27 80 0.500000
27 84 0.500000
27 86 0.500000
27 88 0.500000
27 90 0.500000
27 91 0.500000
27 95 0.500000
27 97 0.500000
27 103 0.500000
27 106 0.500000
27 108 0.500000
27 112 0.500000
27 113 0.500000
27 114 0.500000
27 119 0.500000
27 120 0.500000
27 123 0.500000
27 124 0.500000
27 126 0.500000
27 128 0.500000
27 131 0.500000
27 133 0.500000
27 134 0.500000
27 137 0.500000
27 141 0.500000
27 147 0.500000
27 149 0.500000
27 152 0.500000
27 153 0.500000
27 157 0.500000
27 158 0.500000
27 159 0.500000
28 31 0.500000
28 35 0.500000
28 37 0.500000
28 38 0.500000
28 40 0.500000
28 42 0.500000
28 44 0.500000
28 46 0.500000
28 47 0.500000
28 48 0.500000
28 53 0.500000
28 55 0.500000
28 58 0.500000
28 59 0.500000
28 65 0.500000
28 66 0.500000
28 67 0.500000
28 70 0.500000
28 73 0.500000
28 74 0.500000
28 75 0.500000
28 77 0.500000
28 80 0.500000
28 81 0.500000
28 88 0.500000
28 90 0.500000
28 91 0.500000
28 94 0.500000
28 95 0.500000
28 96 0.500000
28 97 0.500000
28 100 0.500000
28 101 0.500000
28 105 0.500000
28 110 0.500000
28 111 0.500000
28 121 0.500000
28 124 0.500000
28 126 0.500000
28 127 0.500000
28 131 0.500000
28 134 0.500000
28 135 0.500000
28 137 0.500000
28 142 0.500000
28 144 0.500000
28 145 0.500000
28 146 0.500000
28 147 0.500000
28 154 0.500000
28 155 0.500000
28 157 0.500000
28 160 0.500000
29 30 0.500000
29 31 0.500000
29 32 0.500000
29 33 0.500000
29 35 0.500000
29 37 0.500000
29 38 0.500000
29 39 0.500000
29 40 0.500000
29 42 0.500000
29 47 0.500000
29 49 0.500000
29 51 0.500000
29 52 0.500000
29 54 0.500000
29 55 0.500000
29 57 0.500000
29 59 0.500000
29 63 0.500000
29 66 0.500000
29 67 0.500000
29 68 0.500000
29 69 0.500000
29 70 0.500000
29 71 0.500000
29 72 0.500000
29 73 0.500000
29 74 0.500000
29 75 0.500000
29 77 0.500000
29 78 0.500000
29 80 0.500000
29 81 0.500000
29 82 0.500000
29 83 0.500000
29 87 0.500000
29 88 0.500000
29 90 0.500000
29 91 0.500000
29 94 0.500000
29 97 0.500000
29 99 0.500000
29 101 0.500000
29 104 0.500000
29 108 0.500000
29 111 0.500000
29 114 0.500000
29 116 0.500000
29 119 0.500000
29 120 0.500000
29 125 0.500000
29 126 0.500000
29 127 0.500000
29 128 0.500000
29 130 0.500000
29 131 0.500000
29 132 0.500000
29 135 0.500000
29 136 0.500000
29 137 0.500000
29 138 0.500000
29 139 0.500000
29 141 0.500000
29 142 0.500000
29 145 0.500000
29 151 0.500000
29 152 0.500000
29 153 0.500000
29 154 0.500000
29 158 0.500000
30 31 0.500000
30 33 0.500000
30 38 0.500000
30 41 0.500000
30 43 0.500000
30 44 0.500000
30 45 0.500000
30 46 0.500000
30 48 0.500000
30 49 0.500000
30 55 0.500000
30 56 0.500000
30 57 0.500000
30 58 0.500000
30 60 0.500000
30 61 0.500000
30 62 0.500000
30 63 0.500000
30 65 0.500000
30 66 0.500000
30 67 0.500000
30 69 0.500000
30 72 0.500000
30 73 0.500000
30 78 0.500000
30 79 0.500000
30 83 0.500000
30 84 0.500000
30 85 0.500000
30 87 0.500000
30 88 0.500000
30 89 0.500000
30 92 0.500000
30 93 0.500000
30 95 0.500000
30 97 0.500000
30 100 0.500000
30 103 0.500000
30 109 0.500000
30 110 0.500000
30 111 0.500000
30 114 0.500000
30 115 0.500000
30 118 0.500000
30 121 0.500000
30 126 0.500000
30 127 0.500000
30 133 0.500000
30 134 0.500000
30 135 0.500000
30 137 0.500000
30 138 0.500000
30 141 0.500000
30 142 0.500000
30 143 0.500000
30 150 0.500000
30 153 0.500000
30 154 0.500000
30 155 0.500000
30 158 0.500000
30 159 0.500000
31 32 0.500000
31 33 0.500000
31 35 0.500000
31 37 0.500000
31 40 0.500000
31 41 0.500000
31 44 0.500000
31 47 0.500000
31 49 0.500000
31 50 0.500000
31 51 0.500000
31 52 0.500000
31 54 0.500000
31 56 0.500000
31 58 0.500000
31 60 0.500000
31 62 0.500000
31 63 0.500000
31 64 0.500000
31 67 0.500000
31 69 0.500000
31 70 0.500000
31 73 0.500000
31 75 0.500000
31 76 0.500000
31 78 0.500000
31 84 0.500000
31 86 0.500000
31 87 0.500000
31 89 0.500000
31 90 0.500000
31 91 0.500000
31 94 0.500000
31 95 0.500000
31 96 0.500000
31 99 0.500000
31 100 0.500000
31 102 0.500000
31 106 0.500000
31 107 0.500000
31 109 0.500000
31 110 0.500000
31 111 0.500000
31 112 0.500000
31 115 0.500000
31 116 0.500000
31 117 0.500000
31 119 0.500000
31 121 0.500000
31 122 0.500000
31 124 0.500000
31 125 0.500000
31 129 0.500000
31 131 0.500000
31 133 0.500000
31 137 0.500000
31 138 0.500000
31 140 0.500000
31 144 0.500000
31 145 0.500000
31 150 0.500000
31 152 0.500000
31 153 0.500000
31 154 0.500000
31 155 0.500000
31 156 0.500000
31 158 0.500000
32 33 0.500000
32 34 0.500000
32 35 0.500000
32 36 0.500000
32 39 0.500000
32 41 0.500000
32 42 0.500000
32 43 0.500000
32 44 0.500000
32 45 0.500000
32 46 0.500000
32 47 0.500000
32 49 0.500000
32 54 0.500000
32 55 0.500000
32 58 0.500000
32 63 0.500000
32 65 0.500000
32 66 0.500000
32 68 0.500000
32 72 0.500000
32 74 0.500000
32 77 0.500000
32 82 0.500000
32 87 0.500000
32 88 0.500000
32 89 0.500000
32 90 0.500000
32 92 0.500000
32 93 0.500000
32 95 0.500000
32 96 0.500000
32 97 0.500000
32 98 0.500000
32 99 0.500000
32 100 0.500000
32 101 0.500000
32 102 0.500000
32 108 0.500000
32 111 0.500000
32 113 0.500000
32 114 0.500000
32 116 0.500000
32 118 0.500000
32 119 0.500000
32 121 0.500000
32 122 0.500000
32 125 0.500000
32 126 0.500000
32 127 0.500000
32 128 0.500000
32 129 0.500000
32 130 0.500000
32 132 0.500000
32 133 0.500000
32 134 0.500000
32 135 0.500000
32 136 0.500000
32 137 0.500000
32 139 0.500000
32 141 0.500000
32 142 0.500000
32 144 0.500000
32 145 0.500000
32 147 0.500000
32 148 0.500000
32 149 0.500000
32 151 0.500000
32 152 0.500000
32 154 0.500000
32 155 0.500000
32 156 0.500000
32 157 0.500000
33 34 0.500000
33 36 0.500000
33 38 0.500000
33 40 0.500000
33 42 0.500000
33 44 0.500000
33 45 0.500000
33 46 0.500000
33 49 0.500000
33 52 0.500000
33 53 0.500000
33 55 0.500000
33 56 0.500000
33 57 0.500000
33 59 0.500000
33 60 0.500000
33 61 0.500000
33 63 0.500000
33 65 0.500000
33 68 0.500000
33 69 0.500000
33 70 0.500000
33 72 0.500000
33 74 0.500000
33 76 0.500000
33 77 0.500000
33 80 0.500000
33 82 0.500000
33 83 0.500000
33 85 0.500000
33 86 0.500000
33 89 0.500000
33 90 0.500000
33 93 0.500000
33 95 0.500000
33 99 0.500000
33 101 0.500000
33 102 0.500000
33 104 0.500000
33 106 0.500000
33 107 0.500000
33 109 0.500000
33 111 0.500000
33 114 0.500000
33 115 0.500000
33 118 0.500000
33 120 0.500000
33 121 0.500000
33 124 0.500000
33 125 0.500000
33 128 0.500000
33 131 0.500000
33 134 0.500000
33 137 0.500000
33 138 0.500000
33 139 0.500000
33 140 0.500000
33 142 0.500000
33 145 0.500000
33 146 0.500000
33 147 0.500000
33 149 0.500000
33 150 0.500000
33 152 0.500000
33 157 0.500000
33 159 0.500000
33 160 0.500000
34 39 0.500000
34 40 0.500000
34 48 0.500000
34 49 0.500000
34 50 0.500000
34 52 0.500000
34 53 0.500000
34 54 0.500000
34 55 0.500000
34 60 0.500000
34 62 0.500000
34 64 0.500000
34 67 0.500000
34 72 0.500000
34 74 0.500000
34 75 0.500000
34 79 0.500000
34 84 0.500000
34 86 0.500000
34 87 0.500000
34 90 0.500000
34 94 0.500000
34 96 0.500000
34 97 0.500000
34 100 0.500000
34 104 0.500000
34 105 0.500000
34 106 0.500000
34 108 0.500000
34 109 0.500000
34 113 0.500000
34 115 0.500000
34 123 0.500000
34 126 0.500000
34 127 0.500000
34 134 0.500000
34 136 0.500000
34 137 0.500000
34 138 0.500000
34 141 0.500000
34 144 0.500000
34 145 0.500000
34 150 0.500000
34 151 0.500000
34 152 0.500000
34 153 0.500000
34 155 0.500000
34 156 0.500000
34 160 0.500000
35 36 0.500000
35 38 0.500000
35 41 0.500000
35 44 0.500000
35 45 0.500000
35 48 0.500000
35 51 0.500000
35 52 0.500000
35 55 0.500000
35 56 0.500000
35 58 0.500000
35 63 0.500000
35 64 0.500000
35 65 0.500000
35 67 0.500000
35 68 0.500000
35 69 0.500000
35 70 0.500000
35 71 0.500000
35 73 0.500000
35 77 0.500000
35 78 0.500000
35 79 0.500000
35 80 0.500000
35 82 0.500000
35 85 0.500000
35 86 0.500000
35 87 0.500000
35 89 0.500000
35 93 0.500000
35 95 0.500000
35 96 0.500000
35 101 0.500000
35 102 0.500000
35 106 0.500000
35 107 0.500000
35 108 0.500000
35 111 0.500000
35 112 0.500000
35 117 0.500000
35 120 0.500000
35 121 0.500000
35 123 0.500000
35 124 0.500000
35 126 0.500000
35 127 0.500000
35 128 0.500000
35 131 0.500000
35 132 0.500000
35 136 0.500000
35 137 0.500000
35 138 0.500000
35 139 0.500000
35 140 0.500000
35 142 0.500000
35 145 0.500000
35 146 0.500000
35 151 0.500000
35 152 0.500000
35 153 0.500000
35 154 0.500000
35 157 0.500000
35 158 0.500000
35 159 0.500000
36 37 0.500000
36 38 0.500000
36 39 0.500000
36 40 0.500000
36 41 0.500000
36 42 0.500000
36 43 0.500000
36 45 0.500000
36 46 0.500000
36 47 0.500000
36 49 0.500000
36 54 0.500000
36 57 0.500000
36 63 0.500000
36 66 0.500000
36 68 0.500000
36 72 0.500000
36 73 0.500000
36 75 0.500000
36 77 0.500000
36 78 0.500000
36 80 0.500000
36 81 0.500000
36 82 0.500000
36 84 0.500000
36 86 0.500000
36 87 0.500000
36 91 0.500000
36 92 0.500000
36 93 0.500000
36 94 0.500000
36 97 0.500000
36 104 0.500000
36 107 0.500000
36 108 0.500000
36 109 0.500000
36 110 0.500000
36 112 0.500000
36 115 0.500000
36 116 0.500000
36 120 0.500000
36 121 0.500000
36 124 0.500000
36 128 0.500000
36 129 0.500000
36 131 0.500000
36 134 0.500000
36 135 0.500000
36 137 0.500000
36 139 0.500000
36 142 0.500000
36 143 0.500000
36 145 0.500000
36 147 0.500000
36 149 0.500000
36 154 0.500000
36 156 0.500000
36 157 0.500000
36 158 0.500000
36 160 0.500000
37 39 0.500000
37 40 0.500000
37 41 0.500000
37 42 0.500000
37 44 0.500000
37 47 0.500000
37 48 0.500000
37 51 0.500000
37 53 0.500000
37 57 0.500000
37 60 0.500000
37 63 0.500000
37 65 0.500000
37 66 0.500000
37 67 0.500000
37 74 0.500000
37 77 0.500000
37 78 0.500000
37 79 0.500000
37 80 0.500000
37 81 0.500000
37 85 0.500000
37 86 0.500000
37 88 0.500000
37 89 0.500000
37 90 0.500000
37 91 0.500000
37 96 0.500000
37 97 0.500000
37 98 0.500000
37 99 0.500000
37 100 0.500000
37 101 0.500000
37 102 0.500000
37 103 0.500000
37 104 0.500000
37 105 0.500000
37 106 0.500000
37 107 0.500000
37 108 0.500000
37 109 0.500000
37 111 0.500000
37 112 0.500000
37 113 0.500000
37 114 0.500000
37 116 0.500000
37 117 0.500000
37 119 0.500000
37 121 0.500000
37 123 0.500000
37 124 0.500000
37 125 0.500000
37 126 0.500000
37 129 0.500000
37 130 0.500000
37 132 0.500000
37 136 0.500000
37 138 0.500000
37 139 0.500000
37 142 0.500000
37 143 0.500000
37 144 0.500000
37 146 0.500000
37 148 0.500000
37 149 0.500000
37 151 0.500000
37 156 0.500000
37 157 0.500000
37 158 0.500000
38 40 0.500000
38 41 0.500000
38 42 0.500000
38 47 0.500000
38 48 0.500000
38 49 0.500000
38 51 0.500000
38 52 0.500000
38 54 0.500000
38 56 0.500000
38 58 0.500000
38 61 0.500000
38 63 0.500000
38 65 0.500000
38 66 0.500000
38 69 0.500000
38 71 0.500000
38 75 0.500000
38 76 0.500000
38 77 0.500000
38 79 0.500000
38 82 0.500000
38 83 0.500000
38 86 0.500000
38 87 0.500000
38 88 0.500000
38 89 0.500000
38 90 0.500000
38 91 0.500000
38 92 0.500000
38 94 0.500000
38 95 0.500000
38 96 0.500000
38 97 0.500000
38 98 0.500000
38 99 0.500000
38 101 0.500000
38 107 0.500000
38 108 0.500000
38 110 0.500000
38 112 0.500000
38 113 0.500000
38 117 0.500000
38 118 0.500000
38 119 0.500000
38 120 0.500000
38 121 0.500000
38 127 0.500000
38 129 0.500000
38 131 0.500000
38 132 0.500000
38 133 0.500000
38 135 0.500000
38 136 0.500000
38 139 0.500000
38 140 0.500000
38 141 0.500000
38 142 0.500000
38 143 0.500000
38 144 0.500000
38 145 0.500000
38 146 0.500000
38 148 0.500000
38 149 0.500000
38 150 0.500000
38 152 0.500000
38 153 0.500000
38 154 0.500000
38 156 0.500000
38 160 0.500000
39 41 0.500000
39 42 0.500000
39 43 0.500000
39 45 0.500000
39 47 0.500000
39 51 0.500000
39 53 0.500000
39 56 0.500000
39 59 0.500000
39 62 0.500000
39 66 0.500000
39 67 0.500000
39 70 0.500000
39 72 0.500000
39 73 0.500000
39 74 0.500000
39 80 0.500000
39 83 0.500000
39 84 0.500000
39 87 0.500000
39 88 0.500000
39 91 0.500000
39 97 0.500000
39 100 0.500000
39 102 0.500000
39 103 0.500000
39 105 0.500000
39 106 0.500000
39 112 0.500000
39 115 0.500000
39 117 0.500000
39 118 0.500000
39 120 0.500000
39 121 0.500000
39 122 0.500000
39 126 0.500000
39 127 0.500000
39 128 0.500000
39 129 0.500000
39 130 0.500000
39 134 0.500000
39 135 0.500000
39 140 0.500000
39 141 0.500000
39 145 0.500000
39 146 0.500000
39 147 0.500000
39 148 0.500000
39 149 0.500000
39 150 0.500000
39 155 0.500000
40 42 0.500000
40 44 0.500000
40 46 0.500000
40 47 0.500000
40 49 0.500000
40 50 0.500000
40 54 0.500000
40 55 0.500000
40 56 0.500000
40 59 0.500000
40 61 0.500000
40 62 0.500000
40 63 0.500000
40 65 0.500000
40 66 0.500000
40 67 0.500000
40 68 0.500000
40 69 0.500000
40 70 0.500000
40 71 0.500000
40 73 0.500000
40 75 0.500000
40 77 0.500000
40 80 0.500000
40 81 0.500000
40 85 0.500000
40 86 0.500000
40 88 0.500000
40 89 0.500000
40 91 0.500000
40 93 0.500000
40 94 0.500000
40 95 0.500000
40 96 0.500000
40 97 0.500000
40 98 0.500000
40 99 0.500000
40 100 0.500000
40 105 0.500000
40 106 0.500000
40 107 0.500000
40 109 0.500000
40 110 0.500000
40 112 0.500000
40 115 0.500000
40 116 0.500000
40 119 0.500000
40 121 0.500000
40 123 0.500000
40 125 0.500000
40 128 0.500000
40 130 0.500000
40 131 0.500000
40 132 0.500000
40 136 0.500000
40 137 0.500000
40 138 0.500000
40 139 0.500000
40 140 0.500000
40 143 0.500000
40 145 0.500000
40 149 0.500000
40 150 0.500000
40 152 0.500000
40 154 0.500000
40 155 0.500000
40 156 0.500000
40 157 0.500000
40 158 0.500000
40 159 0.500000
40 160 0.500000
41 44 0.500000
41 45 0.500000
41 50 0.500000
41 51 0.500000
41 53 0.500000
41 54 0.500000
41 55 0.500000
41 58 0.500000
41 59 0.500000
41 60 0.500000
41 64 0.500000
41 65 0.500000
41 66 0.500000
41 69 0.500000
41 70 0.500000
41 71 0.500000
41 73 0.500000
41 80 0.500000
41 82 0.500000
41 84 0.500000
41 85 0.500000
41 94 0.500000
41 95 0.500000
41 96 0.500000
41 97 0.500000
41 98 0.500000
41 100 0.500000
41 104 0.500000
41 110 0.500000
41 112 0.500000
41 114 0.500000
41 117 0.500000
41 121 0.500000
41 123 0.500000
41 125 0.500000
41 130 0.500000
41 131 0.500000
41 139 0.500000
41 140 0.500000
41 143 0.500000
41 145 0.500000
41 151 0.500000
41 152 0.500000
41 153 0.500000
41 155 0.500000
41 156 0.500000
41 157 0.500000
41 159 0.500000
42 45 0.500000
42 46 0.500000
42 48 0.500000
42 52 0.500000
42 55 0.500000
42 58 0.500000
42 59 0.500000
42 60 0.500000
42 63 0.500000
42 64 0.500000
42 66 0.500000
42 68 0.500000
42 72 0.500000
42 73 0.500000
42 78 0.500000
42 79 0.500000
42 81 0.500000
42 89 0.500000
42 90 0.500000
42 91 0.500000
42 94 0.500000
42 98 0.500000
42 100 0.500000
42 103 0.500000
42 104 0.500000
42 105 0.500000
42 109 0.500000
42 112 0.500000
42 115 0.500000
42 116 0.500000
42 117 0.500000
42 119 0.500000
42 122 0.500000
42 125 0.500000
42 127 0.500000
42 131 0.500000
42 132 0.500000
42 134 0.500000
42 135 0.500000
42 139 0.500000
42 140 0.500000
42 144 0.500000
42 146 0.500000
42 147 0.500000
42 148 0.500000
42 149 0.500000
42 151 0.500000
42 152 0.500000
42 154 0.500000
42 155 0.500000
42 157 0.500000
42 158 0.500000
43 44 0.500000
43 45 0.500000
43 48 0.500000
43 49 0.500000
43 50 0.500000
43 51 0.500000
43 55 0.500000
43 57 0.500000
43 58 0.500000
43 59 0.500000
43 60 0.500000
43 62 0.500000
43 65 0.500000
43 66 0.500000
43 68 0.500000
43 72 0.500000
43 73 0.500000
43 77 0.500000
43 78 0.500000
43 80 0.500000
43 81 0.500000
43 82 0.500000
43 86 0.500000
43 88 0.500000
43 91 0.500000
43 95 0.500000
43 96 0.500000
43 99 0.500000
43 100 0.500000
43 103 0.500000
43 104 0.500000
43 105 0.500000
43 108 0.500000
43 109 0.500000
43 110 0.500000
43 111 0.500000
43 112 0.500000
43 113 0.500000
43 116 0.500000
43 123 0.500000
43 126 0.500000
43 128 0.500000
43 130 0.500000
43 136 0.500000
43 138 0.500000
43 142 0.500000
43 143 0.500000
43 146 0.500000
43 148 0.500000
43 150 0.500000
43 151 0.500000
43 152 0.500000
43 154 0.500000
43 155 0.500000
43 157 0.500000
43 158 0.500000
43 160 0.500000
44 46 0.500000
44 47 0.500000
44 49 0.500000
44 52 0.500000
44 54 0.500000
44 55 0.500000
44 56 0.500000
44 57 0.500000
44 58 0.500000
44 59 0.500000
44 60 0.500000
44 61 0.500000
44 63 0.500000
44 65 0.500000
44 67 0.500000
44 69 0.500000
44 70 0.500000
44 72 0.500000
44 73 0.500000
44 80 0.500000
44 81 0.500000
44 82 0.500000
44 85 0.500000
44 88 0.500000
44 90 0.500000
44 93 0.500000
44 94 0.500000
44 96 0.500000
44 98 0.500000
44 99 0.500000
44 102 0.500000
44 104 0.500000
44 111 0.500000
44 113 0.500000
44 114 0.500000
44 116 0.500000
44 117 0.500000
44 118 0.500000
44 119 0.500000
44 121 0.500000
44 122 0.500000
44 123 0.500000
44 126 0.500000
44 130 0.500000
44 131 0.500000
44 132 0.500000
44 134 0.500000
44 136 0.500000
44 139 0.500000
44 140 0.500000
44 141 0.500000
44 142 0.500000
44 147 0.500000
44 148 0.500000
44 149 0.500000
44 157 0.500000
44 159 0.500000
44 160 0.500000
45 47 0.500000
45 51 0.500000
45 54 0.500000
45 57 0.500000
45 58 0.500000
45 59 0.500000
45 61 0.500000
45 63 0.500000
45 64 0.500000
45 65 0.500000
45 69 0.500000
45 70 0.500000
45 72 0.500000
45 75 0.500000
45 79 0.500000
45 80 0.500000
45 82 0.500000
45 84 0.500000
45 85 0.500000
45 86 0.500000
45 90 0.500000
45 94 0.500000
45 95 0.500000
45 97 0.500000
45 99 0.500000
45 101 0.500000
45 105 0.500000
45 107 0.500000
45 108 0.500000
45 109 0.500000
45 111 0.500000
45 112 0.500000
45 114 0.500000
45 116 0.500000
45 119 0.500000
45 120 0.500000
45 121 0.500000
45 125 0.500000
45 126 0.500000
45 132 0.500000
45 133 0.500000
45 134 0.500000
45 135 0.500000
45 136 0.500000
45 138 0.500000
45 139 0.500000
45 140 0.500000
45 143 0.500000
45 145 0.500000
45 146 0.500000
45 148 0.500000
45 150 0.500000
45 153 0.500000
45 154 0.500000
45 156 0.500000
45 158 0.500000
45 159 0.500000
45 160 0.500000
46 49 0.500000
46 54 0.500000
46 55 0.500000
46 56 0.500000
46 60 0.500000
46 61 0.500000
46 62 0.500000
46 65 0.500000
46 66 0.500000
46 67 0.500000
46 68 0.500000
46 70 0.500000
46 73 0.500000
46 74 0.500000
46 76 0.500000
46 77 0.500000
46 78 0.500000
46 84 0.500000
46 85 0.500000
46 86 0.500000
46 88 0.500000
46 92 0.500000
46 93 0.500000
46 94 0.500000
46 95 0.500000
46 101 0.500000
46 102 0.500000
46 105 0.500000
46 106 0.500000
46 108 0.500000
46 111 0.500000
46 113 0.500000
46 114 0.500000
46 115 0.500000
46 116 0.500000
46 117 0.500000
46 119 0.500000
46 120 0.500000
46 121 0.500000
46 124 0.500000
46 126 0.500000
46 131 0.500000
46 132 0.500000
46 133 0.500000
46 135 0.500000
46 139 0.500000
46 140 0.500000
46 141 0.500000
46 142 0.500000
46 145 0.500000
46 146 0.500000
46 147 0.500000
46 150 0.500000
46 152 0.500000
46 153 0.500000
46 155 0.500000
46 157 0.500000
46 160 0.500000
47 48 0.500000
47 53 0.500000
47 54 0.500000
47 55 0.500000
47 56 0.500000
47 58 0.500000
47 59 0.500000
47 61 0.500000
47 62 0.500000
47 64 0.500000
47 67 0.500000
47 68 0.500000
47 69 0.500000
47 70 0.500000
47 71 0.500000
47 72 0.500000
47 73 0.500000
47 74 0.500000
47 76 0.500000
47 77 0.500000
47 78 0.500000
47 79 0.500000
47 80 0.500000
47 81 0.500000
47 83 0.500000
47 84 0.500000
47 85 0.500000
47 89 0.500000
47 90 0.500000
47 91 0.500000
47 92 0.500000
47 93 0.500000
47 94 0.500000
47 97 0.500000
47 98 0.500000
47 99 0.500000
47 100 0.500000
47 101 0.500000
47 103 0.500000
47 107 0.500000
47 111 0.500000
47 115 0.500000
47 116 0.500000
47 117 0.500000
47 118 0.500000
47 119 0.500000
47 124 0.500000
47 126 0.500000
47 127 0.500000
47 128 0.500000
47 129 0.500000
47 131 0.500000
47 132 0.500000
47 136 0.500000
47 138 0.500000
47 140 0.500000
47 141 0.500000
47 142 0.500000
47 151 0.500000
47 156 0.500000
47 157 0.500000
47 159 0.500000
48 50 0.500000
48 51 0.500000
48 55 0.500000
48 57 0.500000
48 58 0.500000
48 59 0.500000
48 64 0.500000
48 66 0.500000
48 70 0.500000
48 72 0.500000
48 75 0.500000
48 78 0.500000
48 80 0.500000
48 83 0.500000
48 86 0.500000
48 88 0.500000
48 89 0.500000
48 90 0.500000
48 91 0.500000
48 94 0.500000
48 95 0.500000
48 96 0.500000
48 99 0.500000
48 101 0.500000
48 102 0.500000
48 103 0.500000
48 106 0.500000
48 107 0.500000
48 108 0.500000
48 109 0.500000
48 111 0.500000
48 113 0.500000
48 114 0.500000
48 115 0.500000
48 121 0.500000
48 122 0.500000
48 124 0.500000
48 125 0.500000
48 126 0.500000
48 128 0.500000
48 129 0.500000
48 130 0.500000
48 131 0.500000
48 133 0.500000
48 137 0.500000
48 138 0.500000
48 139 0.500000
48 142 0.500000
48 145 0.500000
48 146 0.500000
48 147 0.500000
48 149 0.500000
48 150 0.500000
48 151 0.500000
48 152 0.500000
48 153 0.500000
48 154 0.500000
48 158 0.500000
48 160 0.500000
49 51 0.500000
49 52 0.500000
49 57 0.500000
49 58 0.500000
49 59 0.500000
49 60 0.500000
49 64 0.500000
49 65 0.500000
49 66 0.500000
49 68 0.500000
49 69 0.500000
49 71 0.500000
49 72 0.500000
49 77 0.500000
49 78 0.500000
49 80 0.500000
49 81 0.500000
49 84 0.500000
49 87 0.500000
49 88 0.500000
49 89 0.500000
49 90 0.500000
49 92 0.500000
49 101 0.500000
49 102 0.500000
49 103 0.500000
49 105 0.500000
49 107 0.500000
49 108 0.500000
49 109 0.500000
49 112 0.500000
49 113 0.500000
49 117 0.500000
49 118 0.500000
49 119 0.500000
49 120 0.500000
49 121 0.500000
49 123 0.500000
49 126 0.500000
49 129 0.500000
49 132 0.500000
49 135 0.500000
49 137 0.500000
49 138 0.500000
49 140 0.500000
49 142 0.500000
49 143 0.500000
49 146 0.500000
49 148 0.500000
49 149 0.500000
49 154 0.500000
49 156 0.500000
49 159 0.500000
49 160 0.500000
50 51 0.500000
50 52 0.500000
50 55 0.500000
50 57 0.500000
50 60 0.500000
50 64 0.500000
50 66 0.500000
50 72 0.500000
50 74 0.500000
50 75 0.500000
50 76 0.500000
50 78 0.500000
50 79 0.500000
50 80 0.500000
50 81 0.500000
50 83 0.500000
50 84 0.500000
50 86 0.500000
50 90 0.500000
50 92 0.500000
50 93 0.500000
50 96 0.500000
50 97 0.500000
50 102 0.500000
50 109 0.500000
50 112 0.500000
50 113 0.500000
50 116 0.500000
50 118 0.500000
50 119 0.500000
50 121 0.500000
50 122 0.500000
50 124 0.500000
50 125 0.500000
50 127 0.500000
50 128 0.500000
50 129 0.500000
50 133 0.500000
50 134 0.500000
50 136 0.500000
50 139 0.500000
50 142 0.500000
50 144 0.500000
50 149 0.500000
50 152 0.500000
50 153 0.500000
50 155 0.500000
50 158 0.500000
50 159 0.500000
50 160 0.500000
51 53 0.500000
51 54 0.500000
51 56 0.500000
51 58 0.500000
51 60 0.500000
51 62 0.500000
51 63 0.500000
51 64 0.500000
51 65 0.500000
51 66 0.500000
51 68 0.500000
51 69 0.500000
51 71 0.500000
51 72 0.500000
51 74 0.500000
51 75 0.500000
51 77 0.500000
51 78 0.500000
51 80 0.500000
51 81 0.500000
51 83 0.500000
51 84 0.500000
51 86 0.500000
51 88 0.500000
51 90 0.500000
51 91 0.500000
51 94 0.500000
51 95 0.500000
51 97 0.500000
51 99 0.500000
51 100 0.500000
51 101 0.500000
51 102 0.500000
51 103 0.500000
51 106 0.500000
51 107 0.500000
51 108 0.500000
51 109 0.500000
51 110 0.500000
51 112 0.500000
51 113 0.500000
51 116 0.500000
51 117 0.500000
51 120 0.500000
51 121 0.500000
51 122 0.500000
51 123 0.500000
51 125 0.500000
51 126 0.500000
51 127 0.500000
51 128 0.500000
51 129 0.500000
51 132 0.500000
51 134 0.500000
51 137 0.500000
51 141 0.500000
51 142 0.500000
51 144 0.500000
51 147 0.500000
51 148 0.500000
51 150 0.500000
51 151 0.500000
51 152 0.500000
51 154 0.500000
51 155 0.500000
51 157 0.500000
51 160 0.500000
52 53 0.500000
52 55 0.500000
52 58 0.500000
52 59 0.500000
52 60 0.500000
52 61 0.500000
52 62 0.500000
52 63 0.500000
52 65 0.500000
52 68 0.500000
52 70 0.500000
52 72 0.500000
52 74 0.500000
52 75 0.500000
52 76 0.500000
52 78 0.500000
52 79 0.500000
52 84 0.500000
52 85 0.500000
52 86 0.500000
52 89 0.500000
52 90 0.500000
52 91 0.500000
52 96 0.500000
52 99 0.500000
52 103 0.500000
52 106 0.500000
52 108 0.500000
52 116 0.500000
52 118 0.500000
52 119 0.500000
52 120 0.500000
52 121 0.500000
52 123 0.500000
52 125 0.500000
52 126 0.500000
52 128 0.500000
52 130 0.500000
52 131 0.500000
52 134 0.500000
52 135 0.500000
52 138 0.500000
52 140 0.500000
52 141 0.500000
52 142 0.500000
52 143 0.500000
52 148 0.500000
52 149 0.500000
52 153 0.500000
52 154 0.500000
52 156 0.500000
52 158 0.500000
53 54 0.500000
53 55 0.500000
53 57 0.500000
53 58 0.500000
53 59 0.500000
53 60 0.500000
53 63 0.500000
53 67 0.500000
53 70 0.500000
53 73 0.500000
53 75 0.500000
53 76 0.500000
53 77 0.500000
53 78 0.500000
53 79 0.500000
53 80 0.500000
53 83 0.500000
53 86 0.500000
53 88 0.500000
53 89 0.500000
53 90 0.500000
53 91 0.500000
53 92 0.500000
53 93 0.500000
53 96 0.500000
53 98 0.500000
53 99 0.500000
53 101 0.500000
53 102 0.500000
53 104 0.500000
53 105 0.500000
53 106 0.500000
53 108 0.500000
53 109 0.500000
53 111 0.500000
53 112 0.500000
53 113 0.500000
53 114 0.500000
53 116 0.500000
53 119 0.500000
53 120 0.500000
53 122 0.500000
53 123 0.500000
53 124 0.500000
53 125 0.500000
53 126 0.500000
53 127 0.500000
53 129 0.500000
53 130 0.500000
53 132 0.500000
53 134 0.500000
53 135 0.500000
53 139 0.500000
53 143 0.500000
53 148 0.500000
53 150 0.500000
53 155 0.500000
53 156 0.500000
53 157 0.500000
53 158 0.500000
53 160 0.500000
54 55 0.500000
54 58 0.500000
54 63 0.500000
54 64 0.500000
54 65 0.500000
54 67 0.500000
54 70 0.500000
54 71 0.500000
54 73 0.500000
54 74 0.500000
54 76 0.500000
54 78 0.500000
54 79 0.500000
54 80 0.500000
54 83 0.500000
54 85 0.500000
54 90 0.500000
54 95 0.500000
54 96 0.500000
54 97 0.500000
54 100 0.500000
54 102 0.500000
54 103 0.500000
54 104 0.500000
54 108 0.500000
54 110 0.500000
54 111 0.500000
54 113 0.500000
54 114 0.500000
54 117 0.500000
54 118 0.500000
54 119 0.500000
54 121 0.500000
54 122 0.500000
54 123 0.500000
54 127 0.500000
54 128 0.500000
54 130 0.500000
54 136 0.500000
54 137 0.500000
54 138 0.500000
54 139 0.500000
54 142 0.500000
54 145 0.500000
54 146 0.500000
54 149 0.500000
54 151 0.500000
54 152 0.500000
54 154 0.500000
54 155 0.500000
54 156 0.500000
54 160 0.500000
55 58 0.500000
55 59 0.500000
55 60 0.500000
55 65 0.500000
55 66 0.500000
55 69 0.500000
55 70 0.500000
55 72 0.500000
55 73 0.500000
55 74 0.500000
55 76 0.500000
55 77 0.500000
55 78 0.500000
55 79 0.500000
55 82 0.500000
55 83 0.500000
55 84 0.500000
55 89 0.500000
55 92 0.500000
55 93 0.500000
55 94 0.500000
55 96 0.500000
55 97 0.500000
55 98 0.500000
55 102 0.500000
55 104 0.500000
55 108 0.500000
55 109 0.500000
55 110 0.500000
55 112 0.500000
55 114 0.500000
55 117 0.500000
55 118 0.500000
55 121 0.500000
55 123 0.500000
55 124 0.500000
55 125 0.500000
55 127 0.500000
55 129 0.500000
55 130 0.500000
55 131 0.500000
55 133 0.500000
55 134 0.500000
55 140 0.500000
55 144 0.500000
55 145 0.500000
55 147 0.500000
55 148 0.500000
55 150 0.500000
55 151 0.500000
55 152 0.500000
55 153 0.500000
55 154 0.500000
55 156 0.500000
56 57 0.500000
56 58 0.500000
56 59 0.500000
56 60 0.500000
56 61 0.500000
56 62 0.500000
56 63 0.500000
56 65 0.500000
56 67 0.500000
56 68 0.500000
56 71 0.500000
56 75 0.500000
56 76 0.500000
56 78 0.500000
56 79 0.500000
56 83 0.500000
56 87 0.500000
56 93 0.500000
56 97 0.500000
56 98 0.500000
56 99 0.500000
56 100 0.500000
56 101 0.500000
56 102 0.500000
56 103 0.500000
56 104 0.500000
56 105 0.500000
56 108 0.500000
56 110 0.500000
56 111 0.500000
56 113 0.500000
56 120 0.500000
56 121 0.500000
56 124 0.500000
56 127 0.500000
56 128 0.500000
56 131 0.500000
56 132 0.500000
56 133 0.500000
56 138 0.500000
56 139 0.500000
56 140 0.500000
56 141 0.500000
56 143 0.500000
56 144 0.500000
56 147 0.500000
56 148 0.500000
56 150 0.500000
56 152 0.500000
56 153 0.500000
56 154 0.500000
56 156 0.500000
56 159 0.500000
57 59 0.500000
57 60 0.500000
57 63 0.500000
57 66 0.500000
57 69 0.500000
57 71 0.500000
57 72 0.500000
57 73 0.500000
57 76 0.500000
57 77 0.500000
57 78 0.500000
57 80 0.500000
57 81 0.500000
57 82 0.500000
57 85 0.500000
57 87 0.500000
57 89 0.500000
57 91 0.500000
57 96 0.500000
57 98 0.500000
57 100 0.500000
57 105 0.500000
57 107 0.500000
57 109 0.500000
57 111 0.500000
57 113 0.500000
57 114 0.500000
57 115 0.500000
57 116 0.500000
57 120 0.500000
57 122 0.500000
57 123 0.500000
57 124 0.500000
57 125 0.500000
57 126 0.500000
57 128 0.500000
57 129 0.500000
57 134 0.500000
57 135 0.500000
57 139 0.500000
57 140 0.500000
57 141 0.500000
57 142 0.500000
57 144 0.500000
57 147 0.500000
57 148 0.500000
57 150 0.500000
57 151 0.500000
57 152 0.500000
57 153 0.500000
57 154 0.500000
57 156 0.500000
57 157 0.500000
57 159 0.500000
58 59 0.500000
58 60 0.500000
58 62 0.500000
58 64 0.500000
58 66 0.500000
58 67 0.500000
58 71 0.500000
58 72 0.500000
58 74 0.500000
58 77 0.500000
58 80 0.500000
58 84 0.500000
58 85 0.500000
58 88 0.500000
58 89 0.500000
58 90 0.500000
58 91 0.500000
58 93 0.500000
58 95 0.500000
58 96 0.500000
58 97 0.500000
58 98 0.500000
58 99 0.500000
58 101 0.500000
58 104 0.500000
58 106 0.500000
58 108 0.500000
58 109 0.500000
58 110 0.500000
58 111 0.500000
58 112 0.500000
58 119 0.500000
58 125 0.500000
58 127 0.500000
58 128 0.500000
58 129 0.500000
58 130 0.500000
58 134 0.500000
58 135 0.500000
58 136 0.500000
58 137 0.500000
58 138 0.500000
58 141 0.500000
58 143 0.500000
58 147 0.500000
58 150 0.500000
58 151 0.500000
58 154 0.500000
58 156 0.500000
58 158 0.500000
58 159 0.500000
59 60 0.500000
59 61 0.500000
59 62 0.500000
59 63 0.500000
59 64 0.500000
59 65 0.500000
59 68 0.500000
59 69 0.500000
59 73 0.500000
59 76 0.500000
59 78 0.500000
59 79 0.500000
59 80 0.500000
59 82 0.500000
59 85 0.500000
59 87 0.500000
59 88 0.500000
59 89 0.500000
59 92 0.500000
59 93 0.500000
59 97 0.500000
59 98 0.500000
59 99 0.500000
59 100 0.500000
59 103 0.500000
59 104 0.500000
59 111 0.500000
59 114 0.500000
59 117 0.500000
59 119 0.500000
59 121 0.500000
59 123 0.500000
59 124 0.500000
59 128 0.500000
59 130 0.500000
59 131 0.500000
59 135 0.500000
59 136 0.500000
59 140 0.500000
59 141 0.500000
59 142 0.500000
59 144 0.500000
59 148 0.500000
59 149 0.500000
59 150 0.500000
59 152 0.500000
59 155 0.500000
59 157 0.500000
59 158 0.500000
60 64 0.500000
60 65 0.500000
60 66 0.500000
60 68 0.500000
60 70 0.500000
60 71 0.500000
60 74 0.500000
60 76 0.500000
60 79 0.500000
60 80 0.500000
60 82 0.500000
60 83 0.500000
60 84 0.500000
60 87 0.500000
60 88 0.500000
60 89 0.500000
60 90 0.500000
60 91 0.500000
60 92 0.500000
60 94 0.500000
60 97 0.500000
60 98 0.500000
60 100 0.500000
60 104 0.500000
60 105 0.500000
60 106 0.500000
60 107 0.500000
60 108 0.500000
60 109 0.500000
60 111 0.500000
60 112 0.500000
60 115 0.500000
60 118 0.500000
60 119 0.500000
60 121 0.500000
60 124 0.500000
60 127 0.500000
60 132 0.500000
60 133 0.500000
60 134 0.500000
60 137 0.500000
60 138 0.500000
60 140 0.500000
60 141 0.500000
60 144 0.500000
60 146 0.500000
60 148 0.500000
60 152 0.500000
60 155 0.500000
60 156 0.500000
60 158 0.500000
60 160 0.500000
61 65 0.500000
61 66 0.500000
61 77 0.500000
61 79 0.500000
61 83 0.500000
61 87 0.500000
61 91 0.500000
61 92 0.500000
61 94 0.500000
61 96 0.500000
61 97 0.500000
61 103 0.500000
61 104 0.500000
61 105 0.500000
61 106 0.500000
61 107 0.500000
61 109 0.500000
61 111 0.500000
61 114 0.500000
61 115 0.500000
61 117 0.500000
61 120 0.500000
61 121 0.500000
61 123 0.500000
61 124 0.500000
61 127 0.500000
61 132 0.500000
61 135 0.500000
61 137 0.500000
61 138 0.500000
61 140 0.500000
61 141 0.500000
61 142 0.500000
61 143 0.500000
61 144 0.500000
61 146 0.500000
61 147 0.500000
61 149 0.500000
61 150 0.500000
61 152 0.500000
61 154 0.500000
62 64 0.500000
62 66 0.500000
62 67 0.500000
62 69 0.500000
62 71 0.500000
62 73 0.500000
62 74 0.500000
62 75 0.500000
62 76 0.500000
62 81 0.500000
62 86 0.500000
62 87 0.500000
62 90 0.500000
62 91 0.500000
62 92 0.500000
62 94 0.500000
62 95 0.500000
62 96 0.500000
62 97 0.500000
62 98 0.500000
62 99 0.500000
62 103 0.500000
62 105 0.500000
62 108 0.500000
62 111 0.500000
62 112 0.500000
62 113 0.500000
62 119 0.500000
62 120 0.500000
62 123 0.500000
62 126 0.500000
62 127 0.500000
62 128 0.500000
62 129 0.500000
62 130 0.500000
62 131 0.500000
62 132 0.500000
62 133 0.500000
62 134 0.500000
62 136 0.500000
62 142 0.500000
62 143 0.500000
62 146 0.500000
62 147 0.500000
62 150 0.500000
62 152 0.500000
62 155 0.500000
62 156 0.500000
62 157 0.500000
62 158 0.500000
62 159 0.500000
63 65 0.500000
63 66 0.500000
63 68 0.500000
63 69 0.500000
63 71 0.500000
63 72 0.500000
63 76 0.500000
63 77 0.500000
63 79 0.500000
63 81 0.500000
63 83 0.500000
63 86 0.500000
63 89 0.500000
63 90 0.500000
63 92 0.500000
63 93 0.500000
63 94 0.500000
63 96 0.500000
63 100 0.500000
63 101 0.500000
63 102 0.500000
63 103 0.500000
63 104 0.500000
63 106 0.500000
63 107 0.500000
63 109 0.500000
63 111 0.500000
63 112 0.500000
63 116 0.500000
63 117 0.500000
63 119 0.500000
63 120 0.500000
63 122 0.500000
63 123 0.500000
63 124 0.500000
63 127 0.500000
63 129 0.500000
63 130 0.500000
63 131 0.500000
63 132 0.500000
63 133 0.500000
63 135 0.500000
63 136 0.500000
63 137 0.500000
63 140 0.500000
63 141 0.500000
63 142 0.500000
63 146 0.500000
63 148 0.500000
63 149 0.500000
63 150 0.500000
63 151 0.500000
63 152 0.500000
63 154 0.500000
63 155 0.500000
63 156 0.500000
63 158 0.500000
63 159 0.500000
63 160 0.500000
64 67 0.500000
64 68 0.500000
64 69 0.500000
64 70 0.500000
64 75 0.500000
64 76 0.500000
64 78 0.500000
64 79 0.500000
64 90 0.500000
64 91 0.500000
64 92 0.500000
64 93 0.500000
64 94 0.500000
64 102 0.500000
64 103 0.500000
64 104 0.500000
64 105 0.500000
64 107 0.500000
64 108 0.500000
64 110 0.500000
64 118 0.500000
64 122 0.500000
64 123 0.500000
64 124 0.500000
64 125 0.500000
64 129 0.500000
64 130 0.500000
64 132 0.500000
64 133 0.500000
64 134 0.500000
64 135 0.500000
64 138 0.500000
64 140 0.500000
64 144 0.500000
64 145 0.500000
64 147 0.500000
64 148 0.500000
64 152 0.500000
64 155 0.500000
64 156 0.500000
64 158 0.500000
64 159 0.500000
65 66 0.500000
65 67 0.500000
65 68 0.500000
65 69 0.500000
65 71 0.500000
65 74 0.500000
65 76 0.500000
65 77 0.500000
65 78 0.500000
65 83 0.500000
65 85 0.500000
65 86 0.500000
65 88 0.500000
65 90 0.500000
65 91 0.500000
65 93 0.500000
65 95 0.500000
65 96 0.500000
65 97 0.500000
65 99 0.500000
65 102 0.500000
65 103 0.500000
65 104 0.500000
65 105 0.500000
65 106 0.500000
65 110 0.500000
65 112 0.500000
65 115 0.500000
65 116 0.500000
65 118 0.500000
65 123 0.500000
65 124 0.500000
65 126 0.500000
65 130 0.500000
65 131 0.500000
65 132 0.500000
65 133 0.500000
65 134 0.500000
65 135 0.500000
65 137 0.500000
65 139 0.500000
65 140 0.500000
65 141 0.500000
65 142 0.500000
65 143 0.500000
65 144 0.500000
65 145 0.500000
65 148 0.500000
65 152 0.500000
65 154 0.500000
65 155 0.500000
65 158 0.500000
65 159 0.500000
66 72 0.500000
66 73 0.500000
66 74 0.500000
66 77 0.500000
66 83 0.500000
66 84 0.500000
66 85 0.500000
66 89 0.500000
66 90 0.500000
66 91 0.500000
66 92 0.500000
66 95 0.500000
66 96 0.500000
66 97 0.500000
66 98 0.500000
66 102 0.500000
66 105 0.500000
66 107 0.500000
66 108 0.500000
66 109 0.500000
66 111 0.500000
66 113 0.500000
66 115 0.500000
66 116 0.500000
66 117 0.500000
66 121 0.500000
66 124 0.500000
66 128 0.500000
66 129 0.500000
66 132 0.500000
66 134 0.500000
66 136 0.500000
66 140 0.500000
66 141 0.500000
66 142 0.500000
66 145 0.500000
66 146 0.500000
66 149 0.500000
66 150 0.500000
66 153 0.500000
66 158 0.500000
66 160 0.500000
67 70 0.500000
67 72 0.500000
67 73 0.500000
67 76 0.500000
67 77 0.500000
67 82 0.500000
67 84 0.500000
67 85 0.500000
67 86 0.500000
67 87 0.500000
67 88 0.500000
67 90 0.500000
67 95 0.500000
67 97 0.500000
67 98 0.500000
67 99 0.500000
67 105 0.500000
67 106 0.500000
67 107 0.500000
67 110 0.500000
67 111 0.500000
67 114 0.500000
67 115 0.500000
67 117 0.500000
67 118 0.500000
67 119 0.500000
67 120 0.500000
67 121 0.500000
67 122 0.500000
67 123 0.500000
67 124 0.500000
67 126 0.500000
67 128 0.500000
67 130 0.500000
67 133 0.500000
67 139 0.500000
67 140 0.500000
67 142 0.500000
67 144 0.500000
67 146 0.500000
67 148 0.500000
67 149 0.500000
67 152 0.500000
67 153 0.500000
67 155 0.500000
67 156 0.500000
67 157 0.500000
67 158 0.500000
67 159 0.500000
68 70 0.500000
68 71 0.500000
68 72 0.500000
68 73 0.500000
68 74 0.500000
68 75 0.500000
68 79 0.500000
68 80 0.500000
68 83 0.500000
68 85 0.500000
68 86 0.500000
68 89 0.500000
68 93 0.500000
68 96 0.500000
68 97 0.500000
68 98 0.500000
68 101 0.500000
68 104 0.500000
68 105 0.500000
68 106 0.500000
68 107 0.500000
68 109 0.500000
68 111 0.500000
68 114 0.500000
68 115 0.500000
68 116 0.500000
68 119 0.500000
68 121 0.500000
68 124 0.500000
68 125 0.500000
68 130 0.500000
68 131 0.500000
68 132 0.500000
68 134 0.500000
68 139 0.500000
68 140 0.500000
68 143 0.500000
68 144 0.500000
68 145 0.500000
68 149 0.500000
68 153 0.500000
68 154 0.500000
68 157 0.500000
68 159 0.500000
68 160 0.500000
69 71 0.500000
69 74 0.500000
69 79 0.500000
69 80 0.500000
69 83 0.500000
69 85 0.500000
69 86 0.500000
69 88 0.500000
69 89 0.500000
69 92 0.500000
69 93 0.500000
69 96 0.500000
69 97 0.500000
69 98 0.500000
69 100 0.500000
69 104 0.500000
69 105 0.500000
69 106 0.500000
69 108 0.500000
69 110 0.500000
69 111 0.500000
69 112 0.500000
69 113 0.500000
69 115 0.500000
69 116 0.500000
69 119 0.500000
69 121 0.500000
69 125 0.500000
69 128 0.500000
69 130 0.500000
69 131 0.500000
69 133 0.500000
69 134 0.500000
69 135 0.500000
69 136 0.500000
69 137 0.500000
69 139 0.500000
69 142 0.500000
69 144 0.500000
69 153 0.500000
69 154 0.500000
69 155 0.500000
69 156 0.500000
70 74 0.500000
70 75 0.500000
70 76 0.500000
70 82 0.500000
70 83 0.500000
70 84 0.500000
70 85 0.500000
70 86 0.500000
70 88 0.500000
70 91 0.500000
70 94 0.500000
70 95 0.500000
70 101 0.500000
70 105 0.500000
70 106 0.500000
70 110 0.500000
70 111 0.500000
70 112 0.500000
70 113 0.500000
70 114 0.500000
70 116 0.500000
70 117 0.500000
70 118 0.500000
70 120 0.500000
70 123 0.500000
70 125 0.500000
70 126 0.500000
70 128 0.500000
70 130 0.500000
70 134 0.500000
70 137 0.500000
70 139 0.500000
70 140 0.500000
70 141 0.500000
70 142 0.500000
70 149 0.500000
70 152 0.500000
70 156 0.500000
71 73 0.500000
71 74 0.500000
71 76 0.500000
71 77 0.500000
71 78 0.500000
71 80 0.500000
71 81 0.500000
71 82 0.500000
71 84 0.500000
71 86 0.500000
71 87 0.500000
71 89 0.500000
71 90 0.500000
71 92 0.500000
71 95 0.500000
71 98 0.500000
71 99 0.500000
71 100 0.500000
71 102 0.500000
71 103 0.500000
71 104 0.500000
71 105 0.500000
71 106 0.500000
71 107 0.500000
71 108 0.500000
71 112 0.500000
71 116 0.500000
71 117 0.500000
71 118 0.500000
71 119 0.500000
71 120 0.500000
71 122 0.500000
71 125 0.500000
71 127 0.500000
71 128 0.500000
71 130 0.500000
71 133 0.500000
71 136 0.500000
71 137 0.500000
71 139 0.500000
71 142 0.500000
71 144 0.500000
71 145 0.500000
71 146 0.500000
71 147 0.500000
71 149 0.500000
71 153 0.500000
71 154 0.500000
71 155 0.500000
71 157 0.500000
71 158 0.500000
71 159 0.500000
71 160 0.500000
72 73 0.500000
72 74 0.500000
72 76 0.500000
72 77 0.500000
72 78 0.500000
72 82 0.500000
72 83 0.500000
72 84 0.500000
72 85 0.500000
72 90 0.500000
72 91 0.500000
72 94 0.500000
72 98 0.500000
72 100 0.500000
72 105 0.500000
72 106 0.500000
72 109 0.500000
72 110 0.500000
72 111 0.500000
72 112 0.500000
72 116 0.500000
72 118 0.500000
72 122 0.500000
72 123 0.500000
72 124 0.500000
72 125 0.500000
72 126 0.500000
72 127 0.500000
72 131 0.500000
72 137 0.500000
72 138 0.500000
72 141 0.500000
72 142 0.500000
72 146 0.500000
72 147 0.500000
72 148 0.500000
72 150 0.500000
72 151 0.500000
72 153 0.500000
72 154 0.500000
72 159 0.500000
72 160 0.500000
73 75 0.500000
73 77 0.500000
73 78 0.500000
73 83 0.500000
73 85 0.500000
73 87 0.500000
73 88 0.500000
73 89 0.500000
73 90 0.500000
73 92 0.500000
73 98 0.500000
73 102 0.500000
73 107 0.500000
73 113 0.500000
73 114 0.500000
73 116 0.500000
73 117 0.500000
73 118 0.500000
73 121 0.500000
73 122 0.500000
73 125 0.500000
73 128 0.500000
73 129 0.500000
73 130 0.500000
73 132 0.500000
73 134 0.500000
73 135 0.500000
73 137 0.500000
73 138 0.500000
73 140 0.500000
73 141 0.500000
73 144 0.500000
73 145 0.500000
73 147 0.500000
73 148 0.500000
73 150 0.500000
73 156 0.500000
73 157 0.500000
73 158 0.500000
73 160 0.500000
74 76 0.500000
74 77 0.500000
74 81 0.500000
74 82 0.500000
74 84 0.500000
74 87 0.500000
74 93 0.500000
74 94 0.500000
74 101 0.500000
74 103 0.500000
74 104 0.500000
74 108 0.500000
74 109 0.500000
74 110 0.500000
74 111 0.500000
74 113 0.500000
74 117 0.500000
74 119 0.500000
74 125 0.500000
74 126 0.500000
74 128 0.500000
74 131 0.500000
74 132 0.500000
74 133 0.500000
74 134 0.500000
74 138 0.500000
74 139 0.500000
74 142 0.500000
74 144 0.500000
74 145 0.500000
74 146 0.500000
74 147 0.500000
74 150 0.500000
74 152 0.500000
74 153 0.500000
74 156 0.500000
74 158 0.500000
75 77 0.500000
75 80 0.500000
75 81 0.500000
75 82 0.500000
75 83 0.500000
75 86 0.500000
75 87 0.500000
75 89 0.500000
75 93 0.500000
75 96 0.500000
75 98 0.500000
75 99 0.500000
75 101 0.500000
75 102 0.500000
75 103 0.500000
75 106 0.500000
75 109 0.500000
75 110 0.500000
75 111 0.500000
75 114 0.500000
75 117 0.500000
75 118 0.500000
75 119 0.500000
75 120 0.500000
75 121 0.500000
75 124 0.500000
75 127 0.500000
75 129 0.500000
75 134 0.500000
75 136 0.500000
75 137 0.500000
75 141 0.500000
75 144 0.500000
75 146 0.500000
75 148 0.500000
75 149 0.500000
75 150 0.500000
75 155 0.500000
76 78 0.500000
76 80 0.500000
76 81 0.500000
76 82 0.500000
76 85 0.500000
76 89 0.500000
76 90 0.500000
76 93 0.500000
76 97 0.500000
76 98 0.500000
76 101 0.500000
76 103 0.500000
76 104 0.500000
76 106 0.500000
76 108 0.500000
76 110 0.500000
76 111 0.500000
76 112 0.500000
76 115 0.500000
76 117 0.500000
76 118 0.500000
76 119 0.500000
76 122 0.500000
76 125 0.500000
76 127 0.500000
76 128 0.500000
76 129 0.500000
76 131 0.500000
76 132 0.500000
76 133 0.500000
76 135 0.500000
76 137 0.500000
76 138 0.500000
76 139 0.500000
76 142 0.500000
76 143 0.500000
76 144 0.500000
76 145 0.500000
76 148 0.500000
76 153 0.500000
76 155 0.500000
76 156 0.500000
76 158 0.500000
76 159 0.500000
77 78 0.500000
77 80 0.500000
77 81 0.500000
77 82 0.500000
77 83 0.500000
77 87 0.500000
77 91 0.500000
77 94 0.500000
77 96 0.500000
77 98 0.500000
77 101 0.500000
77 102 0.500000
77 104 0.500000
77 105 0.500000
77 108 0.500000
77 109 0.500000
77 110 0.500000
77 112 0.500000
77 118 0.500000
77 120 0.500000
77 122 0.500000
77 123 0.500000
77 125 0.500000
77 126 0.500000
77 130 0.500000
77 131 0.500000
77 133 0.500000
77 134 0.500000
77 135 0.500000
77 139 0.500000
77 140 0.500000
77 141 0.500000
77 142 0.500000
77 143 0.500000
77 144 0.500000
77 145 0.500000
77 147 0.500000
77 149 0.500000
77 150 0.500000
77 151 0.500000
77 154 0.500000
77 157 0.500000
77 159 0.500000
77 160 0.500000
78 82 0.500000
78 87 0.500000
78 89 0.500000
78 91 0.500000
78 92 0.500000
78 95 0.500000
78 96 0.500000
78 98 0.500000
78 99 0.500000
78 101 0.500000
78 102 0.500000
78 105 0.500000
78 106 0.500000
78 110 0.500000
78 111 0.500000
78 112 0.500000
78 113 0.500000
78 114 0.500000
78 118 0.500000
78 119 0.500000
78 121 0.500000
78 123 0.500000
78 124 0.500000
78 134 0.500000
78 135 0.500000
78 138 0.500000
78 141 0.500000
78 142 0.500000
78 144 0.500000
78 146 0.500000
78 148 0.500000
78 150 0.500000
78 154 0.500000
78 156 0.500000
78 157 0.500000
78 158 0.500000
78 159 0.500000
78 160 0.500000
79 81 0.500000
79 82 0.500000
79 84 0.500000
79 88 0.500000
79 90 0.500000
79 91 0.500000
79 93 0.500000
79 96 0.500000
79 97 0.500000
79 102 0.500000
79 103 0.500000
79 106 0.500000
79 111 0.500000
79 112 0.500000
79 113 0.500000
79 115 0.500000
79 116 0.500000
79 118 0.500000
79 119 0.500000
79 120 0.500000
79 125 0.500000
79 126 0.500000
79 127 0.500000
79 128 0.500000
79 129 0.500000
79 130 0.500000
79 136 0.500000
79 138 0.500000
79 139 0.500000
79 140 0.500000
79 141 0.500000
79 143 0.500000
79 144 0.500000
79 149 0.500000
79 153 0.500000
79 156 0.500000
79 158 0.500000
79 160 0.500000
80 82 0.500000
80 88 0.500000
80 90 0.500000
80 95 0.500000
80 96 0.500000
80 100 0.500000
80 101 0.500000
80 103 0.500000
80 107 0.500000
80 111 0.500000
80 112 0.500000
80 119 0.500000
80 121 0.500000
80 122 0.500000
80 127 0.500000
80 130 0.500000
80 133 0.500000
80 134 0.500000
80 135 0.500000
80 137 0.500000
80 139 0.500000
80 141 0.500000
80 143 0.500000
80 146 0.500000
80 148 0.500000
80 151 0.500000
80 152 0.500000
80 157 0.500000
80 159 0.500000
80 160 0.500000
81 83 0.500000
81 84 0.500000
81 86 0.500000
81 89 0.500000
81 94 0.500000
81 95 0.500000
81 96 0.500000
81 97 0.500000
81 101 0.500000
81 102 0.500000
81 103 0.500000
81 104 0.500000
81 106 0.500000
81 108 0.500000
81 110 0.500000
81 111 0.500000
81 114 0.500000
81 115 0.500000
81 116 0.500000
81 119 0.500000
81 122 0.500000
81 125 0.500000
81 128 0.500000
81 132 0.500000
81 135 0.500000
81 136 0.500000
81 141 0.500000
81 142 0.500000
81 143 0.500000
81 145 0.500000
81 146 0.500000
81 151 0.500000
81 152 0.500000
81 153 0.500000
81 157 0.500000
81 158 0.500000
81 159 0.500000
81 160 0.500000
82 84 0.500000
82 85 0.500000
82 86 0.500000
82 87 0.500000
82 88 0.500000
82 90 0.500000
82 93 0.500000
82 94 0.500000
82 95 0.500000
82 97 0.500000
82 98 0.500000
82 99 0.500000
82 100 0.500000
82 104 0.500000
82 105 0.500000
82 106 0.500000
82 109 0.500000
82 110 0.500000
82 112 0.500000
82 115 0.500000
82 116 0.500000
82 118 0.500000
82 119 0.500000
82 121 0.500000
82 122 0.500000
82 124 0.500000
82 126 0.500000
82 128 0.500000
82 129 0.500000
82 132 0.500000
82 135 0.500000
82 139 0.500000
82 142 0.500000
82 145 0.500000
82 147 0.500000
82 148 0.500000
82 149 0.500000
82 151 0.500000
82 155 0.500000
82 158 0.500000
82 159 0.500000
83 84 0.500000
83 85 0.500000
83 87 0.500000
83 88 0.500000
83 89 0.500000
83 90 0.500000
83 92 0.500000
83 93 0.500000
83 94 0.500000
83 96 0.500000
83 97 0.500000
83 99 0.500000
83 101 0.500000
83 102 0.500000
83 103 0.500000
83 107 0.500000
83 108 0.500000
83 109 0.500000
83 111 0.500000
83 114 0.500000
83 116 0.500000
83 118 0.500000
83 119 0.500000
83 120 0.500000
83 122 0.500000
83 123 0.500000
83 124 0.500000
83 130 0.500000
83 132 0.500000
83 133 0.500000
83 141 0.500000
83 144 0.500000
83 145 0.500000
83 147 0.500000
83 148 0.500000
83 152 0.500000
83 153 0.500000
83 158 0.500000
83 159 0.500000
83 160 0.500000
84 88 0.500000
84 91 0.500000
84 92 0.500000
84 95 0.500000
84 97 0.500000
84 98 0.500000
84 99 0.500000
84 100 0.500000
84 106 0.500000
84 107 0.500000
84 109 0.500000
84 110 0.500000
84 113 0.500000
84 114 0.500000
84 116 0.500000
84 117 0.500000
84 121 0.500000
84 122 0.500000
84 123 0.500000
84 126 0.500000
84 127 0.500000
84 128 0.500000
84 129 0.500000
84 133 0.500000
84 135 0.500000
84 137 0.500000
84 140 0.500000
84 142 0.500000
84 144 0.500000
84 148 0.500000
84 149 0.500000
84 151 0.500000
84 155 0.500000
84 156 0.500000
84 157 0.500000
84 158 0.500000
84 160 0.500000
85 86 0.500000
85 91 0.500000
85 93 0.500000
85 94 0.500000
85 95 0.500000
85 97 0.500000
85 98 0.500000
85 99 0.500000
85 100 0.500000
85 102 0.500000
85 103 0.500000
85 104 0.500000
85 106 0.500000
85 107 0.500000
85 109 0.500000
85 113 0.500000
85 115 0.500000
85 117 0.500000
85 118 0.500000
85 119 0.500000
85 120 0.500000
85 127 0.500000
85 128 0.500000
85 129 0.500000
85 131 0.500000
85 132 0.500000
85 133 0.500000
85 134 0.500000
85 136 0.500000
85 137 0.500000
85 138 0.500000
85 139 0.500000
85 144 0.500000
85 147 0.500000
85 148 0.500000
85 149 0.500000
85 150 0.500000
85 151 0.500000
85 156 0.500000
85 158 0.500000
85 159 0.500000
86 87 0.500000
86 88 0.500000
86 90 0.500000
86 91 0.500000
86 97 0.500000
86 98 0.500000
86 99 0.500000
86 101 0.500000
86 104 0.500000
86 106 0.500000
86 108 0.500000
86 110 0.500000
86 111 0.500000
86 113 0.500000
86 114 0.500000
86 117 0.500000
86 118 0.500000
86 119 0.500000
86 124 0.500000
86 127 0.500000
86 128 0.500000
86 129 0.500000
86 134 0.500000
86 138 0.500000
86 140 0.500000
86 143 0.500000
86 145 0.500000
86 148 0.500000
86 149 0.500000
86 152 0.500000
86 153 0.500000
86 155 0.500000
86 156 0.500000
87 89 0.500000
87 90 0.500000
87 93 0.500000
87 94 0.500000
87 96 0.500000
87 102 0.500000
87 105 0.500000
87 109 0.500000
87 112 0.500000
87 113 0.500000
87 115 0.500000
87 117 0.500000
87 118 0.500000
87 119 0.500000
87 120 0.500000
87 122 0.500000
87 123 0.500000
87 125 0.500000
87 126 0.500000
87 128 0.500000
87 129 0.500000
87 130 0.500000
87 132 0.500000
87 136 0.500000
87 137 0.500000
87 141 0.500000
87 142 0.500000
87 144 0.500000
87 148 0.500000
87 150 0.500000
87 151 0.500000
87 152 0.500000
87 155 0.500000
87 157 0.500000
87 159 0.500000
87 160 0.500000
88 90 0.500000
88 92 0.500000
88 98 0.500000
88 99 0.500000
88 101 0.500000
88 104 0.500000
88 106 0.500000
88 107 0.500000
88 108 0.500000
88 110 0.500000
88 111 0.500000
88 112 0.500000
88 114 0.500000
88 115 0.500000
88 118 0.500000
88 119 0.500000
88 120 0.500000
88 123 0.500000
88 126 0.500000
88 127 0.500000
88 130 0.500000
88 131 0.500000
88 134 0.500000
88 135 0.500000
88 136 0.500000
88 137 0.500000
88 138 0.500000
88 140 0.500000
88 141 0.500000
88 142 0.500000
88 143 0.500000
88 146 0.500000
88 148 0.500000
88 149 0.500000
88 150 0.500000
88 153 0.500000
88 154 0.500000
88 155 0.500000
88 158 0.500000
88 160 0.500000
89 91 0.500000
89 94 0.500000
89 95 0.500000
89 98 0.500000
89 99 0.500000
89 103 0.500000
89 105 0.500000
89 106 0.500000
89 108 0.500000
89 109 0.500000
89 110 0.500000
89 113 0.500000
89 117 0.500000
89 118 0.500000
89 120 0.500000
89 121 0.500000
89 123 0.500000
89 125 0.500000
89 126 0.500000
89 129 0.500000
89 132 0.500000
89 134 0.500000
89 136 0.500000
89 139 0.500000
89 140 0.500000
89 141 0.500000
89 144 0.500000
89 146 0.500000
89 147 0.500000
89 150 0.500000
89 151 0.500000
89 152 0.500000
90 93 0.500000
90 97 0.500000
90 98 0.500000
90 99 0.500000
90 101 0.500000
90 103 0.500000
90 104 0.500000
90 105 0.500000
90 106 0.500000
90 107 0.500000
90 109 0.500000
90 110 0.500000
90 116 0.500000
90 118 0.500000
90 123 0.500000
90 124 0.500000
90 125 0.500000
90 126 0.500000
90 127 0.500000
90 129 0.500000
90 130 0.500000
90 132 0.500000
90 134 0.500000
90 135 0.500000
90 136 0.500000
90 138 0.500000
90 139 0.500000
90 141 0.500000
90 142 0.500000
90 143 0.500000
90 145 0.500000
90 149 0.500000
90 152 0.500000
90 154 0.500000
90 155 0.500000
90 156 0.500000
90 157 0.500000
90 158 0.500000
90 159 0.500000
91 92 0.500000
91 95 0.500000
91 96 0.500000
91 98 0.500000
91 100 0.500000
91 101 0.500000
91 106 0.500000
91 107 0.500000
91 108 0.500000
91 109 0.500000
91 110 0.500000
91 113 0.500000
91 115 0.500000
91 116 0.500000
91 118 0.500000
91 120 0.500000
91 123 0.500000
91 124 0.500000
91 125 0.500000
91 126 0.500000
91 127 0.500000
91 128 0.500000
91 134 0.500000
91 135 0.500000
91 137 0.500000
91 138 0.500000
91 140 0.500000
91 142 0.500000
91 145 0.500000
91 149 0.500000
91 151 0.500000
91 156 0.500000
91 157 0.500000
91 158 0.500000
91 159 0.500000
92 93 0.500000
92 95 0.500000
92 99 0.500000
92 103 0.500000
92 105 0.500000
92 112 0.500000
92 113 0.500000
92 114 0.500000
92 115 0.500000
92 117 0.500000
92 118 0.500000
92 120 0.500000
92 121 0.500000
92 123 0.500000
92 124 0.500000
92 127 0.500000
92 128 0.500000
92 129 0.500000
92 130 0.500000
92 131 0.500000
92 133 0.500000
92 134 0.500000
92 135 0.500000
92 136 0.500000
92 138 0.500000
92 140 0.500000
92 142 0.500000
92 143 0.500000
92 147 0.500000
92 148 0.500000
92 151 0.500000
92 152 0.500000
92 153 0.500000
92 158 0.500000
92 160 0.500000
93 97 0.500000
93 101 0.500000
93 103 0.500000
93 104 0.500000
93 106 0.500000
93 108 0.500000
93 110 0.500000
93 111 0.500000
93 112 0.500000
93 113 0.500000
93 114 0.500000
93 117 0.500000
93 122 0.500000
93 123 0.500000
93 124 0.500000
93 126 0.500000
93 129 0.500000
93 130 0.500000
93 131 0.500000
93 134 0.500000
93 135 0.500000
93 136 0.500000
93 137 0.500000
93 138 0.500000
93 139 0.500000
93 143 0.500000
93 144 0.500000
93 146 0.500000
93 147 0.500000
93 148 0.500000
93 149 0.500000
93 151 0.500000
93 152 0.500000
93 154 0.500000
93 158 0.500000
93 159 0.500000
93 160 0.500000
94 95 0.500000
94 98 0.500000
94 102 0.500000
94 104 0.500000
94 106 0.500000
94 107 0.500000
94 108 0.500000
94 110 0.500000
94 113 0.500000
94 117 0.500000
94 118 0.500000
94 120 0.500000
94 122 0.500000
94 126 0.500000
94 127 0.500000
94 132 0.500000
94 137 0.500000
94 139 0.500000
94 140 0.500000
94 142 0.500000
94 143 0.500000
94 145 0.500000
94 146 0.500000
94 149 0.500000
94 150 0.500000
94 152 0.500000
94 153 0.500000
94 155 0.500000
94 156 0.500000
94 159 0.500000
95 96 0.500000
95 99 0.500000
95 100 0.500000
95 101 0.500000
95 102 0.500000
95 104 0.500000
95 105 0.500000
95 108 0.500000
95 109 0.500000
95 112 0.500000
95 113 0.500000
95 117 0.500000
95 119 0.500000
95 120 0.500000
95 123 0.500000
95 124 0.500000
95 125 0.500000
95 126 0.500000
95 128 0.500000
95 129 0.500000
95 131 0.500000
95 132 0.500000
95 135 0.500000
95 136 0.500000
95 140 0.500000
95 143 0.500000
95 145 0.500000
95 146 0.500000
95 147 0.500000
95 149 0.500000
95 155 0.500000
95 156 0.500000
95 159 0.500000
95 160 0.500000
96 100 0.500000
96 101 0.500000
96 104 0.500000
96 106 0.500000
96 107 0.500000
96 108 0.500000
96 112 0.500000
96 116 0.500000
96 119 0.500000
96 120 0.500000
96 125 0.500000
96 126 0.500000
96 128 0.500000
96 129 0.500000
96 131 0.500000
96 132 0.500000
96 133 0.500000
96 135 0.500000
96 138 0.500000
96 140 0.500000
96 143 0.500000
96 145 0.500000
96 146 0.500000
96 148 0.500000
96 149 0.500000
96 152 0.500000
96 154 0.500000
96 155 0.500000
96 158 0.500000
96 159 0.500000
97 98 0.500000
97 101 0.500000
97 102 0.500000
97 103 0.500000
97 107 0.500000
97 108 0.500000
97 109 0.500000
97 112 0.500000
97 113 0.500000
97 114 0.500000
97 118 0.500000
97 119 0.500000
97 120 0.500000
97 121 0.500000
97 122 0.500000
97 125 0.500000
97 127 0.500000
97 129 0.500000
97 130 0.500000
97 131 0.500000
97 135 0.500000
97 136 0.500000
97 137 0.500000
97 141 0.500000
97 142 0.500000
97 147 0.500000
97 148 0.500000
97 149 0.500000
97 150 0.500000
97 151 0.500000
97 154 0.500000
97 155 0.500000
97 157 0.500000
97 158 0.500000
98 102 0.500000
98 105 0.500000
98 107 0.500000
98 108 0.500000
98 109 0.500000
98 115 0.500000
98 119 0.500000
98 124 0.500000
98 126 0.500000
98 127 0.500000
98 130 0.500000
98 132 0.500000
98 133 0.500000
98 134 0.500000
98 135 0.500000
98 140 0.500000
98 141 0.500000
98 144 0.500000
98 145 0.500000
98 147 0.500000
98 148 0.500000
98 149 0.500000
98 150 0.500000
98 155 0.500000
98 158 0.500000
99 100 0.500000
99 101 0.500000
99 102 0.500000
99 105 0.500000
99 106 0.500000
99 107 0.500000
99 109 0.500000
99 111 0.500000
99 112 0.500000
99 113 0.500000
99 114 0.500000
99 115 0.500000
99 117 0.500000
99 121 0.500000
99 122 0.500000
99 123 0.500000
99 126 0.500000
99 127 0.500000
99 128 0.500000
99 129 0.500000
99 133 0.500000
99 135 0.500000
99 140 0.500000
99 141 0.500000
99 143 0.500000
99 145 0.500000
99 146 0.500000
99 156 0.500000
100 101 0.500000
100 102 0.500000
100 103 0.500000
100 105 0.500000
100 106 0.500000
100 109 0.500000
100 110 0.500000
100 111 0.500000
100 112 0.500000
100 115 0.500000
100 118 0.500000
100 120 0.500000
100 123 0.500000
100 125 0.500000
100 127 0.500000
100 129 0.500000
100 130 0.500000
100 132 0.500000
100 136 0.500000
100 137 0.500000
100 139 0.500000
100 140 0.500000
100 141 0.500000
100 143 0.500000
100 144 0.500000
100 146 0.500000
100 147 0.500000
100 149 0.500000
100 152 0.500000
100 153 0.500000
100 155 0.500000
100 156 0.500000
100 157 0.500000
100 159 0.500000
100 160 0.500000
101 104 0.500000
101 105 0.500000
101 106 0.500000
101 107 0.500000
101 109 0.500000
101 110 0.500000
101 113 0.500000
101 114 0.500000
101 115 0.500000
101 116 0.500000
101 117 0.500000
101 118 0.500000
101 119 0.500000
101 120 0.500000
101 123 0.500000
101 125 0.500000
101 128 0.500000
101 129 0.500000
101 131 0.500000
101 133 0.500000
101 134 0.500000
101 135 0.500000
101 138 0.500000
101 140 0.500000
101 144 0.500000
101 145 0.500000
101 147 0.500000
101 148 0.500000
101 149 0.500000
101 150 0.500000
101 151 0.500000
101 153 0.500000
101 154 0.500000
101 155 0.500000
101 156 0.500000
101 157 0.500000
101 158 0.500000
102 105 0.500000
102 107 0.500000
102 111 0.500000
102 112 0.500000
102 115 0.500000
102 117 0.500000
102 119 0.500000
102 120 0.500000
102 121 0.500000
102 122 0.500000
102 123 0.500000
102 126 0.500000
102 128 0.500000
102 135 0.500000
102 136 0.500000
102 137 0.500000
102 139 0.500000
102 141 0.500000
102 142 0.500000
102 143 0.500000
102 145 0.500000
102 147 0.500000
102 148 0.500000
102 150 0.500000
102 151 0.500000
102 153 0.500000
102 160 0.500000
103 105 0.500000
103 106 0.500000
103 109 0.500000
103 111 0.500000
103 113 0.500000
103 117 0.500000
103 118 0.500000
103 121 0.500000
103 122 0.500000
103 124 0.500000
103 125 0.500000
103 126 0.500000
103 127 0.500000
103 128 0.500000
103 129 0.500000
103 130 0.500000
103 131 0.500000
103 132 0.500000
103 133 0.500000
103 135 0.500000
103 136 0.500000
103 137 0.500000
103 139 0.500000
103 140 0.500000
103 141 0.500000
103 143 0.500000
103 146 0.500000
103 148 0.500000
103 150 0.500000
103 151 0.500000
103 153 0.500000
103 158 0.500000
103 160 0.500000
104 105 0.500000
104 107 0.500000
104 108 0.500000
104 110 0.500000
104 111 0.500000
104 114 0.500000
104 119 0.500000
104 120 0.500000
104 122 0.500000
104 124 0.500000
104 127 0.500000
104 128 0.500000
104 130 0.500000
104 133 0.500000
104 135 0.500000
104 137 0.500000
104 138 0.500000
104 139 0.500000
104 142 0.500000
104 143 0.500000
104 145 0.500000
104 146 0.500000
104 147 0.500000
104 150 0.500000
104 152 0.500000
104 155 0.500000
104 156 0.500000
104 160 0.500000
105 106 0.500000
105 108 0.500000
105 109 0.500000
105 110 0.500000
105 111 0.500000
105 112 0.500000
105 113 0.500000
105 116 0.500000
105 117 0.500000
105 123 0.500000
105 124 0.500000
105 125 0.500000
105 129 0.500000
105 136 0.500000
105 137 0.500000
105 139 0.500000
105 144 0.500000
105 146 0.500000
105 148 0.500000
105 149 0.500000
105 150 0.500000
105 153 0.500000
105 154 0.500000
105 155 0.500000
105 156 0.500000
105 158 0.500000
105 160 0.500000
106 107 0.500000
106 109 0.500000
106 110 0.500000
106 111 0.500000
106 112 0.500000
106 114 0.500000
106 116 0.500000
106 118 0.500000
106 121 0.500000
106 122 0.500000
106 126 0.500000
106 134 0.500000
106 135 0.500000
106 137 0.500000
106 139 0.500000
106 140 0.500000
106 141 0.500000
106 142 0.500000
106 144 0.500000
106 145 0.500000
106 146 0.500000
106 147 0.500000
106 148 0.500000
106 150 0.500000
106 156 0.500000
106 157 0.500000
106 158 0.500000
106 159 0.500000
107 108 0.500000
107 110 0.500000
107 117 0.500000
107 118 0.500000
107 119 0.500000
107 121 0.500000
107 122 0.500000
107 126 0.500000
107 128 0.500000
107 130 0.500000
107 131 0.500000
107 134 0.500000
107 135 0.500000
107 137 0.500000
107 139 0.500000
107 142 0.500000
107 143 0.500000
107 144 0.500000
107 145 0.500000
107 148 0.500000
107 150 0.500000
107 153 0.500000
107 154 0.500000
107 155 0.500000
107 156 0.500000
107 157 0.500000
107 159 0.500000
107 160 0.500000
108 109 0.500000
108 110 0.500000
108 111 0.500000
108 112 0.500000
108 115 0.500000
108 116 0.500000
108 118 0.500000
108 121 0.500000
108 123 0.500000
108 124 0.500000
108 125 0.500000
108 126 0.500000
108 131 0.500000
108 133 0.500000
108 135 0.500000
108 137 0.500000
108 138 0.500000
108 140 0.500000
108 141 0.500000
108 143 0.500000
108 144 0.500000
108 146 0.500000
108 148 0.500000
108 149 0.500000
108 151 0.500000
108 155 0.500000
108 157 0.500000
108 160 0.500000
109 111 0.500000
109 113 0.500000
109 115 0.500000
109 119 0.500000
109 120 0.500000
109 121 0.500000
109 122 0.500000
109 123 0.500000
109 124 0.500000
109 126 0.500000
109 129 0.500000
109 131 0.500000
109 135 0.500000
109 137 0.500000
109 138 0.500000
109 139 0.500000
109 140 0.500000
109 141 0.500000
109 143 0.500000
109 145 0.500000
109 146 0.500000
109 147 0.500000
109 148 0.500000
109 149 0.500000
109 150 0.500000
109 151 0.500000
109 155 0.500000
109 156 0.500000
109 157 0.500000
109 158 0.500000
109 159 0.500000
110 114 0.500000
110 116 0.500000
110 117 0.500000
110 118 0.500000
110 127 0.500000
110 129 0.500000
110 131 0.500000
110 132 0.500000
110 133 0.500000
110 137 0.500000
110 138 0.500000
110 140 0.500000
110 142 0.500000
110 144 0.500000
110 145 0.500000
110 149 0.500000
110 150 0.500000
110 152 0.500000
110 154 0.500000
110 157 0.500000
110 158 0.500000
110 159 0.500000
110 160 0.500000
111 113 0.500000
111 114 0.500000
111 115 0.500000
111 117 0.500000
111 119 0.500000
111 123 0.500000
111 125 0.500000
111 128 0.500000
111 132 0.500000
111 133 0.500000
111 134 0.500000
111 135 0.500000
111 136 0.500000
111 138 0.500000
111 140 0.500000
111 142 0.500000
111 144 0.500000
111 145 0.500000
111 146 0.500000
111 149 0.500000
111 151 0.500000
111 154 0.500000
111 159 0.500000
112 113 0.500000
112 115 0.500000
112 116 0.500000
112 117 0.500000
112 120 0.500000
112 121 0.500000
112 122 0.500000
112 125 0.500000
112 126 0.500000
112 128 0.500000
112 130 0.500000
112 131 0.500000
112 133 0.500000
112 135 0.500000
112 137 0.500000
112 138 0.500000
112 139 0.500000
112 140 0.500000
112 144 0.500000
112 146 0.500000
112 150 0.500000
112 151 0.500000
112 152 0.500000
112 154 0.500000
112 157 0.500000
112 158 0.500000
113 116 0.500000
113 117 0.500000
113 118 0.500000
113 121 0.500000
113 123 0.500000
113 124 0.500000
113 126 0.500000
113 130 0.500000
113 131 0.500000
113 132 0.500000
113 134 0.500000
113 137 0.500000
113 138 0.500000
113 139 0.500000
113 140 0.500000
113 145 0.500000
113 146 0.500000
113 151 0.500000
113 154 0.500000
113 155 0.500000
113 158 0.500000
113 159 0.500000
113 160 0.500000
114 116 0.500000
114 117 0.500000
114 122 0.500000
114 123 0.500000
114 125 0.500000
114 128 0.500000
114 129 0.500000
114 130 0.500000
114 133 0.500000
114 137 0.500000
114 138 0.500000
114 139 0.500000
114 140 0.500000
114 144 0.500000
114 151 0.500000
114 152 0.500000
114 153 0.500000
114 154 0.500000
115 118 0.500000
115 119 0.500000
115 123 0.500000
115 124 0.500000
115 125 0.500000
115 126 0.500000
115 128 0.500000
115 131 0.500000
115 132 0.500000
115 133 0.500000
115 134 0.500000
115 136 0.500000
115 139 0.500000
115 141 0.500000
115 143 0.500000
115 146 0.500000
115 149 0.500000
115 150 0.500000
115 151 0.500000
115 152 0.500000
115 154 0.500000
115 155 0.500000
115 156 0.500000
115 157 0.500000
115 159 0.500000
115 160 0.500000
116 117 0.500000
116 120 0.500000
116 123 0.500000
116 124 0.500000
116 125 0.500000
116 128 0.500000
116 131 0.500000
116 133 0.500000
116 134 0.500000
116 135 0.500000
116 136 0.500000
116 137 0.500000
116 138 0.500000
116 139 0.500000
116 140 0.500000
116 143 0.500000
116 145 0.500000
116 146 0.500000
116 147 0.500000
116 149 0.500000
116 150 0.500000
116 151 0.500000
116 154 0.500000
116 158 0.500000
116 159 0.500000
116 160 0.500000
117 120 0.500000
117 122 0.500000
117 125 0.500000
117 132 0.500000
117 133 0.500000
117 135 0.500000
117 136 0.500000
117 142 0.500000
117 143 0.500000
117 145 0.500000
117 149 0.500000
117 151 0.500000
117 152 0.500000
117 154 0.500000
117 155 0.500000
117 156 0.500000
117 157 0.500000
117 158 0.500000
117 160 0.500000
118 120 0.500000
118 121 0.500000
118 123 0.500000
118 124 0.500000
118 127 0.500000
118 128 0.500000
118 129 0.500000
118 130 0.500000
118 132 0.500000
118 135 0.500000
118 136 0.500000
118 138 0.500000
118 140 0.500000
118 143 0.500000
118 146 0.500000
118 147 0.500000
118 148 0.500000
118 150 0.500000
118 154 0.500000
118 155 0.500000
118 156 0.500000
118 157 0.500000
118 158 0.500000
118 160 0.500000
119 121 0.500000
119 122 0.500000
119 124 0.500000
119 127 0.500000
119 128 0.500000
119 129 0.500000
119 130 0.500000
119 131 0.500000
119 132 0.500000
119 134 0.500000
119 136 0.500000
119 137 0.500000
119 139 0.500000
119 140 0.500000
119 143 0.500000
119 145 0.500000
119 147 0.500000
119 148 0.500000
119 150 0.500000
119 153 0.500000
119 154 0.500000
119 156 0.500000
119 157 0.500000
119 159 0.500000
119 160 0.500000
120 122 0.500000
120 125 0.500000
120 126 0.500000
120 127 0.500000
120 129 0.500000
120 131 0.500000
120 134 0.500000
120 138 0.500000
120 140 0.500000
120 141 0.500000
120 143 0.500000
120 144 0.500000
120 146 0.500000
120 147 0.500000
120 148 0.500000
120 150 0.500000
120 158 0.500000
121 124 0.500000
121 125 0.500000
121 128 0.500000
121 129 0.500000
121 135 0.500000
121 137 0.500000
121 139 0.500000
121 140 0.500000
121 141 0.500000
121 142 0.500000
121 149 0.500000
121 150 0.500000
121 151 0.500000
121 154 0.500000
121 155 0.500000
121 156 0.500000
121 158 0.500000
121 159 0.500000
121 160 0.500000
122 123 0.500000
122 124 0.500000
122 127 0.500000
122 130 0.500000
122 132 0.500000
122 135 0.500000
122 137 0.500000
122 142 0.500000
122 145 0.500000
122 146 0.500000
122 149 0.500000
122 150 0.500000
122 152 0.500000
122 153 0.500000
122 159 0.500000
123 124 0.500000
123 126 0.500000
123 129 0.500000
123 130 0.500000
123 134 0.500000
123 140 0.500000
123 145 0.500000
123 146 0.500000
123 149 0.500000
123 150 0.500000
123 152 0.500000
123 155 0.500000
123 159 0.500000
124 126 0.500000
124 128 0.500000
124 129 0.500000
124 132 0.500000
124 133 0.500000
124 136 0.500000
124 138 0.500000
124 140 0.500000
124 144 0.500000
124 146 0.500000
124 147 0.500000
124 150 0.500000
124 151 0.500000
124 153 0.500000
124 155 0.500000
124 157 0.500000
124 160 0.500000
125 126 0.500000
125 128 0.500000
125 133 0.500000
125 134 0.500000
125 135 0.500000
125 136 0.500000
125 137 0.500000
125 140 0.500000
125 141 0.500000
125 143 0.500000
125 148 0.500000
125 151 0.500000
125 154 0.500000
125 155 0.500000
125 157 0.500000
125 158 0.500000
125 159 0.500000
125 160 0.500000
126 127 0.500000
126 128 0.500000
126 129 0.500000
126 130 0.500000
126 131 0.500000
126 132 0.500000
126 133 0.500000
126 136 0.500000
126 142 0.500000
126 143 0.500000
126 147 0.500000
126 150 0.500000
126 152 0.500000
126 153 0.500000
126 154 0.500000
126 156 0.500000
126 158 0.500000
127 128 0.500000
127 129 0.500000
127 131 0.500000
127 133 0.500000
127 136 0.500000
127 137 0.500000
127 138 0.500000
127 140 0.500000
127 142 0.500000
127 144 0.500000
127 146 0.500000
127 152 0.500000
127 155 0.500000
127 159 0.500000
128 132 0.500000
128 135 0.500000
128 136 0.500000
128 139 0.500000
128 144 0.500000
128 145 0.500000
128 146 0.500000
128 147 0.500000
128 148 0.500000
128 149 0.500000
128 152 0.500000
128 153 0.500000
128 155 0.500000
128 158 0.500000
128 159 0.500000
129 131 0.500000
129 133 0.500000
129 136 0.500000
129 137 0.500000
129 138 0.500000
129 142 0.500000
129 146 0.500000
129 147 0.500000
129 149 0.500000
129 150 0.500000
129 151 0.500000
130 131 0.500000
130 133 0.500000
130 134 0.500000
130 136 0.500000
130 137 0.500000
130 140 0.500000
130 141 0.500000
130 145 0.500000
130 147 0.500000
130 149 0.500000
130 151 0.500000
130 152 0.500000
130 154 0.500000
130 155 0.500000
130 156 0.500000
130 158 0.500000
130 160 0.500000
131 134 0.500000
131 136 0.500000
131 142 0.500000
131 143 0.500000
131 144 0.500000
131 148 0.500000
131 149 0.500000
131 155 0.500000
131 157 0.500000
131 158 0.500000
132 133 0.500000
132 134 0.500000
132 136 0.500000
132 137 0.500000
132 139 0.500000
132 140 0.500000
132 142 0.500000
132 145 0.500000
132 147 0.500000
132 148 0.500000
132 149 0.500000
132 153 0.500000
132 157 0.500000
133 135 0.500000
133 138 0.500000
133 140 0.500000
133 144 0.500000
133 146 0.500000
133 147 0.500000
133 149 0.500000
133 151 0.500000
133 152 0.500000
133 154 0.500000
133 155 0.500000
133 156 0.500000
133 158 0.500000
134 135 0.500000
134 141 0.500000
134 142 0.500000
134 143 0.500000
134 145 0.500000
134 146 0.500000
134 147 0.500000
134 148 0.500000
134 149 0.500000
134 151 0.500000
134 153 0.500000
134 157 0.500000
134 158 0.500000
134 159 0.500000
135 136 0.500000
135 139 0.500000
135 143 0.500000
135 144 0.500000
135 145 0.500000
135 147 0.500000
135 148 0.500000
135 152 0.500000
135 153 0.500000
135 155 0.500000
135 158 0.500000
135 160 0.500000
136 139 0.500000
136 141 0.500000
136 143 0.500000
136 147 0.500000
136 148 0.500000
136 151 0.500000
136 152 0.500000
136 153 0.500000
136 154 0.500000
136 157 0.500000
136 159 0.500000
137 139 0.500000
137 140 0.500000
137 142 0.500000
137 143 0.500000
137 144 0.500000
137 145 0.500000
137 146 0.500000
137 149 0.500000
137 151 0.500000
137 152 0.500000
137 154 0.500000
137 157 0.500000
137 158 0.500000
138 140 0.500000
138 142 0.500000
138 144 0.500000
138 145 0.500000
138 147 0.500000
138 148 0.500000
138 150 0.500000
138 154 0.500000
138 156 0.500000
138 159 0.500000
138 160 0.500000
139 140 0.500000
139 141 0.500000
139 142 0.500000
139 143 0.500000
139 144 0.500000
139 145 0.500000
139 146 0.500000
139 148 0.500000
139 149 0.500000
139 150 0.500000
139 151 0.500000
139 153 0.500000
139 156 0.500000
139 158 0.500000
140 143 0.500000
140 144 0.500000
140 149 0.500000
140 151 0.500000
140 152 0.500000
140 154 0.500000
140 156 0.500000
140 157 0.500000
140 158 0.500000
140 160 0.500000
141 142 0.500000
141 146 0.500000
141 149 0.500000
141 150 0.500000
141 151 0.500000
141 152 0.500000
141 153 0.500000
141 154 0.500000
141 155 0.500000
141 156 0.500000
141 157 0.500000
142 144 0.500000
142 146 0.500000
142 147 0.500000
142 148 0.500000
142 150 0.500000
142 152 0.500000
142 153 0.500000
142 155 0.500000
142 157 0.500000
142 158 0.500000
142 159 0.500000
143 148 0.500000
143 149 0.500000
143 152 0.500000
143 153 0.500000
143 154 0.500000
143 158 0.500000
143 160 0.500000
144 145 0.500000
144 146 0.500000
144 148 0.500000
144 149 0.500000
144 150 0.500000
144 152 0.500000
144 153 0.500000
144 154 0.500000
144 156 0.500000
144 157 0.500000
144 158 0.500000
144 159 0.500000
144 160 0.500000
145 146 0.500000
145 147 0.500000
145 148 0.500000
145 152 0.500000
145 154 0.500000
145 156 0.500000
145 157 0.500000
145 158 0.500000
145 159 0.500000
146 150 0.500000
146 154 0.500000
146 155 0.500000
146 157 0.500000
146 158 0.500000
146 160 0.500000
147 148 0.500000
147 149 0.500000
147 151 0.500000
147 152 0.500000
147 153 0.500000
147 154 0.500000
147 158 0.500000
147 159 0.500000
148 150 0.500000
148 151 0.500000
148 152 0.500000
148 153 0.500000
148 154 0.500000
148 156 0.500000
148 158 0.500000
149 150 0.500000
149 151 0.500000
149 153 0.500000
149 154 0.500000
149 156 0.500000
149 158 0.500000
149 160 0.500000
150 153 0.500000
150 154 0.500000
150 158 0.500000
150 159 0.500000
150 160 0.500000
151 152 0.500000
151 153 0.500000
151 157 0.500000
151 158 0.500000
151 160 0.500000
152 154 0.500000
153 154 0.500000
153 157 0.500000
153 158 0.500000
153 159 0.500000
153 160 0.500000
154 156 0.500000
154 157 0.500000
154 159 0.500000
155 156 0.500000
155 157 0.500000
155 159 0.500000
156 158 0.500000
156 159 0.500000
156 160 0.500000
157 158 0.500000
157 159 0.500000
158 159 0.500000
159 160 0.500000
