160 80 6360
1 5 0.500000
1 7 0.500000
1 8 0.500000
1 9 0.500000
1 10 0.500000
1 11 0.500000
1 13 0.500000
1 15 0.500000
1 17 0.500000
1 18 0.500000
1 19 0.500000
1 22 0.500000
1 23 0.500000
1 25 0.500000
1 26 0.500000
1 27 0.500000
1 29 0.500000
1 31 0.500000
1 32 0.500000
1 33 0.500000
1 35 0.500000
1 36 0.500000
1 38 0.500000
1 41 0.500000
1 50 0.500000
1 51 0.500000
1 55 0.500000
1 60 0.500000
1 61 0.500000
1 66 0.500000
1 69 0.500000
1 70 0.500000
1 71 0.500000
1 72 0.500000
1 73 0.500000
1 74 0.500000
1 75 0.500000
1 76 0.500000
1 78 0.500000
1 80 0.500000
1 82 0.500000
1 83 0.500000
1 84 0.500000
1 88 0.500000
1 89 0.500000
1 96 0.500000
1 98 0.500000
1 99 0.500000
1 100 0.500000
1 101 0.500000
1 103 0.500000
1 104 0.500000
1 105 0.500000
1 106 0.500000
1 108 0.500000
1 109 0.500000
1 110 0.500000
1 112 0.500000
1 113 0.500000
1 114 0.500000
1 116 0.500000
1 117 0.500000
1 118 0.500000
1 121 0.500000
1 123 0.500000
1 125 0.500000
1 126 0.500000
1 127 0.500000
1 133 0.500000
1 134 0.500000
1 137 0.500000
1 138 0.500000
1 141 0.500000
1 144 0.500000
1 145 0.500000
1 149 0.500000
1 151 0.500000
1 153 0.500000
1 155 0.500000
1 156 0.500000
1 157 0.500000
1 158 0.500000
1 160 0.500000
2 4 0.500000
2 9 0.500000
2 13 0.500000
2 14 0.500000
2 18 0.500000
2 21 0.500000
2 22 0.500000
2 25 0.500000
2 26 0.500000
2 28 0.500000
2 30 0.500000
2 35 0.500000
2 38 0.500000
2 40 0.500000
2 42 0.500000
2 43 0.500000
2 44 0.500000
2 47 0.500000
2 48 0.500000
2 49 0.500000
2 50 0.500000
2 51 0.500000
2 52 0.500000
2 53 0.500000
2 54 0.500000
2 55 0.500000
2 56 0.500000
2 59 0.500000
2 63 0.500000
2 64 0.500000
2 65 0.500000
2 68 0.500000
2 72 0.500000
2 75 0.500000
2 77 0.500000
2 79 0.500000
2 83 0.500000
2 84 0.500000
2 85 0.500000
2 88 0.500000
2 91 0.500000
2 92 0.500000
2 95 0.500000
2 96 0.500000
2 97 0.500000
2 100 0.500000
2 101 0.500000
2 102 0.500000
2 104 0.500000
2 106 0.500000
2 107 0.500000
2 112 0.500000
2 113 0.500000
2 116 0.500000
2 117 0.500000
2 119 0.500000
2 120 0.500000
2 125 0.500000
2 127 0.500000
2 128 0.500000
2 130 0.500000
2 131 0.500000
2 132 0.500000
2 133 0.500000
2 134 0.500000
2 138 0.500000
2 139 0.500000
2 145 0.500000
2 148 0.500000
2 149 0.500000
2 151 0.500000
2 152 0.500000
2 153 0.500000
2 156 0.500000
2 157 0.500000
3 5 0.500000
3 9 0.500000
3 10 0.500000
3 11 0.500000
3 12 0.500000
3 16 0.500000
3 18 0.500000
3 22 0.500000
3 23 0.500000
3 24 0.500000
3 25 0.500000
3 26 0.500000
3 27 0.500000
3 28 0.500000
3 35 0.500000
3 38 0.500000
3 39 0.500000
3 46 0.500000
3 47 0.500000
3 49 0.500000
3 50 0.500000
3 51 0.500000
3 52 0.500000
3 55 0.500000
3 56 0.500000
3 57 0.500000
3 61 0.500000
3 63 0.500000
3 64 0.500000
3 65 0.500000
3 66 0.500000
3 67 0.500000
3 68 0.500000
3 70 0.500000
3 72 0.500000
3 73 0.500000
3 74 0.500000
3 75 0.500000
3 76 0.500000
3 77 0.500000
3 78 0.500000
3 80 0.500000
3 81 0.500000
3 82 0.500000
3 83 0.500000
3 86 0.500000
3 91 0.500000
3 92 0.500000
3 93 0.500000
3 94 0.500000
3 95 0.500000
3 96 0.500000
3 98 0.500000
3 100 0.500000
3 101 0.500000
3 104 0.500000
3 107 0.500000
3 108 0.500000
3 110 0.500000
3 114 0.500000
3 115 0.500000
3 116 0.500000
3 118 0.500000
3 120 0.500000
3 123 0.500000
3 125 0.500000
3 129 0.500000
3 130 0.500000
3 131 0.500000
3 132 0.500000
3 133 0.500000
3 135 0.500000
3 136 0.500000
3 137 0.500000
3 138 0.500000
3 141 0.500000
3 142 0.500000
3 143 0.500000
3 145 0.500000
3 146 0.500000
3 147 0.500000
3 148 0.500000
3 149 0.500000
3 150 0.500000
3 151 0.500000
3 155 0.500000
3 156 0.500000
3 158 0.500000
4 7 0.500000
4 8 0.500000
4 9 0.500000
4 12 0.500000
4 14 0.500000
4 16 0.500000
4 19 0.500000
4 21 0.500000
4 23 0.500000
4 26 0.500000
4 30 0.500000
4 31 0.500000
4 32 0.500000
4 34 0.500000
4 38 0.500000
4 49 0.500000
4 51 0.500000
4 53 0.500000
4 54 0.500000
4 55 0.500000
4 56 0.500000
4 57 0.500000
4 58 0.500000
4 62 0.500000
4 64 0.500000
4 65 0.500000
4 68 0.500000
4 71 0.500000
4 74 0.500000
4 75 0.500000
4 76 0.500000
4 82 0.500000
4 84 0.500000
4 86 0.500000
4 88 0.500000
4 90 0.500000
4 91 0.500000
4 92 0.500000
4 93 0.500000
4 98 0.500000
4 106 0.500000
4 107 0.500000
4 111 0.500000
4 112 0.500000
4 113 0.500000
4 117 0.500000
4 118 0.500000
4 119 0.500000
4 120 0.500000
4 121 0.500000
4 123 0.500000
4 132 0.500000
4 134 0.500000
4 136 0.500000
4 138 0.500000
4 142 0.500000
4 144 0.500000
4 145 0.500000
4 146 0.500000
4 147 0.500000
4 148 0.500000
4 149 0.500000
4 150 0.500000
4 151 0.500000
4 152 0.500000
4 154 0.500000
4 155 0.500000
4 157 0.500000
4 158 0.500000
4 159 0.500000
4 160 0.500000
5 11 0.500000
5 13 0.500000
5 15 0.500000
5 17 0.500000
5 18 0.500000
5 20 0.500000
5 21 0.500000
5 22 0.500000
5 23 0.500000
5 24 0.500000
5 25 0.500000
5 29 0.500000
5 30 0.500000
5 32 0.500000
5 33 0.500000
5 37 0.500000
5 38 0.500000
5 45 0.500000
5 47 0.500000
5 50 0.500000
5 55 0.500000
5 56 0.500000
5 58 0.500000
5 60 0.500000
5 61 0.500000
5 63 0.500000
5 69 0.500000
5 70 0.500000
5 71 0.500000
5 73 0.500000
5 76 0.500000
5 78 0.500000
5 80 0.500000
5 82 0.500000
5 87 0.500000
5 88 0.500000
5 89 0.500000
5 96 0.500000
5 101 0.500000
5 104 0.500000
5 105 0.500000
5 106 0.500000
5 107 0.500000
5 109 0.500000
5 111 0.500000
5 113 0.500000
5 114 0.500000
5 116 0.500000
5 117 0.500000
5 119 0.500000
5 120 0.500000
5 121 0.500000
5 122 0.500000
5 131 0.500000
5 133 0.500000
5 135 0.500000
5 138 0.500000
5 141 0.500000
5 142 0.500000
5 144 0.500000
5 148 0.500000
5 151 0.500000
5 153 0.500000
5 154 0.500000
5 155 0.500000
5 156 0.500000
5 157 0.500000
5 160 0.500000
6 8 0.500000
6 9 0.500000
6 10 0.500000
6 13 0.500000
6 14 0.500000
6 19 0.500000
6 20 0.500000
6 22 0.500000
6 24 0.500000
6 25 0.500000
6 27 0.500000
6 29 0.500000
6 31 0.500000
6 32 0.500000
6 33 0.500000
6 35 0.500000
6 36 0.500000
6 37 0.500000
6 38 0.500000
6 42 0.500000
6 43 0.500000
6 44 0.500000
6 45 0.500000
6 49 0.500000
6 56 0.500000
6 58 0.500000
6 59 0.500000
6 60 0.500000
6 61 0.500000
6 63 0.500000
6 65 0.500000
6 66 0.500000
6 69 0.500000
6 72 0.500000
6 74 0.500000
6 76 0.500000
6 77 0.500000
6 79 0.500000
6 81 0.500000
6 86 0.500000
6 92 0.500000
6 97 0.500000
6 98 0.500000
6 100 0.500000
6 105 0.500000
6 108 0.500000
6 110 0.500000
6 114 0.500000
6 117 0.500000
6 119 0.500000
6 120 0.500000
6 121 0.500000
6 123 0.500000
6 124 0.500000
6 126 0.500000
6 128 0.500000
6 129 0.500000
6 131 0.500000
6 132 0.500000
6 134 0.500000
6 135 0.500000
6 141 0.500000
6 145 0.500000
6 146 0.500000
6 148 0.500000
6 150 0.500000
6 152 0.500000
6 156 0.500000
6 157 0.500000
6 158 0.500000
6 159 0.500000
7 9 0.500000
7 10 0.500000
7 11 0.500000
7 14 0.500000
7 15 0.500000
7 17 0.500000
7 20 0.500000
7 21 0.500000
7 22 0.500000
7 23 0.500000
7 25 0.500000
7 28 0.500000
7 30 0.500000
7 32 0.500000
7 33 0.500000
7 36 0.500000
7 39 0.500000
7 42 0.500000
7 43 0.500000
7 46 0.500000
7 47 0.500000
7 54 0.500000
7 57 0.500000
7 58 0.500000
7 60 0.500000
7 61 0.500000
7 63 0.500000
7 67 0.500000
7 68 0.500000
7 71 0.500000
7 73 0.500000
7 76 0.500000
7 77 0.500000
7 80 0.500000
7 81 0.500000
7 82 0.500000
7 85 0.500000
7 86 0.500000
7 89 0.500000
7 90 0.500000
7 94 0.500000
7 95 0.500000
7 99 0.500000
7 100 0.500000
7 104 0.500000
7 107 0.500000
7 115 0.500000
7 116 0.500000
7 118 0.500000
7 120 0.500000
7 121 0.500000
7 123 0.500000
7 133 0.500000
7 134 0.500000
7 135 0.500000
7 136 0.500000
7 138 0.500000
7 139 0.500000
7 142 0.500000
7 143 0.500000
7 147 0.500000
7 150 0.500000
7 154 0.500000
7 156 0.500000
7 158 0.500000
7 159 0.500000
7 160 0.500000
8 9 0.500000
8 10 0.500000
8 14 0.500000
8 16 0.500000
8 18 0.500000
8 20 0.500000
8 21 0.500000
8 22 0.500000
8 26 0.500000
8 28 0.500000
8 29 0.500000
8 30 0.500000
8 33 0.500000
8 34 0.500000
8 38 0.500000
8 40 0.500000
8 41 0.500000
8 44 0.500000
8 50 0.500000
8 51 0.500000
8 52 0.500000
8 53 0.500000
8 54 0.500000
8 55 0.500000
8 59 0.500000
8 60 0.500000
8 61 0.500000
8 66 0.500000
8 67 0.500000
8 68 0.500000
8 70 0.500000
8 72 0.500000
8 73 0.500000
8 77 0.500000
8 78 0.500000
8 79 0.500000
8 80 0.500000
8 85 0.500000
8 89 0.500000
8 92 0.500000
8 93 0.500000
8 95 0.500000
8 96 0.500000
8 97 0.500000
8 99 0.500000
8 101 0.500000
8 104 0.500000
8 105 0.500000
8 107 0.500000
8 108 0.500000
8 109 0.500000
8 112 0.500000
8 113 0.500000
8 116 0.500000
8 117 0.500000
8 119 0.500000
8 120 0.500000
8 121 0.500000
8 122 0.500000
8 130 0.500000
8 135 0.500000
8 141 0.500000
8 142 0.500000
8 143 0.500000
8 144 0.500000
8 145 0.500000
8 147 0.500000
8 150 0.500000
8 151 0.500000
8 152 0.500000
8 153 0.500000
8 158 0.500000
8 159 0.500000
8 160 0.500000
9 10 0.500000
9 12 0.500000
9 13 0.500000
9 15 0.500000
9 16 0.500000
9 17 0.500000
9 18 0.500000
9 19 0.500000
9 22 0.500000
9 27 0.500000
9 28 0.500000
9 29 0.500000
9 30 0.500000
9 31 0.500000
9 32 0.500000
9 33 0.500000
9 35 0.500000
9 37 0.500000
9 39 0.500000
9 40 0.500000
9 43 0.500000
9 48 0.500000
9 49 0.500000
9 52 0.500000
9 58 0.500000
9 59 0.500000
9 61 0.500000
9 63 0.500000
9 64 0.500000
9 67 0.500000
9 69 0.500000
9 70 0.500000
9 71 0.500000
9 72 0.500000
9 73 0.500000
9 74 0.500000
9 75 0.500000
9 76 0.500000
9 77 0.500000
9 80 0.500000
9 81 0.500000
9 86 0.500000
9 87 0.500000
9 92 0.500000
9 94 0.500000
9 96 0.500000
9 97 0.500000
9 99 0.500000
9 107 0.500000
9 108 0.500000
9 109 0.500000
9 110 0.500000
9 113 0.500000
9 114 0.500000
9 115 0.500000
9 119 0.500000
9 121 0.500000
9 122 0.500000
9 123 0.500000
9 126 0.500000
9 127 0.500000
9 129 0.500000
9 130 0.500000
9 133 0.500000
9 134 0.500000
9 135 0.500000
9 137 0.500000
9 138 0.500000
9 139 0.500000
9 143 0.500000
9 146 0.500000
9 147 0.500000
9 151 0.500000
9 152 0.500000
9 153 0.500000
9 154 0.500000
9 158 0.500000
9 159 0.500000
9 160 0.500000
10 11 0.500000
10 12 0.500000
10 13 0.500000
10 16 0.500000
10 20 0.500000
10 21 0.500000
10 22 0.500000
10 23 0.500000
10 24 0.500000
10 25 0.500000
10 26 0.500000
10 28 0.500000
10 29 0.500000
10 30 0.500000
10 31 0.500000
10 36 0.500000
10 39 0.500000
10 40 0.500000
10 41 0.500000
10 43 0.500000
10 44 0.500000
10 46 0.500000
10 48 0.500000
10 51 0.500000
10 54 0.500000
10 57 0.500000
10 58 0.500000
10 61 0.500000
10 62 0.500000
10 66 0.500000
10 71 0.500000
10 72 0.500000
10 74 0.500000
10 76 0.500000
10 77 0.500000
10 80 0.500000
10 82 0.500000
10 84 0.500000
10 85 0.500000
10 86 0.500000
10 88 0.500000
10 90 0.500000
10 92 0.500000
10 94 0.500000
10 96 0.500000
10 98 0.500000
10 103 0.500000
10 104 0.500000
10 107 0.500000
10 108 0.500000
10 110 0.500000
10 112 0.500000
10 113 0.500000
10 116 0.500000
10 119 0.500000
10 126 0.500000
10 129 0.500000
10 130 0.500000
10 132 0.500000
10 135 0.500000
10 136 0.500000
10 137 0.500000
10 138 0.500000
10 139 0.500000
10 140 0.500000
10 141 0.500000
10 143 0.500000
10 149 0.500000
10 150 0.500000
10 151 0.500000
10 152 0.500000
10 155 0.500000
10 156 0.500000
10 160 0.500000
11 14 0.500000
11 17 0.500000
11 18 0.500000
11 19 0.500000
11 20 0.500000
11 21 0.500000
11 22 0.500000
11 23 0.500000
11 25 0.500000
11 27 0.500000
11 29 0.500000
11 32 0.500000
11 35 0.500000
11 39 0.500000
11 45 0.500000
11 49 0.500000
11 50 0.500000
11 52 0.500000
11 53 0.500000
11 54 0.500000
11 55 0.500000
11 56 0.500000
11 57 0.500000
11 59 0.500000
11 61 0.500000
11 63 0.500000
11 64 0.500000
11 65 0.500000
11 66 0.500000
11 67 0.500000
11 69 0.500000
11 70 0.500000
11 71 0.500000
11 72 0.500000
11 74 0.500000
11 79 0.500000
11 80 0.500000
11 81 0.500000
11 83 0.500000
11 85 0.500000
11 86 0.500000
11 89 0.500000
11 90 0.500000
11 91 0.500000
11 94 0.500000
11 97 0.500000
11 98 0.500000
11 99 0.500000
11 100 0.500000
11 104 0.500000
11 107 0.500000
11 110 0.500000
11 112 0.500000
11 113 0.500000
11 114 0.500000
11 115 0.500000
11 116 0.500000
11 117 0.500000
11 120 0.500000
11 121 0.500000
11 123 0.500000
11 124 0.500000
11 126 0.500000
11 127 0.500000
11 131 0.500000
11 132 0.500000
11 134 0.500000
11 135 0.500000
11 139 0.500000
11 140 0.500000
11 141 0.500000
11 142 0.500000
11 143 0.500000
11 146 0.500000
11 147 0.500000
11 150 0.500000
11 152 0.500000
11 156 0.500000
11 158 0.500000
11 159 0.500000
11 160 0.500000
12 14 0.500000
12 15 0.500000
12 20 0.500000
12 23 0.500000
12 24 0.500000
12 27 0.500000
12 30 0.500000
12 31 0.500000
12 33 0.500000
12 36 0.500000
12 40 0.500000
12 42 0.500000
12 43 0.500000
12 51 0.500000
12 52 0.500000
12 53 0.500000
12 55 0.500000
12 56 0.500000
12 59 0.500000
12 61 0.500000
12 62 0.500000
12 67 0.500000
12 68 0.500000
12 70 0.500000
12 71 0.500000
12 72 0.500000
12 74 0.500000
12 76 0.500000
12 80 0.500000
12 85 0.500000
12 86 0.500000
12 87 0.500000
12 88 0.500000
12 89 0.500000
12 91 0.500000
12 93 0.500000
12 94 0.500000
12 95 0.500000
12 97 0.500000
12 98 0.500000
12 99 0.500000
12 100 0.500000
12 101 0.500000
12 103 0.500000
12 104 0.500000
12 105 0.500000
12 106 0.500000
12 109 0.500000
12 110 0.500000
12 111 0.500000
12 112 0.500000
12 113 0.500000
12 117 0.500000
12 118 0.500000
12 119 0.500000
12 121 0.500000
12 122 0.500000
12 125 0.500000
12 128 0.500000
12 129 0.500000
12 131 0.500000
12 132 0.500000
12 135 0.500000
12 137 0.500000
12 138 0.500000
12 140 0.500000
12 142 0.500000
12 145 0.500000
12 147 0.500000
12 148 0.500000
12 151 0.500000
12 152 0.500000
12 154 0.500000
12 155 0.500000
12 156 0.500000
12 157 0.500000
12 160 0.500000
13 15 0.500000
13 16 0.500000
13 18 0.500000
13 19 0.500000
13 21 0.500000
13 27 0.500000
13 28 0.500000
13 30 0.500000
13 36 0.500000
13 37 0.500000
13 38 0.500000
13 40 0.500000
13 41 0.500000
13 48 0.500000
13 49 0.500000
13 54 0.500000
13 56 0.500000
13 59 0.500000
13 66 0.500000
13 70 0.500000
13 71 0.500000
13 75 0.500000
13 76 0.500000
13 77 0.500000
13 80 0.500000
13 84 0.500000
13 87 0.500000
13 89 0.500000
13 90 0.500000
13 92 0.500000
13 94 0.500000
13 96 0.500000
13 99 0.500000
13 100 0.500000
13 101 0.500000
13 102 0.500000
13 104 0.500000
13 105 0.500000
13 106 0.500000
13 108 0.500000
13 110 0.500000
13 111 0.500000
13 113 0.500000
13 116 0.500000
13 118 0.500000
13 120 0.500000
13 121 0.500000
13 122 0.500000
13 123 0.500000
13 124 0.500000
13 125 0.500000
13 126 0.500000
13 131 0.500000
13 132 0.500000
13 135 0.500000
13 137 0.500000
13 138 0.500000
13 139 0.500000
13 142 0.500000
13 144 0.500000
13 148 0.500000
13 149 0.500000
13 150 0.500000
13 151 0.500000
13 153 0.500000
13 154 0.500000
13 156 0.500000
13 158 0.500000
13 159 0.500000
13 160 0.500000
14 15 0.500000
14 16 0.500000
14 17 0.500000
14 20 0.500000
14 22 0.500000
14 25 0.500000
14 27 0.500000
14 32 0.500000
14 34 0.500000
14 44 0.500000
14 45 0.500000
14 46 0.500000
14 48 0.500000
14 49 0.500000
14 50 0.500000
14 52 0.500000
14 57 0.500000
14 58 0.500000
14 60 0.500000
14 61 0.500000
14 62 0.500000
14 63 0.500000
14 64 0.500000
14 65 0.500000
14 67 0.500000
14 69 0.500000
14 70 0.500000
14 73 0.500000
14 74 0.500000
14 78 0.500000
14 79 0.500000
14 80 0.500000
14 85 0.500000
14 91 0.500000
14 93 0.500000
14 94 0.500000
14 95 0.500000
14 97 0.500000
14 98 0.500000
14 99 0.500000
14 101 0.500000
14 102 0.500000
14 103 0.500000
14 104 0.500000
14 106 0.500000
14 108 0.500000
14 109 0.500000
14 110 0.500000
14 111 0.500000
14 113 0.500000
14 116 0.500000
14 118 0.500000
14 120 0.500000
14 122 0.500000
14 123 0.500000
14 126 0.500000
14 127 0.500000
14 129 0.500000
14 130 0.500000
14 131 0.500000
14 132 0.500000
14 133 0.500000
14 137 0.500000
14 142 0.500000
14 143 0.500000
14 145 0.500000
14 148 0.500000
14 149 0.500000
14 154 0.500000
14 155 0.500000
14 157 0.500000
14 158 0.500000
14 160 0.500000
15 16 0.500000
15 17 0.500000
15 18 0.500000
15 19 0.500000
15 20 0.500000
15 23 0.500000
15 24 0.500000
15 30 0.500000
15 32 0.500000
15 34 0.500000
15 39 0.500000
15 40 0.500000
15 41 0.500000
15 43 0.500000
15 44 0.500000
15 48 0.500000
15 49 0.500000
15 50 0.500000
15 52 0.500000
15 56 0.500000
15 57 0.500000
15 58 0.500000
15 59 0.500000
15 60 0.500000
15 62 0.500000
15 63 0.500000
15 64 0.500000
15 66 0.500000
15 67 0.500000
15 69 0.500000
15 71 0.500000
15 72 0.500000
15 73 0.500000
15 75 0.500000
15 78 0.500000
15 80 0.500000
15 86 0.500000
15 87 0.500000
15 94 0.500000
15 99 0.500000
15 100 0.500000
15 101 0.500000
15 102 0.500000
15 103 0.500000
15 104 0.500000
15 105 0.500000
15 107 0.500000
15 109 0.500000
15 110 0.500000
15 111 0.500000
15 113 0.500000
15 114 0.500000
15 116 0.500000
15 119 0.500000
15 122 0.500000
15 125 0.500000
15 126 0.500000
15 127 0.500000
15 131 0.500000
15 132 0.500000
15 133 0.500000
15 134 0.500000
15 138 0.500000
15 139 0.500000
15 141 0.500000
15 143 0.500000
15 148 0.500000
15 149 0.500000
15 152 0.500000
15 153 0.500000
15 154 0.500000
15 156 0.500000
15 157 0.500000
15 158 0.500000
15 159 0.500000
16 19 0.500000
16 20 0.500000
16 21 0.500000
16 22 0.500000
16 23 0.500000
16 24 0.500000
16 25 0.500000
16 28 0.500000
16 29 0.500000
16 30 0.500000
16 31 0.500000
16 32 0.500000
16 34 0.500000
16 37 0.500000
16 39 0.500000
16 40 0.500000
16 41 0.500000
16 42 0.500000
16 43 0.500000
16 45 0.500000
16 46 0.500000
16 48 0.500000
16 51 0.500000
16 54 0.500000
16 55 0.500000
16 57 0.500000
16 63 0.500000
16 64 0.500000
16 65 0.500000
16 68 0.500000
16 70 0.500000
16 72 0.500000
16 73 0.500000
16 75 0.500000
16 76 0.500000
16 78 0.500000
16 81 0.500000
16 82 0.500000
16 83 0.500000
16 85 0.500000
16 86 0.500000
16 88 0.500000
16 93 0.500000
16 97 0.500000
16 100 0.500000
16 101 0.500000
16 102 0.500000
16 103 0.500000
16 105 0.500000
16 106 0.500000
16 108 0.500000
16 111 0.500000
16 113 0.500000
16 114 0.500000
16 115 0.500000
16 118 0.500000
16 119 0.500000
16 121 0.500000
16 122 0.500000
16 124 0.500000
16 128 0.500000
16 134 0.500000
16 136 0.500000
16 140 0.500000
16 142 0.500000
16 146 0.500000
16 152 0.500000
16 154 0.500000
16 155 0.500000
16 158 0.500000
16 159 0.500000
17 18 0.500000
17 19 0.500000
17 20 0.500000
17 24 0.500000
17 26 0.500000
17 27 0.500000
17 29 0.500000
17 30 0.500000
17 31 0.500000
17 37 0.500000
17 39 0.500000
17 40 0.500000
17 42 0.500000
17 43 0.500000
17 44 0.500000
17 45 0.500000
17 47 0.500000
17 48 0.500000
17 49 0.500000
17 50 0.500000
17 51 0.500000
17 52 0.500000
17 53 0.500000
17 54 0.500000
17 55 0.500000
17 56 0.500000
17 62 0.500000
17 63 0.500000
17 64 0.500000
17 65 0.500000
17 66 0.500000
17 69 0.500000
17 70 0.500000
17 71 0.500000
17 72 0.500000
17 73 0.500000
17 74 0.500000
17 80 0.500000
17 81 0.500000
17 82 0.500000
17 83 0.500000
17 84 0.500000
17 87 0.500000
17 91 0.500000
17 92 0.500000
17 94 0.500000
17 95 0.500000
17 97 0.500000
17 98 0.500000
17 99 0.500000
17 100 0.500000
17 101 0.500000
17 102 0.500000
17 109 0.500000
17 111 0.500000
17 112 0.500000
17 115 0.500000
17 116 0.500000
17 117 0.500000
17 118 0.500000
17 119 0.500000
17 120 0.500000
17 122 0.500000
17 124 0.500000
17 125 0.500000
17 126 0.500000
17 127 0.500000
17 128 0.500000
17 131 0.500000
17 134 0.500000
17 135 0.500000
17 136 0.500000
17 137 0.500000
17 141 0.500000
17 143 0.500000
17 144 0.500000
17 146 0.500000
17 147 0.500000
17 148 0.500000
17 151 0.500000
17 152 0.500000
17 153 0.500000
17 154 0.500000
17 156 0.500000
17 159 0.500000
17 160 0.500000
18 19 0.500000
18 20 0.500000
18 21 0.500000
18 25 0.500000
18 29 0.500000
18 30 0.500000
18 31 0.500000
18 33 0.500000
18 34 0.500000
18 35 0.500000
18 36 0.500000
18 40 0.500000
18 42 0.500000
18 44 0.500000
18 45 0.500000
18 46 0.500000
18 47 0.500000
18 54 0.500000
18 55 0.500000
18 57 0.500000
18 58 0.500000
18 62 0.500000
18 65 0.500000
18 66 0.500000
18 68 0.500000
18 72 0.500000
18 73 0.500000
18 75 0.500000
18 76 0.500000
18 85 0.500000
18 88 0.500000
18 89 0.500000
18 91 0.500000
18 92 0.500000
18 93 0.500000
18 97 0.500000
18 101 0.500000
18 102 0.500000
18 105 0.500000
18 106 0.500000
18 107 0.500000
18 109 0.500000
18 110 0.500000
18 112 0.500000
18 114 0.500000
18 115 0.500000
18 118 0.500000
18 120 0.500000
18 121 0.500000
18 122 0.500000
18 123 0.500000
18 126 0.500000
18 127 0.500000
18 128 0.500000
18 129 0.500000
18 130 0.500000
18 131 0.500000
18 132 0.500000
18 136 0.500000
18 137 0.500000
18 138 0.500000
18 140 0.500000
18 142 0.500000
18 143 0.500000
18 144 0.500000
18 148 0.500000
18 151 0.500000
18 153 0.500000
18 154 0.500000
18 157 0.500000
19 20 0.500000
19 22 0.500000
19 23 0.500000
19 25 0.500000
19 27 0.500000
19 28 0.500000
19 30 0.500000
19 31 0.500000
19 32 0.500000
19 34 0.500000
19 35 0.500000
19 36 0.500000
19 37 0.500000
19 39 0.500000
19 40 0.500000
19 42 0.500000
19 44 0.500000
19 45 0.500000
19 46 0.500000
19 47 0.500000
19 50 0.500000
19 51 0.500000
19 52 0.500000
19 56 0.500000
19 57 0.500000
19 59 0.500000
19 61 0.500000
19 62 0.500000
19 63 0.500000
19 64 0.500000
19 65 0.500000
19 67 0.500000
19 68 0.500000
19 69 0.500000
19 70 0.500000
19 72 0.500000
19 73 0.500000
19 74 0.500000
19 76 0.500000
19 78 0.500000
19 79 0.500000
19 80 0.500000
19 82 0.500000
19 83 0.500000
19 90 0.500000
19 91 0.500000
19 92 0.500000
19 96 0.500000
19 98 0.500000
19 104 0.500000
19 105 0.500000
19 106 0.500000
19 107 0.500000
19 109 0.500000
19 110 0.500000
19 111 0.500000
19 112 0.500000
19 115 0.500000
19 119 0.500000
19 122 0.500000
19 123 0.500000
19 125 0.500000
19 126 0.500000
19 128 0.500000
19 129 0.500000
19 135 0.500000
19 138 0.500000
19 139 0.500000
19 141 0.500000
19 142 0.500000
19 143 0.500000
19 144 0.500000
19 145 0.500000
19 146 0.500000
19 151 0.500000
19 152 0.500000
19 153 0.500000
19 154 0.500000
19 156 0.500000
19 157 0.500000
19 158 0.500000
19 160 0.500000
20 21 0.500000
20 24 0.500000
20 25 0.500000
20 29 0.500000
20 30 0.500000
20 33 0.500000
20 35 0.500000
20 36 0.500000
20 38 0.500000
20 39 0.500000
20 40 0.500000
20 43 0.500000
20 44 0.500000
20 45 0.500000
20 46 0.500000
20 47 0.500000
20 49 0.500000
20 50 0.500000
20 53 0.500000
20 54 0.500000
20 55 0.500000
20 56 0.500000
20 57 0.500000
20 60 0.500000
20 61 0.500000
20 63 0.500000
20 64 0.500000
20 68 0.500000
20 69 0.500000
20 72 0.500000
20 73 0.500000
20 74 0.500000
20 77 0.500000
20 79 0.500000
20 80 0.500000
20 83 0.500000
20 86 0.500000
20 87 0.500000
20 90 0.500000
20 92 0.500000
20 95 0.500000
20 96 0.500000
20 100 0.500000
20 103 0.500000
20 105 0.500000
20 106 0.500000
20 108 0.500000
20 109 0.500000
20 110 0.500000
20 111 0.500000
20 112 0.500000
20 115 0.500000
20 116 0.500000
20 119 0.500000
20 121 0.500000
20 123 0.500000
20 124 0.500000
20 129 0.500000
20 131 0.500000
20 132 0.500000
20 133 0.500000
20 134 0.500000
20 135 0.500000
20 137 0.500000
20 138 0.500000
20 146 0.500000
20 147 0.500000
20 149 0.500000
20 150 0.500000
20 151 0.500000
20 152 0.500000
20 153 0.500000
20 159 0.500000
20 160 0.500000
21 22 0.500000
21 23 0.500000
21 24 0.500000
21 26 0.500000
21 32 0.500000
21 34 0.500000
21 35 0.500000
21 36 0.500000
21 41 0.500000
21 43 0.500000
21 44 0.500000
21 46 0.500000
21 47 0.500000
21 49 0.500000
21 51 0.500000
21 52 0.500000
21 53 0.500000
21 56 0.500000
21 58 0.500000
21 59 0.500000
21 61 0.500000
21 62 0.500000
21 65 0.500000
21 66 0.500000
21 67 0.500000
21 70 0.500000
21 71 0.500000
21 73 0.500000
21 74 0.500000
21 77 0.500000
21 79 0.500000
21 81 0.500000
21 83 0.500000
21 85 0.500000
21 87 0.500000
21 88 0.500000
21 91 0.500000
21 93 0.500000
21 94 0.500000
21 98 0.500000
21 99 0.500000
21 100 0.500000
21 103 0.500000
21 104 0.500000
21 107 0.500000
21 108 0.500000
21 110 0.500000
21 111 0.500000
21 112 0.500000
21 116 0.500000
21 119 0.500000
21 120 0.500000
21 121 0.500000
21 126 0.500000
21 127 0.500000
21 128 0.500000
21 131 0.500000
21 133 0.500000
21 135 0.500000
21 139 0.500000
21 140 0.500000
21 142 0.500000
21 143 0.500000
21 144 0.500000
21 145 0.500000
21 151 0.500000
21 152 0.500000
21 154 0.500000
21 155 0.500000
21 157 0.500000
21 158 0.500000
21 160 0.500000
22 23 0.500000
22 25 0.500000
22 36 0.500000
22 37 0.500000
22 38 0.500000
22 41 0.500000
22 43 0.500000
22 46 0.500000
22 47 0.500000
22 48 0.500000
22 52 0.500000
22 53 0.500000
22 56 0.500000
22 57 0.500000
22 58 0.500000
22 60 0.500000
22 62 0.500000
22 65 0.500000
22 68 0.500000
22 71 0.500000
22 72 0.500000
22 73 0.500000
22 76 0.500000
22 77 0.500000
22 78 0.500000
22 79 0.500000
22 81 0.500000
22 85 0.500000
22 88 0.500000
22 89 0.500000
22 92 0.500000
22 93 0.500000
22 94 0.500000
22 95 0.500000
22 102 0.500000
22 103 0.500000
22 106 0.500000
22 107 0.500000
22 110 0.500000
22 111 0.500000
22 112 0.500000
22 121 0.500000
22 123 0.500000
22 124 0.500000
22 125 0.500000
22 126 0.500000
22 130 0.500000
22 132 0.500000
22 133 0.500000
22 134 0.500000
22 136 0.500000
22 137 0.500000
22 138 0.500000
22 141 0.500000
22 143 0.500000
22 144 0.500000
22 145 0.500000
22 146 0.500000
22 148 0.500000
22 149 0.500000
22 150 0.500000
22 151 0.500000
22 159 0.500000
22 160 0.500000
23 24 0.500000
23 25 0.500000
23 26 0.500000
23 27 0.500000
23 28 0.500000
23 29 0.500000
23 30 0.500000
23 31 0.500000
23 35 0.500000
23 37 0.500000
23 38 0.500000
23 39 0.500000
23 40 0.500000
23 43 0.500000
23 44 0.500000
23 46 0.500000
23 48 0.500000
23 50 0.500000
23 52 0.500000
23 53 0.500000
23 54 0.500000
23 56 0.500000
23 57 0.500000
23 61 0.500000
23 65 0.500000
23 67 0.500000
23 69 0.500000
23 70 0.500000
23 72 0.500000
23 73 0.500000
23 74 0.500000
23 75 0.500000
23 77 0.500000
23 78 0.500000
23 79 0.500000
23 80 0.500000
23 85 0.500000
23 86 0.500000
23 87 0.500000
23 89 0.500000
23 92 0.500000
23 93 0.500000
23 97 0.500000
23 99 0.500000
23 101 0.500000
23 103 0.500000
23 106 0.500000
23 107 0.500000
23 109 0.500000
23 113 0.500000
23 114 0.500000
23 115 0.500000
23 118 0.500000
23 122 0.500000
23 124 0.500000
23 125 0.500000
23 126 0.500000
23 133 0.500000
23 135 0.500000
23 136 0.500000
23 139 0.500000
23 141 0.500000
23 143 0.500000
23 145 0.500000
23 146 0.500000
23 148 0.500000
23 150 0.500000
23 151 0.500000
23 152 0.500000
23 153 0.500000
23 154 0.500000
23 155 0.500000
23 156 0.500000
23 157 0.500000
23 159 0.500000
23 160 0.500000
24 25 0.500000
24 26 0.500000
24 29 0.500000
24 30 0.500000
24 32 0.500000
24 34 0.500000
24 38 0.500000
24 40 0.500000
24 41 0.500000
24 43 0.500000
24 46 0.500000
24 47 0.500000
24 49 0.500000
24 52 0.500000
24 55 0.500000
24 56 0.500000
24 58 0.500000
24 60 0.500000
24 65 0.500000
24 66 0.500000
24 67 0.500000
24 70 0.500000
24 71 0.500000
24 72 0.500000
24 73 0.500000
24 74 0.500000
24 77 0.500000
24 80 0.500000
24 81 0.500000
24 82 0.500000
24 86 0.500000
24 87 0.500000
24 91 0.500000
24 95 0.500000
24 100 0.500000
24 104 0.500000
24 105 0.500000
24 106 0.500000
24 108 0.500000
24 109 0.500000
24 110 0.500000
24 111 0.500000
24 114 0.500000
24 118 0.500000
24 119 0.500000
24 120 0.500000
24 121 0.500000
24 123 0.500000
24 125 0.500000
24 126 0.500000
24 130 0.500000
24 136 0.500000
24 138 0.500000
24 139 0.500000
24 140 0.500000
24 141 0.500000
24 145 0.500000
24 146 0.500000
24 147 0.500000
24 148 0.500000
24 153 0.500000
24 154 0.500000
24 155 0.500000
24 156 0.500000
24 157 0.500000
24 160 0.500000
25 27 0.500000
25 28 0.500000
25 29 0.500000
25 32 0.500000
25 33 0.500000
25 34 0.500000
25 35 0.500000
25 38 0.500000
25 39 0.500000
25 40 0.500000
25 41 0.500000
25 43 0.500000
25 51 0.500000
25 55 0.500000
25 58 0.500000
25 59 0.500000
25 62 0.500000
25 65 0.500000
25 66 0.500000
25 68 0.500000
25 70 0.500000
25 71 0.500000
25 72 0.500000
25 74 0.500000
25 75 0.500000
25 76 0.500000
25 78 0.500000
25 83 0.500000
25 84 0.500000
25 86 0.500000
25 93 0.500000
25 96 0.500000
25 97 0.500000
25 98 0.500000
25 99 0.500000
25 100 0.500000
25 102 0.500000
25 103 0.500000
25 105 0.500000
25 106 0.500000
25 108 0.500000
25 110 0.500000
25 113 0.500000
25 114 0.500000
25 121 0.500000
25 123 0.500000
25 124 0.500000
25 129 0.500000
25 130 0.500000
25 132 0.500000
25 133 0.500000
25 134 0.500000
25 137 0.500000
25 142 0.500000
25 145 0.500000
25 146 0.500000
25 147 0.500000
25 148 0.500000
25 149 0.500000
25 154 0.500000
25 156 0.500000
25 159 0.500000
25 160 0.500000
26 28 0.500000
26 30 0.500000
26 31 0.500000
26 35 0.500000
26 38 0.500000
26 42 0.500000
26 43 0.500000
26 44 0.500000
26 45 0.500000
26 50 0.500000
26 53 0.500000
26 54 0.500000
26 56 0.500000
26 58 0.500000
26 61 0.500000
26 64 0.500000
26 65 0.500000
26 68 0.500000
26 70 0.500000
26 71 0.500000
26 72 0.500000
26 74 0.500000
26 77 0.500000
26 79 0.500000
26 80 0.500000
26 81 0.500000
26 82 0.500000
26 83 0.500000
26 84 0.500000
26 85 0.500000
26 86 0.500000
26 90 0.500000
26 92 0.500000
26 96 0.500000
26 99 0.500000
26 100 0.500000
26 101 0.500000
26 102 0.500000
26 103 0.500000
26 104 0.500000
26 105 0.500000
26 106 0.500000
26 107 0.500000
26 112 0.500000
26 113 0.500000
26 116 0.500000
26 118 0.500000
26 122 0.500000
26 123 0.500000
26 124 0.500000
26 125 0.500000
26 133 0.500000
26 137 0.500000
26 138 0.500000
26 139 0.500000
26 140 0.500000
26 141 0.500000
26 142 0.500000
26 143 0.500000
26 145 0.500000
26 147 0.500000
26 149 0.500000
26 150 0.500000
26 154 0.500000
26 155 0.500000
26 158 0.500000
26 159 0.500000
27 28 0.500000
27 31 0.500000
27 32 0.500000
27 36 0.500000
27 37 0.500000
27 38 0.500000
27 40 0.500000
27 41 0.500000
27 42 0.500000
27 43 0.500000
27 44 0.500000
27 45 0.500000
27 46 0.500000
27 47 0.500000
27 48 0.500000
27 52 0.500000
27 57 0.500000
27 61 0.500000
27 62 0.500000
27 63 0.500000
27 64 0.500000
27 66 0.500000
27 67 0.500000
27 68 0.500000
27 69 0.500000
27 70 0.500000
27 71 0.500000
27 73 0.500000
27 77 0.500000
27 78 0.500000
27 79 0.500000
27 81 0.500000
27 85 0.500000
27 86 0.500000
27 89 0.500000
27 90 0.500000
27 91 0.500000
27 92 0.500000
27 94 0.500000
27 95 0.500000
27 96 0.500000
27 98 0.500000
27 99 0.500000
27 108 0.500000
27 109 0.500000
27 110 0.500000
27 111 0.500000
27 113 0.500000
27 115 0.500000
27 117 0.500000
27 118 0.500000
27 119 0.500000
27 120 0.500000
27 122 0.500000
27 125 0.500000
27 126 0.500000
27 127 0.500000
27 129 0.500000
27 130 0.500000
27 131 0.500000
27 133 0.500000
27 135 0.500000
27 136 0.500000
27 137 0.500000
27 138 0.500000
27 139 0.500000
27 140 0.500000
27 142 0.500000
27 145 0.500000
27 146 0.500000
27 147 0.500000
27 148 0.500000
27 149 0.500000
27 154 0.500000
27 157 0.500000
27 159 0.500000
28 29 0.500000
28 32 0.500000
28 33 0.500000
28 37 0.500000
28 39 0.500000
28 44 0.500000
28 47 0.500000
28 48 0.500000
28 51 0.500000
28 53 0.500000
28 58 0.500000
28 59 0.500000
28 61 0.500000
28 62 0.500000
28 63 0.500000
28 65 0.500000
28 66 0.500000
28 67 0.500000
28 68 0.500000
28 69 0.500000
28 70 0.500000
28 71 0.500000
28 72 0.500000
28 73 0.500000
28 74 0.500000
28 78 0.500000
28 79 0.500000
28 83 0.500000
28 84 0.500000
28 86 0.500000
28 87 0.500000
28 88 0.500000
28 89 0.500000
28 90 0.500000
28 92 0.500000
28 94 0.500000
28 97 0.500000
28 98 0.500000
28 100 0.500000
28 101 0.500000
28 103 0.500000
28 106 0.500000
28 108 0.500000
28 109 0.500000
28 111 0.500000
28 112 0.500000
28 115 0.500000
28 116 0.500000
28 117 0.500000
28 119 0.500000
28 121 0.500000
28 123 0.500000
28 125 0.500000
28 126 0.500000
28 127 0.500000
28 130 0.500000
28 133 0.500000
28 134 0.500000
28 137 0.500000
28 138 0.500000
28 139 0.500000
28 141 0.500000
28 142 0.500000
28 143 0.500000
28 144 0.500000
28 145 0.500000
28 146 0.500000
28 147 0.500000
28 148 0.500000
28 149 0.500000
28 151 0.500000
28 154 0.500000
29 32 0.500000
29 33 0.500000
29 36 0.500000
29 39 0.500000
29 40 0.500000
29 46 0.500000
29 49 0.500000
29 53 0.500000
29 56 0.500000
29 62 0.500000
29 63 0.500000
29 64 0.500000
29 65 0.500000
29 68 0.500000
29 71 0.500000
29 72 0.500000
29 73 0.500000
29 77 0.500000
29 79 0.500000
29 80 0.500000
29 82 0.500000
29 83 0.500000
29 85 0.500000
29 86 0.500000
29 87 0.500000
29 88 0.500000
29 89 0.500000
29 91 0.500000
29 94 0.500000
29 95 0.500000
29 97 0.500000
29 99 0.500000
29 100 0.500000
29 101 0.500000
29 102 0.500000
29 104 0.500000
29 106 0.500000
29 108 0.500000
29 109 0.500000
29 110 0.500000
29 111 0.500000
29 112 0.500000
29 113 0.500000
29 115 0.500000
29 116 0.500000
29 117 0.500000
29 118 0.500000
29 119 0.500000
29 120 0.500000
29 121 0.500000
29 122 0.500000
29 125 0.500000
29 126 0.500000
29 127 0.500000
29 129 0.500000
29 130 0.500000
29 131 0.500000
29 133 0.500000
29 134 0.500000
29 135 0.500000
29 138 0.500000
29 139 0.500000
29 142 0.500000
29 145 0.500000
29 148 0.500000
29 151 0.500000
29 153 0.500000
29 154 0.500000
29 158 0.500000
29 159 0.500000
29 160 0.500000
30 31 0.500000
30 33 0.500000
30 34 0.500000
30 35 0.500000
30 36 0.500000
30 37 0.500000
30 41 0.500000
30 42 0.500000
30 43 0.500000
30 45 0.500000
30 47 0.500000
30 49 0.500000
30 51 0.500000
30 53 0.500000
30 54 0.500000
30 56 0.500000
30 59 0.500000
30 63 0.500000
30 64 0.500000
30 65 0.500000
30 67 0.500000
30 70 0.500000
30 71 0.500000
30 72 0.500000
30 73 0.500000
30 74 0.500000
30 80 0.500000
30 81 0.500000
30 83 0.500000
30 84 0.500000
30 87 0.500000
30 90 0.500000
30 93 0.500000
30 94 0.500000
30 95 0.500000
30 97 0.500000
30 98 0.500000
30 99 0.500000
30 100 0.500000
30 101 0.500000
30 104 0.500000
30 105 0.500000
30 112 0.500000
30 114 0.500000
30 115 0.500000
30 116 0.500000
30 119 0.500000
30 121 0.500000
30 124 0.500000
30 132 0.500000
30 135 0.500000
30 137 0.500000
30 138 0.500000
30 139 0.500000
30 140 0.500000
30 141 0.500000
30 143 0.500000
30 146 0.500000
30 149 0.500000
30 150 0.500000
30 156 0.500000
30 159 0.500000
31 32 0.500000
31 34 0.500000
31 35 0.500000
31 36 0.500000
31 37 0.500000
31 39 0.500000
31 40 0.500000
31 41 0.500000
31 42 0.500000
31 43 0.500000
31 45 0.500000
31 47 0.500000
31 50 0.500000
31 51 0.500000
31 56 0.500000
31 60 0.500000
31 61 0.500000
31 66 0.500000
31 67 0.500000
31 68 0.500000
31 70 0.500000
31 71 0.500000
31 75 0.500000
31 76 0.500000
31 77 0.500000
31 79 0.500000
31 82 0.500000
31 84 0.500000
31 85 0.500000
31 86 0.500000
31 91 0.500000
31 92 0.500000
31 96 0.500000
31 98 0.500000
31 99 0.500000
31 100 0.500000
31 101 0.500000
31 103 0.500000
31 106 0.500000
31 108 0.500000
31 109 0.500000
31 113 0.500000
31 115 0.500000
31 117 0.500000
31 119 0.500000
31 122 0.500000
31 125 0.500000
31 126 0.500000
31 128 0.500000
31 129 0.500000
31 131 0.500000
31 134 0.500000
31 137 0.500000
31 142 0.500000
31 143 0.500000
31 144 0.500000
31 145 0.500000
31 146 0.500000
31 151 0.500000
31 154 0.500000
31 155 0.500000
31 157 0.500000
31 158 0.500000
31 160 0.500000
32 33 0.500000
32 38 0.500000
32 41 0.500000
32 42 0.500000
32 45 0.500000
32 46 0.500000
32 48 0.500000
32 49 0.500000
32 50 0.500000
32 57 0.500000
32 59 0.500000
32 60 0.500000
32 62 0.500000
32 64 0.500000
32 68 0.500000
32 69 0.500000
32 71 0.500000
32 72 0.500000
32 73 0.500000
32 77 0.500000
32 79 0.500000
32 81 0.500000
32 82 0.500000
32 84 0.500000
32 85 0.500000
32 86 0.500000
32 89 0.500000
32 90 0.500000
32 92 0.500000
32 93 0.500000
32 94 0.500000
32 99 0.500000
32 100 0.500000
32 101 0.500000
32 103 0.500000
32 107 0.500000
32 111 0.500000
32 113 0.500000
32 114 0.500000
32 117 0.500000
32 118 0.500000
32 119 0.500000
32 120 0.500000
32 121 0.500000
32 122 0.500000
32 125 0.500000
32 126 0.500000
32 129 0.500000
32 130 0.500000
32 133 0.500000
32 138 0.500000
32 139 0.500000
32 140 0.500000
32 141 0.500000
32 144 0.500000
32 146 0.500000
32 147 0.500000
32 148 0.500000
32 150 0.500000
32 153 0.500000
32 154 0.500000
32 156 0.500000
32 157 0.500000
32 158 0.500000
32 159 0.500000
32 160 0.500000
33 35 0.500000
33 38 0.500000
33 40 0.500000
33 41 0.500000
33 42 0.500000
33 43 0.500000
33 45 0.500000
33 46 0.500000
33 47 0.500000
33 49 0.500000
33 55 0.500000
33 57 0.500000
33 64 0.500000
33 65 0.500000
33 68 0.500000
33 70 0.500000
33 71 0.500000
33 72 0.500000
33 73 0.500000
33 76 0.500000
33 77 0.500000
33 81 0.500000
33 82 0.500000
33 83 0.500000
33 84 0.500000
33 85 0.500000
33 86 0.500000
33 87 0.500000
33 89 0.500000
33 92 0.500000
33 98 0.500000
33 102 0.500000
33 105 0.500000
33 106 0.500000
33 109 0.500000
33 112 0.500000
33 122 0.500000
33 125 0.500000
33 126 0.500000
33 132 0.500000
33 135 0.500000
33 136 0.500000
33 138 0.500000
33 140 0.500000
33 141 0.500000
33 142 0.500000
33 146 0.500000
33 147 0.500000
33 148 0.500000
33 149 0.500000
33 150 0.500000
33 152 0.500000
33 153 0.500000
33 155 0.500000
33 156 0.500000
33 157 0.500000
33 158 0.500000
33 160 0.500000
34 41 0.500000
34 42 0.500000
34 43 0.500000
34 45 0.500000
34 47 0.500000
34 50 0.500000
34 52 0.500000
34 56 0.500000
34 57 0.500000
34 58 0.500000
34 59 0.500000
34 60 0.500000
34 61 0.500000
34 65 0.500000
34 66 0.500000
34 67 0.500000
34 72 0.500000
34 76 0.500000
34 77 0.500000
34 78 0.500000
34 79 0.500000
34 80 0.500000
34 82 0.500000
34 84 0.500000
34 85 0.500000
34 86 0.500000
34 87 0.500000
34 90 0.500000
34 91 0.500000
34 93 0.500000
34 98 0.500000
34 99 0.500000
34 100 0.500000
34 101 0.500000
34 106 0.500000
34 107 0.500000
34 108 0.500000
34 109 0.500000
34 112 0.500000
34 113 0.500000
34 115 0.500000
34 116 0.500000
34 117 0.500000
34 118 0.500000
34 121 0.500000
34 122 0.500000
34 123 0.500000
34 124 0.500000
34 125 0.500000
34 127 0.500000
34 130 0.500000
34 131 0.500000
34 132 0.500000
34 133 0.500000
34 134 0.500000
34 136 0.500000
34 138 0.500000
34 139 0.500000
34 140 0.500000
34 141 0.500000
34 142 0.500000
34 143 0.500000
34 144 0.500000
34 146 0.500000
34 148 0.500000
34 150 0.500000
34 154 0.500000
34 157 0.500000
34 160 0.500000
35 36 0.500000
35 37 0.500000
35 39 0.500000
35 40 0.500000
35 42 0.500000
35 43 0.500000
35 44 0.500000
35 47 0.500000
35 48 0.500000
35 55 0.500000
35 56 0.500000
35 57 0.500000
35 59 0.500000
35 60 0.500000
35 62 0.500000
35 65 0.500000
35 67 0.500000
35 69 0.500000
35 72 0.500000
35 73 0.500000
35 76 0.500000
35 77 0.500000
35 78 0.500000
35 79 0.500000
35 80 0.500000
35 81 0.500000
35 84 0.500000
35 85 0.500000
35 86 0.500000
35 87 0.500000
35 88 0.500000
35 89 0.500000
35 92 0.500000
35 93 0.500000
35 94 0.500000
35 95 0.500000
35 96 0.500000
35 104 0.500000
35 105 0.500000
35 106 0.500000
35 107 0.500000
35 109 0.500000
35 110 0.500000
35 111 0.500000
35 113 0.500000
35 114 0.500000
35 115 0.500000
35 117 0.500000
35 119 0.500000
35 120 0.500000
35 125 0.500000
35 126 0.500000
35 128 0.500000
35 130 0.500000
35 133 0.500000
35 135 0.500000
35 137 0.500000
35 140 0.500000
35 141 0.500000
35 142 0.500000
35 143 0.500000
35 145 0.500000
35 146 0.500000
35 147 0.500000
35 149 0.500000
35 151 0.500000
35 152 0.500000
35 157 0.500000
36 39 0.500000
36 42 0.500000
36 43 0.500000
36 47 0.500000
36 50 0.500000
36 52 0.500000
36 53 0.500000
36 57 0.500000
36 59 0.500000
36 61 0.500000
36 62 0.500000
36 65 0.500000
36 67 0.500000
36 68 0.500000
36 69 0.500000
36 70 0.500000
36 71 0.500000
36 72 0.500000
36 75 0.500000
36 76 0.500000
36 79 0.500000
36 82 0.500000
36 85 0.500000
36 87 0.500000
36 88 0.500000
36 92 0.500000
36 94 0.500000
36 95 0.500000
36 96 0.500000
36 97 0.500000
36 99 0.500000
36 101 0.500000
36 104 0.500000
36 105 0.500000
36 108 0.500000
36 110 0.500000
36 112 0.500000
36 114 0.500000
36 115 0.500000
36 116 0.500000
36 121 0.500000
36 125 0.500000
36 127 0.500000
36 129 0.500000
36 132 0.500000
36 135 0.500000
36 140 0.500000
36 143 0.500000
36 150 0.500000
36 151 0.500000
36 153 0.500000
36 154 0.500000
36 156 0.500000
36 160 0.500000
37 38 0.500000
37 39 0.500000
37 40 0.500000
37 42 0.500000
37 43 0.500000
37 45 0.500000
37 47 0.500000
37 48 0.500000
37 49 0.500000
37 50 0.500000
37 55 0.500000
37 56 0.500000
37 57 0.500000
37 58 0.500000
37 59 0.500000
37 60 0.500000
37 61 0.500000
37 62 0.500000
37 63 0.500000
37 64 0.500000
37 66 0.500000
37 67 0.500000
37 68 0.500000
37 71 0.500000
37 73 0.500000
37 77 0.500000
37 80 0.500000
37 82 0.500000
37 83 0.500000
37 86 0.500000
37 96 0.500000
37 102 0.500000
37 103 0.500000
37 105 0.500000
37 106 0.500000
37 108 0.500000
37 110 0.500000
37 111 0.500000
37 114 0.500000
37 115 0.500000
37 116 0.500000
37 118 0.500000
37 120 0.500000
37 121 0.500000
37 128 0.500000
37 130 0.500000
37 132 0.500000
37 133 0.500000
37 135 0.500000
37 138 0.500000
37 139 0.500000
37 144 0.500000
37 146 0.500000
37 150 0.500000
37 151 0.500000
37 152 0.500000
37 154 0.500000
37 155 0.500000
37 156 0.500000
37 157 0.500000
37 158 0.500000
37 159 0.500000
38 40 0.500000
38 41 0.500000
38 43 0.500000
38 44 0.500000
38 46 0.500000
38 50 0.500000
38 51 0.500000
38 53 0.500000
38 55 0.500000
38 56 0.500000
38 57 0.500000
38 58 0.500000
38 64 0.500000
38 65 0.500000
38 68 0.500000
38 70 0.500000
38 71 0.500000
38 72 0.500000
38 73 0.500000
38 75 0.500000
38 77 0.500000
38 78 0.500000
38 79 0.500000
38 83 0.500000
38 84 0.500000
38 85 0.500000
38 86 0.500000
38 88 0.500000
38 89 0.500000
38 90 0.500000
38 91 0.500000
38 94 0.500000
38 99 0.500000
38 102 0.500000
38 104 0.500000
38 105 0.500000
38 107 0.500000
38 108 0.500000
38 110 0.500000
38 113 0.500000
38 114 0.500000
38 117 0.500000
38 119 0.500000
38 123 0.500000
38 126 0.500000
38 129 0.500000
38 130 0.500000
38 131 0.500000
38 135 0.500000
38 139 0.500000
38 140 0.500000
38 141 0.500000
38 145 0.500000
38 146 0.500000
38 148 0.500000
38 150 0.500000
38 153 0.500000
38 154 0.500000
38 155 0.500000
38 157 0.500000
38 158 0.500000
38 160 0.500000
39 40 0.500000
39 41 0.500000
39 42 0.500000
39 43 0.500000
39 46 0.500000
39 47 0.500000
39 48 0.500000
39 51 0.500000
39 57 0.500000
39 58 0.500000
39 60 0.500000
39 63 0.500000
39 67 0.500000
39 68 0.500000
39 69 0.500000
39 70 0.500000
39 71 0.500000
39 76 0.500000
39 77 0.500000
39 78 0.500000
39 79 0.500000
39 80 0.500000
39 81 0.500000
39 83 0.500000
39 84 0.500000
39 85 0.500000
39 86 0.500000
39 87 0.500000
39 88 0.500000
39 89 0.500000
39 90 0.500000
39 99 0.500000
39 101 0.500000
39 102 0.500000
39 103 0.500000
39 104 0.500000
39 105 0.500000
39 110 0.500000
39 112 0.500000
39 114 0.500000
39 115 0.500000
39 116 0.500000
39 118 0.500000
39 120 0.500000
39 125 0.500000
39 127 0.500000
39 130 0.500000
39 133 0.500000
39 134 0.500000
39 135 0.500000
39 136 0.500000
39 137 0.500000
39 138 0.500000
39 139 0.500000
39 140 0.500000
39 141 0.500000
39 143 0.500000
39 145 0.500000
39 146 0.500000
39 147 0.500000
39 149 0.500000
39 159 0.500000
40 41 0.500000
40 42 0.500000
40 43 0.500000
40 45 0.500000
40 46 0.500000
40 47 0.500000
40 49 0.500000
40 53 0.500000
40 56 0.500000
40 58 0.500000
40 59 0.500000
40 63 0.500000
40 64 0.500000
40 66 0.500000
40 68 0.500000
40 69 0.500000
40 70 0.500000
40 71 0.500000
40 72 0.500000
40 73 0.500000
40 74 0.500000
40 76 0.500000
40 77 0.500000
40 80 0.500000
40 81 0.500000
40 82 0.500000
40 86 0.500000
40 87 0.500000
40 89 0.500000
40 92 0.500000
40 93 0.500000
40 94 0.500000
40 97 0.500000
40 98 0.500000
40 99 0.500000
40 103 0.500000
40 105 0.500000
40 108 0.500000
40 112 0.500000
40 113 0.500000
40 115 0.500000
40 117 0.500000
40 119 0.500000
40 122 0.500000
40 126 0.500000
40 127 0.500000
40 129 0.500000
40 130 0.500000
40 131 0.500000
40 133 0.500000
40 135 0.500000
40 139 0.500000
40 141 0.500000
40 145 0.500000
40 147 0.500000
40 149 0.500000
40 151 0.500000
40 152 0.500000
40 153 0.500000
40 157 0.500000
40 159 0.500000
40 160 0.500000
41 42 0.500000
41 47 0.500000
41 48 0.500000
41 50 0.500000
41 51 0.500000
41 53 0.500000
41 54 0.500000
41 55 0.500000
41 57 0.500000
41 58 0.500000
41 60 0.500000
41 63 0.500000
41 66 0.500000
41 67 0.500000
41 68 0.500000
41 70 0.500000
41 71 0.500000
41 72 0.500000
41 73 0.500000
41 75 0.500000
41 76 0.500000
41 77 0.500000
41 80 0.500000
41 81 0.500000
41 82 0.500000
41 87 0.500000
41 88 0.500000
41 89 0.500000
41 91 0.500000
41 92 0.500000
41 93 0.500000
41 95 0.500000
41 98 0.500000
41 99 0.500000
41 100 0.500000
41 101 0.500000
41 102 0.500000
41 105 0.500000
41 107 0.500000
41 109 0.500000
41 110 0.500000
41 111 0.500000
41 112 0.500000
41 114 0.500000
41 116 0.500000
41 117 0.500000
41 118 0.500000
41 119 0.500000
41 120 0.500000
41 123 0.500000
41 124 0.500000
41 125 0.500000
41 128 0.500000
41 129 0.500000
41 130 0.500000
41 132 0.500000
41 133 0.500000
41 135 0.500000
41 137 0.500000
41 138 0.500000
41 139 0.500000
41 140 0.500000
41 144 0.500000
41 146 0.500000
41 147 0.500000
41 148 0.500000
41 149 0.500000
41 150 0.500000
41 152 0.500000
41 156 0.500000
41 159 0.500000
42 46 0.500000
42 48 0.500000
42 51 0.500000
42 52 0.500000
42 54 0.500000
42 56 0.500000
42 58 0.500000
42 59 0.500000
42 60 0.500000
42 61 0.500000
42 62 0.500000
42 65 0.500000
42 69 0.500000
42 73 0.500000
42 75 0.500000
42 79 0.500000
42 82 0.500000
42 84 0.500000
42 86 0.500000
42 89 0.500000
42 91 0.500000
42 93 0.500000
42 95 0.500000
42 97 0.500000
42 98 0.500000
42 104 0.500000
42 107 0.500000
42 109 0.500000
42 110 0.500000
42 112 0.500000
42 113 0.500000
42 116 0.500000
42 118 0.500000
42 119 0.500000
42 121 0.500000
42 125 0.500000
42 126 0.500000
42 128 0.500000
42 130 0.500000
42 132 0.500000
42 133 0.500000
42 135 0.500000
42 140 0.500000
42 142 0.500000
42 143 0.500000
42 144 0.500000
42 145 0.500000
42 147 0.500000
42 150 0.500000
42 151 0.500000
42 152 0.500000
42 153 0.500000
42 154 0.500000
42 155 0.500000
42 156 0.500000
42 160 0.500000
43 44 0.500000
43 46 0.500000
43 48 0.500000
43 50 0.500000
43 51 0.500000
43 52 0.500000
43 53 0.500000
43 54 0.500000
43 55 0.500000
43 57 0.500000
43 59 0.500000
43 60 0.500000
43 62 0.500000
43 64 0.500000
43 68 0.500000
43 70 0.500000
43 72 0.500000
43 73 0.500000
43 79 0.500000
43 80 0.500000
43 81 0.500000
43 82 0.500000
43 88 0.500000
43 90 0.500000
43 91 0.500000
43 95 0.500000
43 96 0.500000
43 97 0.500000
43 100 0.500000
43 101 0.500000
43 102 0.500000
43 104 0.500000
43 107 0.500000
43 108 0.500000
43 109 0.500000
43 110 0.500000
43 117 0.500000
43 119 0.500000
43 122 0.500000
43 124 0.500000
43 127 0.500000
43 132 0.500000
43 134 0.500000
43 135 0.500000
43 137 0.500000
43 138 0.500000
43 140 0.500000
43 141 0.500000
43 143 0.500000
43 144 0.500000
43 146 0.500000
43 149 0.500000
43 151 0.500000
43 154 0.500000
43 158 0.500000
44 46 0.500000
44 48 0.500000
44 54 0.500000
44 59 0.500000
44 60 0.500000
44 63 0.500000
44 65 0.500000
44 66 0.500000
44 71 0.500000
44 72 0.500000
44 74 0.500000
44 75 0.500000
44 76 0.500000
44 77 0.500000
44 78 0.500000
44 79 0.500000
44 80 0.500000
44 81 0.500000
44 83 0.500000
44 91 0.500000
44 92 0.500000
44 93 0.500000
44 95 0.500000
44 97 0.500000
44 100 0.500000
44 101 0.500000
44 103 0.500000
44 104 0.500000
44 105 0.500000
44 106 0.500000
44 108 0.500000
44 111 0.500000
44 112 0.500000
44 114 0.500000
44 118 0.500000
44 120 0.500000
44 121 0.500000
44 122 0.500000
44 123 0.500000
44 133 0.500000
44 134 0.500000
44 137 0.500000
44 147 0.500000
44 149 0.500000
44 150 0.500000
44 152 0.500000
44 154 0.500000
44 155 0.500000
44 156 0.500000
44 157 0.500000
44 158 0.500000
44 160 0.500000
45 49 0.500000
45 50 0.500000
45 54 0.500000
45 55 0.500000
45 56 0.500000
45 57 0.500000
45 58 0.500000
45 60 0.500000
45 64 0.500000
45 65 0.500000
45 67 0.500000
45 71 0.500000
45 75 0.500000
45 76 0.500000
45 77 0.500000
45 80 0.500000
45 82 0.500000
45 85 0.500000
45 95 0.500000
45 97 0.500000
45 98 0.500000
45 99 0.500000
45 101 0.500000
45 104 0.500000
45 107 0.500000
45 111 0.500000
45 115 0.500000
45 116 0.500000
45 119 0.500000
45 120 0.500000
45 121 0.500000
45 122 0.500000
45 123 0.500000
45 125 0.500000
45 127 0.500000
45 128 0.500000
45 130 0.500000
45 131 0.500000
45 132 0.500000
45 134 0.500000
45 136 0.500000
45 137 0.500000
45 138 0.500000
45 139 0.500000
45 144 0.500000
45 145 0.500000
45 151 0.500000
45 154 0.500000
45 156 0.500000
45 158 0.500000
45 159 0.500000
46 52 0.500000
46 54 0.500000
46 55 0.500000
46 56 0.500000
46 58 0.500000
46 60 0.500000
46 62 0.500000
46 63 0.500000
46 64 0.500000
46 65 0.500000
46 67 0.500000
46 68 0.500000
46 70 0.500000
46 71 0.500000
46 72 0.500000
46 73 0.500000
46 74 0.500000
46 75 0.500000
46 77 0.500000
46 80 0.500000
46 82 0.500000
46 83 0.500000
46 84 0.500000
46 86 0.500000
46 89 0.500000
46 92 0.500000
46 93 0.500000
46 94 0.500000
46 96 0.500000
46 100 0.500000
46 101 0.500000
46 105 0.500000
46 108 0.500000
46 110 0.500000
46 113 0.500000
46 114 0.500000
46 115 0.500000
46 117 0.500000
46 123 0.500000
46 124 0.500000
46 126 0.500000
46 127 0.500000
46 130 0.500000
46 133 0.500000
46 135 0.500000
46 136 0.500000
46 138 0.500000
46 140 0.500000
46 148 0.500000
46 150 0.500000
46 151 0.500000
46 152 0.500000
46 153 0.500000
46 154 0.500000
46 155 0.500000
46 157 0.500000
46 158 0.500000
46 160 0.500000
47 48 0.500000
47 49 0.500000
47 51 0.500000
47 53 0.500000
47 55 0.500000
47 59 0.500000
47 63 0.500000
47 65 0.500000
47 66 0.500000
47 68 0.500000
47 72 0.500000
47 73 0.500000
47 76 0.500000
47 77 0.500000
47 78 0.500000
47 79 0.500000
47 80 0.500000
47 81 0.500000
47 85 0.500000
47 86 0.500000
47 87 0.500000
47 90 0.500000
47 94 0.500000
47 95 0.500000
47 96 0.500000
47 100 0.500000
47 102 0.500000
47 104 0.500000
47 106 0.500000
47 107 0.500000
47 110 0.500000
47 112 0.500000
47 113 0.500000
47 115 0.500000
47 116 0.500000
47 118 0.500000
47 120 0.500000
47 122 0.500000
47 123 0.500000
47 124 0.500000
47 126 0.500000
47 127 0.500000
47 128 0.500000
47 131 0.500000
47 132 0.500000
47 133 0.500000
47 134 0.500000
47 138 0.500000
47 141 0.500000
47 142 0.500000
47 144 0.500000
47 145 0.500000
47 146 0.500000
47 148 0.500000
47 150 0.500000
47 152 0.500000
47 156 0.500000
47 157 0.500000
48 50 0.500000
48 52 0.500000
48 53 0.500000
48 55 0.500000
48 57 0.500000
48 59 0.500000
48 60 0.500000
48 61 0.500000
48 63 0.500000
48 67 0.500000
48 69 0.500000
48 71 0.500000
48 72 0.500000
48 73 0.500000
48 75 0.500000
48 79 0.500000
48 82 0.500000
48 83 0.500000
48 84 0.500000
48 86 0.500000
48 91 0.500000
48 95 0.500000
48 106 0.500000
48 107 0.500000
48 109 0.500000
48 110 0.500000
48 111 0.500000
48 112 0.500000
48 117 0.500000
48 119 0.500000
48 120 0.500000
48 122 0.500000
48 126 0.500000
48 127 0.500000
48 134 0.500000
48 135 0.500000
48 139 0.500000
48 141 0.500000
48 142 0.500000
48 144 0.500000
48 145 0.500000
48 146 0.500000
48 147 0.500000
48 150 0.500000
48 152 0.500000
48 153 0.500000
48 154 0.500000
48 155 0.500000
48 157 0.500000
48 158 0.500000
48 159 0.500000
49 51 0.500000
49 52 0.500000
49 53 0.500000
49 56 0.500000
49 57 0.500000
49 58 0.500000
49 61 0.500000
49 63 0.500000
49 65 0.500000
49 66 0.500000
49 68 0.500000
49 70 0.500000
49 72 0.500000
49 75 0.500000
49 76 0.500000
49 79 0.500000
49 82 0.500000
49 86 0.500000
49 88 0.500000
49 89 0.500000
49 90 0.500000
49 91 0.500000
49 95 0.500000
49 96 0.500000
49 98 0.500000
49 99 0.500000
49 100 0.500000
49 101 0.500000
49 102 0.500000
49 103 0.500000
49 105 0.500000
49 108 0.500000
49 109 0.500000
49 111 0.500000
49 112 0.500000
49 113 0.500000
49 114 0.500000
49 117 0.500000
49 118 0.500000
49 119 0.500000
49 121 0.500000
49 122 0.500000
49 123 0.500000
49 130 0.500000
49 131 0.500000
49 132 0.500000
49 133 0.500000
49 134 0.500000
49 136 0.500000
49 137 0.500000
49 138 0.500000
49 140 0.500000
49 141 0.500000
49 143 0.500000
49 144 0.500000
49 146 0.500000
49 152 0.500000
49 153 0.500000
49 155 0.500000
49 156 0.500000
50 54 0.500000
50 60 0.500000
50 63 0.500000
50 64 0.500000
50 65 0.500000
50 68 0.500000
50 70 0.500000
50 72 0.500000
50 73 0.500000
50 75 0.500000
50 77 0.500000
50 79 0.500000
50 80 0.500000
50 81 0.500000
50 82 0.500000
50 83 0.500000
50 84 0.500000
50 88 0.500000
50 90 0.500000
50 92 0.500000
50 93 0.500000
50 94 0.500000
50 95 0.500000
50 96 0.500000
50 100 0.500000
50 101 0.500000
50 106 0.500000
50 107 0.500000
50 109 0.500000
50 111 0.500000
50 114 0.500000
50 115 0.500000
50 118 0.500000
50 123 0.500000
50 124 0.500000
50 125 0.500000
50 127 0.500000
50 130 0.500000
50 131 0.500000
50 135 0.500000
50 136 0.500000
50 137 0.500000
50 139 0.500000
50 142 0.500000
50 145 0.500000
50 147 0.500000
50 150 0.500000
50 153 0.500000
50 154 0.500000
50 156 0.500000
50 158 0.500000
50 160 0.500000
51 52 0.500000
51 53 0.500000
51 58 0.500000
51 59 0.500000
51 61 0.500000
51 62 0.500000
51 64 0.500000
51 72 0.500000
51 74 0.500000
51 77 0.500000
51 81 0.500000
51 85 0.500000
51 87 0.500000
51 88 0.500000
51 89 0.500000
51 91 0.500000
51 94 0.500000
51 95 0.500000
51 97 0.500000
51 98 0.500000
51 101 0.500000
51 102 0.500000
51 104 0.500000
51 106 0.500000
51 107 0.500000
51 109 0.500000
51 112 0.500000
51 115 0.500000
51 117 0.500000
51 120 0.500000
51 127 0.500000
51 130 0.500000
51 131 0.500000
51 133 0.500000
51 134 0.500000
51 137 0.500000
51 138 0.500000
51 140 0.500000
51 146 0.500000
51 147 0.500000
51 148 0.500000
51 150 0.500000
51 151 0.500000
51 152 0.500000
51 159 0.500000
51 160 0.500000
52 54 0.500000
52 56 0.500000
52 58 0.500000
52 60 0.500000
52 61 0.500000
52 62 0.500000
52 64 0.500000
52 66 0.500000
52 68 0.500000
52 73 0.500000
52 76 0.500000
52 77 0.500000
52 79 0.500000
52 82 0.500000
52 93 0.500000
52 94 0.500000
52 96 0.500000
52 97 0.500000
52 98 0.500000
52 100 0.500000
52 102 0.500000
52 105 0.500000
52 107 0.500000
52 109 0.500000
52 110 0.500000
52 111 0.500000
52 118 0.500000
52 119 0.500000
52 121 0.500000
52 124 0.500000
52 126 0.500000
52 130 0.500000
52 134 0.500000
52 135 0.500000
52 136 0.500000
52 140 0.500000
52 142 0.500000
52 143 0.500000
52 145 0.500000
52 146 0.500000
52 147 0.500000
52 148 0.500000
52 149 0.500000
52 150 0.500000
52 151 0.500000
52 152 0.500000
52 153 0.500000
52 155 0.500000
52 157 0.500000
52 158 0.500000
52 159 0.500000
52 160 0.500000
53 54 0.500000
53 58 0.500000
53 61 0.500000
53 62 0.500000
53 64 0.500000
53 65 0.500000
53 66 0.500000
53 69 0.500000
53 71 0.500000
53 72 0.500000
53 76 0.500000
53 77 0.500000
53 78 0.500000
53 80 0.500000
53 83 0.500000
53 84 0.500000
53 86 0.500000
53 89 0.500000
53 92 0.500000
53 94 0.500000
53 97 0.500000
53 99 0.500000
53 101 0.500000
53 102 0.500000
53 105 0.500000
53 106 0.500000
53 107 0.500000
53 109 0.500000
53 110 0.500000
53 115 0.500000
53 116 0.500000
53 117 0.500000
53 119 0.500000
53 120 0.500000
53 121 0.500000
53 122 0.500000
53 125 0.500000
53 126 0.500000
53 127 0.500000
53 132 0.500000
53 134 0.500000
53 135 0.500000
53 137 0.500000
53 138 0.500000
53 143 0.500000
53 145 0.500000
53 146 0.500000
53 147 0.500000
53 148 0.500000
53 149 0.500000
53 151 0.500000
53 152 0.500000
53 153 0.500000
53 154 0.500000
53 155 0.500000
53 157 0.500000
53 158 0.500000
53 159 0.500000
53 160 0.500000
54 55 0.500000
54 56 0.500000
54 57 0.500000
54 59 0.500000
54 63 0.500000
54 64 0.500000
54 66 0.500000
54 69 0.500000
54 70 0.500000
54 73 0.500000
54 74 0.500000
54 76 0.500000
54 77 0.500000
54 79 0.500000
54 81 0.500000
54 83 0.500000
54 86 0.500000
54 91 0.500000
54 94 0.500000
54 96 0.500000
54 97 0.500000
54 99 0.500000
54 100 0.500000
54 101 0.500000
54 103 0.500000
54 106 0.500000
54 107 0.500000
54 109 0.500000
54 114 0.500000
54 115 0.500000
54 119 0.500000
54 120 0.500000
54 121 0.500000
54 125 0.500000
54 127 0.500000
54 130 0.500000
54 133 0.500000
54 136 0.500000
54 138 0.500000
54 139 0.500000
54 140 0.500000
54 144 0.500000
54 145 0.500000
54 147 0.500000
54 149 0.500000
54 153 0.500000
54 155 0.500000
54 159 0.500000
54 160 0.500000
55 60 0.500000
55 61 0.500000
55 64 0.500000
55 65 0.500000
55 66 0.500000
55 67 0.500000
55 72 0.500000
55 78 0.500000
55 80 0.500000
55 82 0.500000
55 84 0.500000
55 85 0.500000
55 86 0.500000
55 88 0.500000
55 89 0.500000
55 93 0.500000
55 95 0.500000
55 96 0.500000
55 97 0.500000
55 98 0.500000
55 101 0.500000
55 103 0.500000
55 104 0.500000
55 106 0.500000
55 107 0.500000
55 109 0.500000
55 113 0.500000
55 115 0.500000
55 117 0.500000
55 120 0.500000
55 121 0.500000
55 122 0.500000
55 123 0.500000
55 124 0.500000
55 126 0.500000
55 128 0.500000
55 134 0.500000
55 136 0.500000
55 137 0.500000
55 138 0.500000
55 139 0.500000
55 140 0.500000
55 141 0.500000
55 142 0.500000
55 149 0.500000
55 151 0.500000
55 156 0.500000
55 157 0.500000
55 158 0.500000
55 160 0.500000
56 57 0.500000
56 58 0.500000
56 60 0.500000
56 62 0.500000
56 64 0.500000
56 68 0.500000
56 70 0.500000
56 72 0.500000
56 74 0.500000
56 75 0.500000
56 77 0.500000
56 79 0.500000
56 80 0.500000
56 83 0.500000
56 85 0.500000
56 87 0.500000
56 89 0.500000
56 90 0.500000
56 92 0.500000
56 93 0.500000
56 94 0.500000
56 95 0.500000
56 96 0.500000
56 97 0.500000
56 98 0.500000
56 99 0.500000
56 100 0.500000
56 104 0.500000
56 105 0.500000
56 106 0.500000
56 108 0.500000
56 110 0.500000
56 111 0.500000
56 112 0.500000
56 113 0.500000
56 114 0.500000
56 117 0.500000
56 119 0.500000
56 120 0.500000
56 121 0.500000
56 123 0.500000
56 124 0.500000
56 125 0.500000
56 126 0.500000
56 129 0.500000
56 130 0.500000
56 132 0.500000
56 133 0.500000
56 134 0.500000
56 136 0.500000
56 141 0.500000
56 144 0.500000
56 145 0.500000
56 146 0.500000
56 152 0.500000
56 156 0.500000
56 158 0.500000
56 160 0.500000
57 61 0.500000
57 62 0.500000
57 63 0.500000
57 65 0.500000
57 66 0.500000
57 73 0.500000
57 74 0.500000
57 78 0.500000
57 79 0.500000
57 80 0.500000
57 82 0.500000
57 85 0.500000
57 86 0.500000
57 91 0.500000
57 92 0.500000
57 93 0.500000
57 96 0.500000
57 98 0.500000
57 99 0.500000
57 101 0.500000
57 102 0.500000
57 103 0.500000
57 104 0.500000
57 110 0.500000
57 112 0.500000
57 114 0.500000
57 115 0.500000
57 117 0.500000
57 118 0.500000
57 120 0.500000
57 121 0.500000
57 123 0.500000
57 124 0.500000
57 126 0.500000
57 127 0.500000
57 128 0.500000
57 129 0.500000
57 130 0.500000
57 131 0.500000
57 133 0.500000
57 137 0.500000
57 138 0.500000
57 140 0.500000
57 144 0.500000
57 145 0.500000
57 146 0.500000
57 148 0.500000
57 149 0.500000
57 155 0.500000
57 156 0.500000
57 158 0.500000
57 159 0.500000
57 160 0.500000
58 59 0.500000
58 65 0.500000
58 66 0.500000
58 67 0.500000
58 68 0.500000
58 69 0.500000
58 70 0.500000
58 75 0.500000
58 76 0.500000
58 78 0.500000
58 79 0.500000
58 80 0.500000
58 82 0.500000
58 83 0.500000
58 84 0.500000
58 85 0.500000
58 87 0.500000
58 89 0.500000
58 91 0.500000
58 93 0.500000
58 94 0.500000
58 95 0.500000
58 97 0.500000
58 98 0.500000
58 102 0.500000
58 103 0.500000
58 104 0.500000
58 105 0.500000
58 107 0.500000
58 108 0.500000
58 109 0.500000
58 113 0.500000
58 115 0.500000
58 116 0.500000
58 118 0.500000
58 119 0.500000
58 120 0.500000
58 121 0.500000
58 123 0.500000
58 124 0.500000
58 125 0.500000
58 126 0.500000
58 127 0.500000
58 128 0.500000
58 130 0.500000
58 131 0.500000
58 132 0.500000
58 134 0.500000
58 135 0.500000
58 136 0.500000
58 137 0.500000
58 140 0.500000
58 144 0.500000
58 147 0.500000
58 150 0.500000
58 151 0.500000
58 154 0.500000
58 157 0.500000
58 158 0.500000
58 160 0.500000
59 61 0.500000
59 65 0.500000
59 70 0.500000
59 71 0.500000
59 72 0.500000
59 73 0.500000
59 76 0.500000
59 77 0.500000
59 80 0.500000
59 81 0.500000
59 83 0.500000
59 84 0.500000
59 85 0.500000
59 87 0.500000
59 91 0.500000
59 92 0.500000
59 94 0.500000
59 95 0.500000
59 96 0.500000
59 97 0.500000
59 99 0.500000
59 101 0.500000
59 102 0.500000
59 104 0.500000
59 109 0.500000
59 111 0.500000
59 115 0.500000
59 116 0.500000
59 117 0.500000
59 118 0.500000
59 120 0.500000
59 121 0.500000
59 123 0.500000
59 125 0.500000
59 126 0.500000
59 127 0.500000
59 128 0.500000
59 130 0.500000
59 133 0.500000
59 134 0.500000
59 135 0.500000
59 136 0.500000
59 138 0.500000
59 139 0.500000
59 140 0.500000
59 143 0.500000
59 144 0.500000
59 145 0.500000
59 148 0.500000
59 149 0.500000
59 153 0.500000
59 155 0.500000
59 160 0.500000
60 62 0.500000
60 63 0.500000
60 65 0.500000
60 66 0.500000
60 67 0.500000
60 68 0.500000
60 71 0.500000
60 73 0.500000
60 75 0.500000
60 77 0.500000
60 79 0.500000
60 83 0.500000
60 87 0.500000
60 88 0.500000
60 90 0.500000
60 93 0.500000
60 95 0.500000
60 97 0.500000
60 98 0.500000
60 99 0.500000
60 102 0.500000
60 103 0.500000
60 104 0.500000
60 107 0.500000
60 109 0.500000
60 113 0.500000
60 114 0.500000
60 115 0.500000
60 117 0.500000
60 119 0.500000
60 122 0.500000
60 124 0.500000
60 126 0.500000
60 127 0.500000
60 128 0.500000
60 130 0.500000
60 131 0.500000
60 140 0.500000
60 141 0.500000
60 142 0.500000
60 144 0.500000
60 145 0.500000
60 150 0.500000
60 151 0.500000
60 155 0.500000
60 157 0.500000
60 158 0.500000
60 160 0.500000
61 62 0.500000
61 64 0.500000
61 66 0.500000
61 67 0.500000
61 72 0.500000
61 73 0.500000
61 75 0.500000
61 77 0.500000
61 78 0.500000
61 80 0.500000
61 83 0.500000
61 86 0.500000
61 88 0.500000
61 89 0.500000
61 94 0.500000
61 95 0.500000
61 97 0.500000
61 98 0.500000
61 99 0.500000
61 102 0.500000
61 104 0.500000
61 105 0.500000
61 108 0.500000
61 109 0.500000
61 111 0.500000
61 112 0.500000
61 115 0.500000
61 116 0.500000
61 118 0.500000
61 120 0.500000
61 123 0.500000
61 124 0.500000
61 129 0.500000
61 130 0.500000
61 132 0.500000
61 136 0.500000
61 137 0.500000
61 140 0.500000
61 141 0.500000
61 142 0.500000
61 143 0.500000
61 144 0.500000
61 147 0.500000
61 150 0.500000
61 153 0.500000
61 154 0.500000
61 157 0.500000
62 63 0.500000
62 66 0.500000
62 67 0.500000
62 68 0.500000
62 69 0.500000
62 77 0.500000
62 80 0.500000
62 83 0.500000
62 84 0.500000
62 88 0.500000
62 89 0.500000
62 90 0.500000
62 93 0.500000
62 95 0.500000
62 98 0.500000
62 100 0.500000
62 101 0.500000
62 102 0.500000
62 103 0.500000
62 104 0.500000
62 105 0.500000
62 106 0.500000
62 108 0.500000
62 109 0.500000
62 114 0.500000
62 116 0.500000
62 117 0.500000
62 119 0.500000
62 120 0.500000
62 122 0.500000
62 125 0.500000
62 129 0.500000
62 131 0.500000
62 132 0.500000
62 133 0.500000
62 135 0.500000
62 136 0.500000
62 139 0.500000
62 141 0.500000
62 143 0.500000
62 146 0.500000
62 149 0.500000
62 150 0.500000
63 65 0.500000
63 66 0.500000
63 71 0.500000
63 74 0.500000
63 76 0.500000
63 78 0.500000
63 80 0.500000
63 81 0.500000
63 84 0.500000
63 87 0.500000
63 88 0.500000
63 89 0.500000
63 91 0.500000
63 92 0.500000
63 93 0.500000
63 95 0.500000
63 96 0.500000
63 102 0.500000
63 107 0.500000
63 108 0.500000
63 110 0.500000
63 111 0.500000
63 114 0.500000
63 115 0.500000
63 119 0.500000
63 120 0.500000
63 121 0.500000
63 122 0.500000
63 123 0.500000
63 124 0.500000
63 126 0.500000
63 127 0.500000
63 128 0.500000
63 129 0.500000
63 131 0.500000
63 132 0.500000
63 134 0.500000
63 135 0.500000
63 138 0.500000
63 139 0.500000
63 141 0.500000
63 142 0.500000
63 143 0.500000
63 147 0.500000
63 148 0.500000
63 149 0.500000
63 154 0.500000
63 156 0.500000
64 66 0.500000
64 67 0.500000
64 69 0.500000
64 70 0.500000
64 72 0.500000
64 74 0.500000
64 75 0.500000
64 77 0.500000
64 83 0.500000
64 85 0.500000
64 91 0.500000
64 92 0.500000
64 93 0.500000
64 96 0.500000
64 97 0.500000
64 98 0.500000
64 100 0.500000
64 103 0.500000
64 104 0.500000
64 106 0.500000
64 111 0.500000
64 112 0.500000
64 119 0.500000
64 120 0.500000
64 121 0.500000
64 122 0.500000
64 123 0.500000
64 124 0.500000
64 125 0.500000
64 126 0.500000
64 128 0.500000
64 129 0.500000
64 130 0.500000
64 132 0.500000
64 134 0.500000
64 135 0.500000
64 136 0.500000
64 137 0.500000
64 138 0.500000
64 139 0.500000
64 140 0.500000
64 141 0.500000
64 142 0.500000
64 143 0.500000
64 144 0.500000
64 145 0.500000
64 146 0.500000
64 147 0.500000
64 150 0.500000
64 151 0.500000
64 153 0.500000
64 154 0.500000
64 155 0.500000
64 157 0.500000
64 158 0.500000
64 160 0.500000
65 67 0.500000
65 69 0.500000
65 71 0.500000
65 74 0.500000
65 76 0.500000
65 79 0.500000
65 80 0.500000
65 81 0.500000
65 84 0.500000
65 90 0.500000
65 94 0.500000
65 96 0.500000
65 97 0.500000
65 101 0.500000
65 102 0.500000
65 103 0.500000
65 106 0.500000
65 107 0.500000
65 109 0.500000
65 115 0.500000
65 116 0.500000
65 118 0.500000
65 119 0.500000
65 124 0.500000
65 126 0.500000
65 129 0.500000
65 130 0.500000
65 131 0.500000
65 132 0.500000
65 133 0.500000
65 134 0.500000
65 136 0.500000
65 145 0.500000
65 146 0.500000
65 147 0.500000
65 149 0.500000
65 150 0.500000
65 151 0.500000
65 153 0.500000
65 157 0.500000
65 158 0.500000
65 160 0.500000
66 67 0.500000
66 70 0.500000
66 71 0.500000
66 76 0.500000
66 78 0.500000
66 79 0.500000
66 82 0.500000
66 83 0.500000
66 84 0.500000
66 85 0.500000
66 87 0.500000
66 92 0.500000
66 93 0.500000
66 94 0.500000
66 95 0.500000
66 101 0.500000
66 105 0.500000
66 106 0.500000
66 109 0.500000
66 110 0.500000
66 115 0.500000
66 118 0.500000
66 119 0.500000
66 120 0.500000
66 121 0.500000
66 122 0.500000
66 124 0.500000
66 130 0.500000
66 131 0.500000
66 134 0.500000
66 135 0.500000
66 137 0.500000
66 138 0.500000
66 139 0.500000
66 140 0.500000
66 143 0.500000
66 145 0.500000
66 149 0.500000
66 150 0.500000
66 151 0.500000
66 154 0.500000
66 155 0.500000
66 156 0.500000
66 158 0.500000
66 160 0.500000
67 68 0.500000
67 69 0.500000
67 71 0.500000
67 72 0.500000
67 75 0.500000
67 76 0.500000
67 77 0.500000
67 78 0.500000
67 79 0.500000
67 81 0.500000
67 82 0.500000
67 83 0.500000
67 84 0.500000
67 87 0.500000
67 88 0.500000
67 91 0.500000
67 94 0.500000
67 95 0.500000
67 96 0.500000
67 97 0.500000
67 99 0.500000
67 100 0.500000
67 101 0.500000
67 105 0.500000
67 106 0.500000
67 109 0.500000
67 110 0.500000
67 112 0.500000
67 113 0.500000
67 115 0.500000
67 116 0.500000
67 119 0.500000
67 120 0.500000
67 122 0.500000
67 123 0.500000
67 125 0.500000
67 126 0.500000
67 128 0.500000
67 129 0.500000
67 135 0.500000
67 136 0.500000
67 139 0.500000
67 140 0.500000
67 143 0.500000
67 145 0.500000
67 147 0.500000
67 156 0.500000
67 157 0.500000
67 158 0.500000
67 159 0.500000
68 70 0.500000
68 71 0.500000
68 72 0.500000
68 74 0.500000
68 75 0.500000
68 78 0.500000
68 81 0.500000
68 83 0.500000
68 84 0.500000
68 87 0.500000
68 91 0.500000
68 92 0.500000
68 93 0.500000
68 94 0.500000
68 98 0.500000
68 100 0.500000
68 102 0.500000
68 105 0.500000
68 106 0.500000
68 107 0.500000
68 109 0.500000
68 110 0.500000
68 111 0.500000
68 112 0.500000
68 113 0.500000
68 114 0.500000
68 116 0.500000
68 118 0.500000
68 121 0.500000
68 123 0.500000
68 127 0.500000
68 128 0.500000
68 132 0.500000
68 137 0.500000
68 140 0.500000
68 143 0.500000
68 145 0.500000
68 146 0.500000
68 148 0.500000
68 149 0.500000
68 154 0.500000
68 156 0.500000
68 160 0.500000
69 70 0.500000
69 72 0.500000
69 73 0.500000
69 76 0.500000
69 78 0.500000
69 80 0.500000
69 81 0.500000
69 83 0.500000
69 84 0.500000
69 85 0.500000
69 88 0.500000
69 91 0.500000
69 92 0.500000
69 93 0.500000
69 98 0.500000
69 99 0.500000
69 100 0.500000
69 101 0.500000
69 102 0.500000
69 103 0.500000
69 106 0.500000
69 108 0.500000
69 110 0.500000
69 111 0.500000
69 113 0.500000
69 117 0.500000
69 118 0.500000
69 121 0.500000
69 122 0.500000
69 125 0.500000
69 126 0.500000
69 128 0.500000
69 130 0.500000
69 131 0.500000
69 134 0.500000
69 135 0.500000
69 138 0.500000
69 140 0.500000
69 143 0.500000
69 144 0.500000
69 145 0.500000
69 146 0.500000
69 150 0.500000
69 152 0.500000
69 153 0.500000
69 154 0.500000
69 156 0.500000
70 71 0.500000
70 74 0.500000
70 76 0.500000
70 78 0.500000
70 81 0.500000
70 84 0.500000
70 89 0.500000
70 92 0.500000
70 94 0.500000
70 98 0.500000
70 99 0.500000
70 106 0.500000
70 107 0.500000
70 108 0.500000
70 109 0.500000
70 110 0.500000
70 114 0.500000
70 116 0.500000
70 117 0.500000
70 119 0.500000
70 120 0.500000
70 123 0.500000
70 126 0.500000
70 129 0.500000
70 132 0.500000
70 133 0.500000
70 134 0.500000
70 137 0.500000
70 138 0.500000
70 139 0.500000
70 141 0.500000
70 142 0.500000
70 144 0.500000
70 145 0.500000
70 146 0.500000
70 149 0.500000
70 150 0.500000
70 151 0.500000
70 154 0.500000
70 159 0.500000
71 73 0.500000
71 74 0.500000
71 77 0.500000
71 79 0.500000
71 81 0.500000
71 83 0.500000
71 84 0.500000
71 89 0.500000
71 92 0.500000
71 95 0.500000
71 97 0.500000
71 98 0.500000
71 99 0.500000
71 101 0.500000
71 102 0.500000
71 106 0.500000
71 108 0.500000
71 110 0.500000
71 111 0.500000
71 113 0.500000
71 116 0.500000
71 118 0.500000
71 121 0.500000
71 126 0.500000
71 128 0.500000
71 129 0.500000
71 130 0.500000
71 133 0.500000
71 135 0.500000
71 136 0.500000
71 137 0.500000
71 140 0.500000
71 142 0.500000
71 143 0.500000
71 144 0.500000
71 145 0.500000
71 147 0.500000
71 149 0.500000
71 150 0.500000
71 151 0.500000
71 153 0.500000
71 154 0.500000
71 159 0.500000
71 160 0.500000
72 76 0.500000
72 78 0.500000
72 81 0.500000
72 82 0.500000
72 85 0.500000
72 86 0.500000
72 88 0.500000
72 89 0.500000
72 90 0.500000
72 91 0.500000
72 95 0.500000
72 96 0.500000
72 99 0.500000
72 101 0.500000
72 105 0.500000
72 123 0.500000
72 124 0.500000
72 125 0.500000
72 127 0.500000
72 129 0.500000
72 130 0.500000
72 133 0.500000
72 136 0.500000
72 139 0.500000
72 140 0.500000
72 143 0.500000
72 145 0.500000
72 146 0.500000
72 148 0.500000
72 150 0.500000
72 151 0.500000
72 152 0.500000
72 153 0.500000
72 155 0.500000
72 159 0.500000
73 74 0.500000
73 77 0.500000
73 81 0.500000
73 82 0.500000
73 83 0.500000
73 84 0.500000
73 86 0.500000
73 87 0.500000
73 88 0.500000
73 89 0.500000
73 90 0.500000
73 93 0.500000
73 95 0.500000
73 98 0.500000
73 99 0.500000
73 102 0.500000
73 105 0.500000
73 106 0.500000
73 107 0.500000
73 108 0.500000
73 111 0.500000
73 112 0.500000
73 117 0.500000
73 118 0.500000
73 120 0.500000
73 122 0.500000
73 124 0.500000
73 125 0.500000
73 126 0.500000
73 128 0.500000
73 130 0.500000
73 133 0.500000
73 134 0.500000
73 139 0.500000
73 140 0.500000
73 143 0.500000
73 148 0.500000
73 149 0.500000
73 151 0.500000
73 152 0.500000
73 153 0.500000
73 154 0.500000
73 155 0.500000
73 158 0.500000
74 76 0.500000
74 79 0.500000
74 81 0.500000
74 83 0.500000
74 84 0.500000
74 85 0.500000
74 86 0.500000
74 87 0.500000
74 88 0.500000
74 89 0.500000
74 95 0.500000
74 98 0.500000
74 101 0.500000
74 102 0.500000
74 103 0.500000
74 104 0.500000
74 105 0.500000
74 108 0.500000
74 111 0.500000
74 113 0.500000
74 116 0.500000
74 117 0.500000
74 120 0.500000
74 121 0.500000
74 122 0.500000
74 125 0.500000
74 130 0.500000
74 131 0.500000
74 132 0.500000
74 133 0.500000
74 134 0.500000
74 135 0.500000
74 136 0.500000
74 138 0.500000
74 143 0.500000
74 147 0.500000
74 150 0.500000
74 151 0.500000
74 152 0.500000
74 153 0.500000
74 155 0.500000
74 157 0.500000
74 158 0.500000
74 160 0.500000
75 76 0.500000
75 77 0.500000
75 78 0.500000
75 81 0.500000
75 82 0.500000
75 83 0.500000
75 84 0.500000
75 86 0.500000
75 87 0.500000
75 88 0.500000
75 89 0.500000
75 93 0.500000
75 95 0.500000
75 96 0.500000
75 99 0.500000
75 100 0.500000
75 102 0.500000
75 104 0.500000
75 105 0.500000
75 107 0.500000
75 108 0.500000
75 113 0.500000
75 114 0.500000
75 120 0.500000
75 122 0.500000
75 125 0.500000
75 126 0.500000
75 127 0.500000
75 128 0.500000
75 135 0.500000
75 138 0.500000
75 143 0.500000
75 144 0.500000
75 145 0.500000
75 147 0.500000
75 149 0.500000
75 150 0.500000
75 153 0.500000
75 154 0.500000
75 156 0.500000
75 159 0.500000
76 79 0.500000
76 80 0.500000
76 81 0.500000
76 87 0.500000
76 90 0.500000
76 91 0.500000
76 93 0.500000
76 94 0.500000
76 100 0.500000
76 101 0.500000
76 102 0.500000
76 103 0.500000
76 104 0.500000
76 106 0.500000
76 108 0.500000
76 109 0.500000
76 110 0.500000
76 111 0.500000
76 112 0.500000
76 113 0.500000
76 115 0.500000
76 116 0.500000
76 117 0.500000
76 119 0.500000
76 120 0.500000
76 121 0.500000
76 122 0.500000
76 123 0.500000
76 127 0.500000
76 129 0.500000
76 130 0.500000
76 133 0.500000
76 134 0.500000
76 135 0.500000
76 137 0.500000
76 138 0.500000
76 142 0.500000
76 143 0.500000
76 145 0.500000
76 148 0.500000
76 150 0.500000
76 151 0.500000
76 152 0.500000
76 160 0.500000
77 78 0.500000
77 79 0.500000
77 82 0.500000
77 83 0.500000
77 84 0.500000
77 86 0.500000
77 88 0.500000
77 90 0.500000
77 91 0.500000
77 97 0.500000
77 99 0.500000
77 104 0.500000
77 105 0.500000
77 106 0.500000
77 107 0.500000
77 108 0.500000
77 110 0.500000
77 114 0.500000
77 115 0.500000
77 116 0.500000
77 118 0.500000
77 119 0.500000
77 123 0.500000
77 124 0.500000
77 127 0.500000
77 128 0.500000
77 129 0.500000
77 136 0.500000
77 137 0.500000
77 138 0.500000
77 139 0.500000
77 142 0.500000
77 143 0.500000
77 144 0.500000
77 146 0.500000
77 147 0.500000
77 149 0.500000
77 151 0.500000
77 152 0.500000
77 154 0.500000
77 156 0.500000
77 158 0.500000
77 159 0.500000
78 80 0.500000
78 81 0.500000
78 82 0.500000
78 83 0.500000
78 86 0.500000
78 88 0.500000
78 89 0.500000
78 92 0.500000
78 93 0.500000
78 98 0.500000
78 99 0.500000
78 103 0.500000
78 104 0.500000
78 106 0.500000
78 108 0.500000
78 109 0.500000
78 110 0.500000
78 111 0.500000
78 114 0.500000
78 115 0.500000
78 116 0.500000
78 117 0.500000
78 119 0.500000
78 122 0.500000
78 123 0.500000
78 124 0.500000
78 128 0.500000
78 131 0.500000
78 132 0.500000
78 136 0.500000
78 137 0.500000
78 138 0.500000
78 139 0.500000
78 144 0.500000
78 145 0.500000
78 148 0.500000
78 149 0.500000
78 151 0.500000
78 153 0.500000
78 157 0.500000
78 159 0.500000
79 81 0.500000
79 86 0.500000
79 87 0.500000
79 89 0.500000
79 93 0.500000
79 94 0.500000
79 95 0.500000
79 97 0.500000
79 100 0.500000
79 102 0.500000
79 103 0.500000
79 105 0.500000
79 106 0.500000
79 107 0.500000
79 109 0.500000
79 110 0.500000
79 111 0.500000
79 112 0.500000
79 113 0.500000
79 114 0.500000
79 116 0.500000
79 117 0.500000
79 118 0.500000
79 120 0.500000
79 121 0.500000
79 122 0.500000
79 123 0.500000
79 126 0.500000
79 127 0.500000
79 128 0.500000
79 130 0.500000
79 132 0.500000
79 133 0.500000
79 135 0.500000
79 136 0.500000
79 138 0.500000
79 140 0.500000
79 141 0.500000
79 145 0.500000
79 146 0.500000
79 151 0.500000
79 152 0.500000
79 160 0.500000
80 82 0.500000
80 85 0.500000
80 86 0.500000
80 88 0.500000
80 90 0.500000
80 91 0.500000
80 98 0.500000
80 99 0.500000
80 101 0.500000
80 104 0.500000
80 105 0.500000
80 106 0.500000
80 110 0.500000
80 113 0.500000
80 115 0.500000
80 117 0.500000
80 120 0.500000
80 121 0.500000
80 122 0.500000
80 123 0.500000
80 126 0.500000
80 127 0.500000
80 131 0.500000
80 134 0.500000
80 138 0.500000
80 141 0.500000
80 143 0.500000
80 144 0.500000
80 151 0.500000
80 153 0.500000
80 155 0.500000
80 158 0.500000
81 82 0.500000
81 83 0.500000
81 85 0.500000
81 86 0.500000
81 91 0.500000
81 92 0.500000
81 94 0.500000
81 96 0.500000
81 99 0.500000
81 101 0.500000
81 103 0.500000
81 107 0.500000
81 109 0.500000
81 110 0.500000
81 112 0.500000
81 113 0.500000
81 115 0.500000
81 117 0.500000
81 119 0.500000
81 124 0.500000
81 125 0.500000
81 126 0.500000
81 130 0.500000
81 133 0.500000
81 134 0.500000
81 136 0.500000
81 137 0.500000
81 138 0.500000
81 145 0.500000
81 146 0.500000
81 151 0.500000
81 152 0.500000
81 154 0.500000
81 157 0.500000
81 160 0.500000
82 86 0.500000
82 87 0.500000
82 88 0.500000
82 90 0.500000
82 92 0.500000
82 94 0.500000
82 95 0.500000
82 97 0.500000
82 98 0.500000
82 102 0.500000
82 105 0.500000
82 108 0.500000
82 109 0.500000
82 110 0.500000
82 111 0.500000
82 113 0.500000
82 114 0.500000
82 115 0.500000
82 118 0.500000
82 119 0.500000
82 120 0.500000
82 121 0.500000
82 126 0.500000
82 127 0.500000
82 128 0.500000
82 130 0.500000
82 132 0.500000
82 133 0.500000
82 134 0.500000
82 135 0.500000
82 136 0.500000
82 139 0.500000
82 140 0.500000
82 143 0.500000
82 145 0.500000
82 146 0.500000
82 147 0.500000
82 148 0.500000
82 149 0.500000
82 150 0.500000
82 151 0.500000
82 152 0.500000
82 157 0.500000
83 84 0.500000
83 85 0.500000
83 87 0.500000
83 92 0.500000
83 94 0.500000
83 95 0.500000
83 100 0.500000
83 101 0.500000
83 102 0.500000
83 104 0.500000
83 105 0.500000
83 106 0.500000
83 109 0.500000
83 110 0.500000
83 112 0.500000
83 114 0.500000
83 119 0.500000
83 121 0.500000
83 122 0.500000
83 127 0.500000
83 130 0.500000
83 135 0.500000
83 136 0.500000
83 138 0.500000
83 139 0.500000
83 140 0.500000
83 146 0.500000
83 148 0.500000
83 149 0.500000
83 150 0.500000
83 151 0.500000
83 152 0.500000
83 153 0.500000
83 154 0.500000
83 156 0.500000
83 158 0.500000
84 86 0.500000
84 87 0.500000
84 88 0.500000
84 90 0.500000
84 97 0.500000
84 99 0.500000
84 100 0.500000
84 101 0.500000
84 102 0.500000
84 103 0.500000
84 105 0.500000
84 109 0.500000
84 110 0.500000
84 111 0.500000
84 113 0.500000
84 115 0.500000
84 116 0.500000
84 118 0.500000
84 120 0.500000
84 121 0.500000
84 123 0.500000
84 126 0.500000
84 127 0.500000
84 129 0.500000
84 133 0.500000
84 134 0.500000
84 140 0.500000
84 141 0.500000
84 146 0.500000
84 148 0.500000
84 149 0.500000
84 150 0.500000
84 151 0.500000
84 152 0.500000
84 153 0.500000
84 154 0.500000
84 157 0.500000
84 159 0.500000
84 160 0.500000
85 86 0.500000
85 89 0.500000
85 90 0.500000
85 91 0.500000
85 94 0.500000
85 97 0.500000
85 98 0.500000
85 102 0.500000
85 105 0.500000
85 109 0.500000
85 112 0.500000
85 113 0.500000
85 114 0.500000
85 115 0.500000
85 116 0.500000
85 119 0.500000
85 120 0.500000
85 121 0.500000
85 125 0.500000
85 126 0.500000
85 130 0.500000
85 131 0.500000
85 133 0.500000
85 134 0.500000
85 139 0.500000
85 141 0.500000
85 142 0.500000
85 145 0.500000
85 147 0.500000
85 150 0.500000
85 154 0.500000
85 155 0.500000
85 156 0.500000
85 157 0.500000
86 87 0.500000
86 88 0.500000
86 91 0.500000
86 95 0.500000
86 98 0.500000
86 100 0.500000
86 102 0.500000
86 103 0.500000
86 104 0.500000
86 108 0.500000
86 109 0.500000
86 110 0.500000
86 112 0.500000
86 115 0.500000
86 116 0.500000
86 120 0.500000
86 121 0.500000
86 123 0.500000
86 124 0.500000
86 134 0.500000
86 136 0.500000
86 141 0.500000
86 145 0.500000
86 146 0.500000
86 147 0.500000
86 154 0.500000
86 155 0.500000
86 156 0.500000
86 157 0.500000
86 158 0.500000
86 159 0.500000
86 160 0.500000
87 89 0.500000
87 90 0.500000
87 91 0.500000
87 92 0.500000
87 95 0.500000
87 96 0.500000
87 100 0.500000
87 101 0.500000
87 102 0.500000
87 104 0.500000
87 106 0.500000
87 107 0.500000
87 111 0.500000
87 114 0.500000
87 115 0.500000
87 116 0.500000
87 117 0.500000
87 122 0.500000
87 124 0.500000
87 125 0.500000
87 126 0.500000
87 128 0.500000
87 129 0.500000
87 132 0.500000
87 134 0.500000
87 135 0.500000
87 136 0.500000
87 137 0.500000
87 139 0.500000
87 140 0.500000
87 145 0.500000
87 146 0.500000
87 150 0.500000
87 153 0.500000
87 155 0.500000
87 156 0.500000
87 157 0.500000
88 91 0.500000
88 93 0.500000
88 96 0.500000
88 98 0.500000
88 101 0.500000
88 103 0.500000
88 105 0.500000
88 106 0.500000
88 107 0.500000
88 109 0.500000
88 111 0.500000
88 114 0.500000
88 115 0.500000
88 119 0.500000
88 122 0.500000
88 123 0.500000
88 126 0.500000
88 130 0.500000
88 131 0.500000
88 133 0.500000
88 134 0.500000
88 135 0.500000
88 137 0.500000
88 139 0.500000
88 140 0.500000
88 147 0.500000
88 151 0.500000
88 152 0.500000
88 156 0.500000
88 158 0.500000
89 93 0.500000
89 97 0.500000
89 99 0.500000
89 100 0.500000
89 101 0.500000
89 103 0.500000
89 104 0.500000
89 108 0.500000
89 109 0.500000
89 112 0.500000
89 113 0.500000
89 114 0.500000
89 115 0.500000
89 117 0.500000
89 119 0.500000
89 124 0.500000
89 127 0.500000
89 130 0.500000
89 132 0.500000
89 133 0.500000
89 134 0.500000
89 135 0.500000
89 136 0.500000
89 137 0.500000
89 138 0.500000
89 140 0.500000
89 141 0.500000
89 142 0.500000
89 144 0.500000
89 145 0.500000
89 147 0.500000
89 148 0.500000
89 151 0.500000
89 153 0.500000
89 155 0.500000
89 158 0.500000
90 91 0.500000
90 92 0.500000
90 93 0.500000
90 94 0.500000
90 95 0.500000
90 96 0.500000
90 98 0.500000
90 101 0.500000
90 104 0.500000
90 105 0.500000
90 116 0.500000
90 117 0.500000
90 118 0.500000
90 122 0.500000
90 123 0.500000
90 125 0.500000
90 128 0.500000
90 130 0.500000
90 133 0.500000
90 135 0.500000
90 136 0.500000
90 140 0.500000
90 142 0.500000
90 144 0.500000
90 146 0.500000
90 148 0.500000
90 149 0.500000
90 152 0.500000
90 153 0.500000
90 158 0.500000
90 159 0.500000
90 160 0.500000
91 92 0.500000
91 94 0.500000
91 97 0.500000
91 99 0.500000
91 100 0.500000
91 103 0.500000
91 108 0.500000
91 112 0.500000
91 113 0.500000
91 114 0.500000
91 117 0.500000
91 118 0.500000
91 121 0.500000
91 123 0.500000
91 124 0.500000
91 125 0.500000
91 127 0.500000
91 131 0.500000
91 133 0.500000
91 134 0.500000
91 135 0.500000
91 137 0.500000
91 138 0.500000
91 139 0.500000
91 140 0.500000
91 143 0.500000
91 148 0.500000
91 150 0.500000
91 154 0.500000
91 155 0.500000
91 158 0.500000
91 159 0.500000
91 160 0.500000
92 93 0.500000
92 95 0.500000
92 96 0.500000
92 97 0.500000
92 98 0.500000
92 104 0.500000
92 105 0.500000
92 110 0.500000
92 111 0.500000
92 112 0.500000
92 117 0.500000
92 119 0.500000
92 122 0.500000
92 123 0.500000
92 126 0.500000
92 127 0.500000
92 130 0.500000
92 131 0.500000
92 134 0.500000
92 138 0.500000
92 139 0.500000
92 140 0.500000
92 141 0.500000
92 144 0.500000
92 147 0.500000
92 149 0.500000
92 152 0.500000
92 153 0.500000
92 154 0.500000
92 155 0.500000
92 157 0.500000
92 159 0.500000
92 160 0.500000
93 96 0.500000
93 98 0.500000
93 103 0.500000
93 104 0.500000
93 105 0.500000
93 106 0.500000
93 107 0.500000
93 108 0.500000
93 109 0.500000
93 113 0.500000
93 114 0.500000
93 115 0.500000
93 116 0.500000
93 117 0.500000
93 120 0.500000
93 124 0.500000
93 125 0.500000
93 126 0.500000
93 127 0.500000
93 128 0.500000
93 129 0.500000
93 131 0.500000
93 132 0.500000
93 138 0.500000
93 140 0.500000
93 141 0.500000
93 142 0.500000
93 144 0.500000
93 147 0.500000
93 148 0.500000
93 150 0.500000
93 151 0.500000
93 152 0.500000
93 154 0.500000
93 156 0.500000
93 157 0.500000
93 158 0.500000
94 95 0.500000
94 97 0.500000
94 100 0.500000
94 103 0.500000
94 105 0.500000
94 106 0.500000
94 108 0.500000
94 110 0.500000
94 111 0.500000
94 114 0.500000
94 115 0.500000
94 117 0.500000
94 119 0.500000
94 120 0.500000
94 122 0.500000
94 124 0.500000
94 125 0.500000
94 126 0.500000
94 129 0.500000
94 131 0.500000
94 132 0.500000
94 134 0.500000
94 136 0.500000
94 137 0.500000
94 141 0.500000
94 142 0.500000
94 146 0.500000
94 147 0.500000
94 156 0.500000
94 157 0.500000
94 158 0.500000
94 159 0.500000
94 160 0.500000
95 96 0.500000
95 97 0.500000
95 101 0.500000
95 103 0.500000
95 104 0.500000
95 107 0.500000
95 110 0.500000
95 112 0.500000
95 114 0.500000
95 116 0.500000
95 118 0.500000
95 129 0.500000
95 130 0.500000
95 134 0.500000
95 139 0.500000
95 140 0.500000
95 141 0.500000
95 142 0.500000
95 143 0.500000
95 145 0.500000
95 149 0.500000
95 151 0.500000
95 152 0.500000
95 153 0.500000
95 154 0.500000
95 156 0.500000
95 157 0.500000
95 158 0.500000
95 159 0.500000
95 160 0.500000
96 99 0.500000
96 106 0.500000
96 107 0.500000
96 108 0.500000
96 110 0.500000
96 112 0.500000
96 117 0.500000
96 119 0.500000
96 120 0.500000
96 121 0.500000
96 122 0.500000
96 124 0.500000
96 126 0.500000
96 127 0.500000
96 128 0.500000
96 132 0.500000
96 136 0.500000
96 138 0.500000
96 141 0.500000
96 143 0.500000
96 146 0.500000
96 147 0.500000
96 148 0.500000
96 151 0.500000
96 153 0.500000
96 154 0.500000
96 156 0.500000
96 158 0.500000
96 160 0.500000
97 98 0.500000
97 99 0.500000
97 100 0.500000
97 101 0.500000
97 103 0.500000
97 104 0.500000
97 105 0.500000
97 108 0.500000
97 109 0.500000
97 114 0.500000
97 115 0.500000
97 116 0.500000
97 117 0.500000
97 119 0.500000
97 120 0.500000
97 123 0.500000
97 124 0.500000
97 128 0.500000
97 130 0.500000
97 131 0.500000
97 132 0.500000
97 133 0.500000
97 134 0.500000
97 140 0.500000
97 141 0.500000
97 143 0.500000
97 146 0.500000
97 147 0.500000
97 149 0.500000
97 150 0.500000
97 151 0.500000
97 152 0.500000
97 156 0.500000
97 157 0.500000
97 158 0.500000
97 159 0.500000
98 102 0.500000
98 105 0.500000
98 106 0.500000
98 109 0.500000
98 115 0.500000
98 117 0.500000
98 119 0.500000
98 126 0.500000
98 128 0.500000
98 129 0.500000
98 130 0.500000
98 131 0.500000
98 133 0.500000
98 134 0.500000
98 136 0.500000
98 137 0.500000
98 138 0.500000
98 140 0.500000
98 141 0.500000
98 142 0.500000
98 144 0.500000
98 146 0.500000
98 149 0.500000
98 150 0.500000
98 153 0.500000
98 154 0.500000
98 155 0.500000
98 156 0.500000
98 158 0.500000
98 159 0.500000
98 160 0.500000
99 100 0.500000
99 102 0.500000
99 107 0.500000
99 110 0.500000
99 111 0.500000
99 113 0.500000
99 115 0.500000
99 117 0.500000
99 118 0.500000
99 119 0.500000
99 122 0.500000
99 123 0.500000
99 125 0.500000
99 128 0.500000
99 130 0.500000
99 131 0.500000
99 134 0.500000
99 136 0.500000
99 137 0.500000
99 138 0.500000
99 139 0.500000
99 141 0.500000
99 142 0.500000
99 145 0.500000
99 146 0.500000
99 148 0.500000
99 151 0.500000
99 153 0.500000
99 155 0.500000
99 156 0.500000
99 157 0.500000
99 160 0.500000
100 101 0.500000
100 102 0.500000
100 103 0.500000
100 104 0.500000
100 106 0.500000
100 107 0.500000
100 108 0.500000
100 109 0.500000
100 110 0.500000
100 112 0.500000
100 114 0.500000
100 115 0.500000
100 117 0.500000
100 121 0.500000
100 124 0.500000
100 126 0.500000
100 127 0.500000
100 130 0.500000
100 134 0.500000
100 137 0.500000
100 139 0.500000
100 142 0.500000
100 144 0.500000
100 146 0.500000
100 151 0.500000
100 152 0.500000
100 158 0.500000
100 160 0.500000
101 103 0.500000
101 104 0.500000
101 105 0.500000
101 106 0.500000
101 110 0.500000
101 116 0.500000
101 119 0.500000
101 123 0.500000
101 124 0.500000
101 126 0.500000
101 129 0.500000
101 134 0.500000
101 136 0.500000
101 137 0.500000
101 138 0.500000
101 141 0.500000
101 142 0.500000
101 144 0.500000
101 145 0.500000
101 146 0.500000
101 147 0.500000
101 148 0.500000
101 149 0.500000
101 150 0.500000
101 153 0.500000
101 156 0.500000
101 158 0.500000
101 159 0.500000
101 160 0.500000
102 108 0.500000
102 109 0.500000
102 111 0.500000
102 116 0.500000
102 117 0.500000
102 123 0.500000
102 126 0.500000
102 127 0.500000
102 131 0.500000
102 132 0.500000
102 133 0.500000
102 135 0.500000
102 137 0.500000
102 139 0.500000
102 145 0.500000
102 146 0.500000
102 148 0.500000
102 150 0.500000
102 151 0.500000
102 153 0.500000
102 156 0.500000
102 157 0.500000
102 160 0.500000
103 104 0.500000
103 105 0.500000
103 106 0.500000
103 107 0.500000
103 109 0.500000
103 112 0.500000
103 117 0.500000
103 118 0.500000
103 119 0.500000
103 121 0.500000
103 122 0.500000
103 125 0.500000
103 127 0.500000
103 132 0.500000
103 134 0.500000
103 135 0.500000
103 136 0.500000
103 137 0.500000
103 140 0.500000
103 142 0.500000
103 144 0.500000
103 146 0.500000
103 147 0.500000
103 148 0.500000
103 150 0.500000
103 151 0.500000
103 152 0.500000
103 153 0.500000
103 155 0.500000
103 157 0.500000
103 158 0.500000
103 160 0.500000
104 105 0.500000
104 106 0.500000
104 107 0.500000
104 108 0.500000
104 112 0.500000
104 113 0.500000
104 114 0.500000
104 115 0.500000
104 117 0.500000
104 120 0.500000
104 122 0.500000
104 123 0.500000
104 124 0.500000
104 125 0.500000
104 126 0.500000
104 127 0.500000
104 128 0.500000
104 129 0.500000
104 130 0.500000
104 132 0.500000
104 133 0.500000
104 136 0.500000
104 139 0.500000
104 142 0.500000
104 144 0.500000
104 145 0.500000
104 148 0.500000
104 149 0.500000
104 150 0.500000
104 153 0.500000
104 155 0.500000
104 156 0.500000
104 158 0.500000
105 106 0.500000
105 110 0.500000
105 111 0.500000
105 113 0.500000
105 114 0.500000
105 117 0.500000
105 118 0.500000
105 119 0.500000
105 123 0.500000
105 128 0.500000
105 129 0.500000
105 130 0.500000
105 132 0.500000
105 134 0.500000
105 135 0.500000
105 140 0.500000
105 142 0.500000
105 143 0.500000
105 144 0.500000
105 145 0.500000
105 146 0.500000
105 147 0.500000
105 148 0.500000
105 149 0.500000
105 150 0.500000
105 151 0.500000
105 152 0.500000
105 153 0.500000
105 155 0.500000
105 156 0.500000
105 157 0.500000
106 107 0.500000
106 111 0.500000
106 112 0.500000
106 115 0.500000
106 116 0.500000
106 117 0.500000
106 118 0.500000
106 119 0.500000
106 120 0.500000
106 121 0.500000
106 122 0.500000
106 123 0.500000
106 125 0.500000
106 127 0.500000
106 129 0.500000
106 131 0.500000
106 132 0.500000
106 135 0.500000
106 136 0.500000
106 137 0.500000
106 143 0.500000
106 144 0.500000
106 147 0.500000
106 148 0.500000
106 151 0.500000
106 152 0.500000
106 153 0.500000
106 154 0.500000
106 156 0.500000
106 157 0.500000
106 158 0.500000
107 108 0.500000
107 109 0.500000
107 110 0.500000
107 113 0.500000
107 114 0.500000
107 115 0.500000
107 118 0.500000
107 120 0.500000
107 121 0.500000
107 125 0.500000
107 128 0.500000
107 132 0.500000
107 135 0.500000
107 136 0.500000
107 137 0.500000
107 138 0.500000
107 143 0.500000
107 144 0.500000
107 145 0.500000
107 146 0.500000
107 147 0.500000
107 148 0.500000
107 151 0.500000
107 153 0.500000
107 155 0.500000
107 156 0.500000
107 158 0.500000
107 159 0.500000
108 109 0.500000
108 110 0.500000
108 111 0.500000
108 113 0.500000
108 116 0.500000
108 117 0.500000
108 118 0.500000
108 119 0.500000
108 120 0.500000
108 121 0.500000
108 123 0.500000
108 124 0.500000
108 129 0.500000
108 130 0.500000
108 131 0.500000
108 136 0.500000
108 137 0.500000
108 140 0.500000
108 141 0.500000
108 144 0.500000
108 145 0.500000
108 146 0.500000
108 147 0.500000
108 149 0.500000
108 150 0.500000
108 151 0.500000
108 152 0.500000
108 153 0.500000
108 155 0.500000
108 158 0.500000
109 110 0.500000
109 116 0.500000
109 118 0.500000
109 120 0.500000
109 122 0.500000
109 123 0.500000
109 124 0.500000
109 125 0.500000
109 128 0.500000
109 134 0.500000
109 136 0.500000
109 137 0.500000
109 139 0.500000
109 142 0.500000
109 143 0.500000
109 146 0.500000
109 148 0.500000
109 152 0.500000
109 154 0.500000
109 155 0.500000
109 156 0.500000
109 157 0.500000
109 158 0.500000
109 159 0.500000
110 111 0.500000
110 114 0.500000
110 115 0.500000
110 116 0.500000
110 119 0.500000
110 120 0.500000
110 122 0.500000
110 130 0.500000
110 132 0.500000
110 133 0.500000
110 135 0.500000
110 136 0.500000
110 137 0.500000
110 139 0.500000
110 140 0.500000
110 141 0.500000
110 142 0.500000
110 146 0.500000
110 147 0.500000
110 149 0.500000
110 150 0.500000
110 151 0.500000
110 154 0.500000
110 156 0.500000
110 160 0.500000
111 122 0.500000
111 125 0.500000
111 126 0.500000
111 127 0.500000
111 129 0.500000
111 132 0.500000
111 134 0.500000
111 135 0.500000
111 137 0.500000
111 139 0.500000
111 142 0.500000
111 143 0.500000
111 144 0.500000
111 147 0.500000
111 148 0.500000
111 149 0.500000
111 152 0.500000
111 154 0.500000
111 155 0.500000
111 159 0.500000
111 160 0.500000
112 115 0.500000
112 116 0.500000
112 119 0.500000
112 120 0.500000
112 122 0.500000
112 125 0.500000
112 127 0.500000
112 129 0.500000
112 132 0.500000
112 135 0.500000
112 141 0.500000
112 142 0.500000
112 144 0.500000
112 146 0.500000
112 153 0.500000
112 154 0.500000
112 158 0.500000
112 159 0.500000
113 115 0.500000
113 118 0.500000
113 119 0.500000
113 120 0.500000
113 121 0.500000
113 123 0.500000
113 126 0.500000
113 129 0.500000
113 133 0.500000
113 135 0.500000
113 136 0.500000
113 137 0.500000
113 138 0.500000
113 139 0.500000
113 140 0.500000
113 141 0.500000
113 142 0.500000
113 143 0.500000
113 144 0.500000
113 145 0.500000
113 149 0.500000
113 153 0.500000
113 154 0.500000
113 159 0.500000
113 160 0.500000
114 115 0.500000
114 116 0.500000
114 117 0.500000
114 123 0.500000
114 124 0.500000
114 126 0.500000
114 127 0.500000
114 128 0.500000
114 129 0.500000
114 132 0.500000
114 133 0.500000
114 136 0.500000
114 137 0.500000
114 138 0.500000
114 141 0.500000
114 142 0.500000
114 143 0.500000
114 148 0.500000
114 153 0.500000
114 154 0.500000
114 159 0.500000
115 118 0.500000
115 120 0.500000
115 126 0.500000
115 127 0.500000
115 128 0.500000
115 129 0.500000
115 131 0.500000
115 132 0.500000
115 134 0.500000
115 135 0.500000
115 138 0.500000
115 140 0.500000
115 143 0.500000
115 144 0.500000
115 150 0.500000
115 151 0.500000
115 157 0.500000
115 160 0.500000
116 117 0.500000
116 118 0.500000
116 119 0.500000
116 122 0.500000
116 123 0.500000
116 125 0.500000
116 126 0.500000
116 127 0.500000
116 130 0.500000
116 131 0.500000
116 134 0.500000
116 135 0.500000
116 137 0.500000
116 139 0.500000
116 140 0.500000
116 141 0.500000
116 143 0.500000
116 146 0.500000
116 149 0.500000
116 154 0.500000
116 155 0.500000
116 159 0.500000
116 160 0.500000
117 118 0.500000
117 119 0.500000
117 121 0.500000
117 122 0.500000
117 128 0.500000
117 131 0.500000
117 132 0.500000
117 133 0.500000
117 135 0.500000
117 137 0.500000
117 138 0.500000
117 139 0.500000
117 140 0.500000
117 141 0.500000
117 144 0.500000
117 146 0.500000
117 148 0.500000
117 150 0.500000
117 154 0.500000
117 155 0.500000
117 156 0.500000
117 157 0.500000
117 158 0.500000
117 160 0.500000
118 120 0.500000
118 122 0.500000
118 124 0.500000
118 125 0.500000
118 126 0.500000
118 128 0.500000
118 130 0.500000
118 131 0.500000
118 133 0.500000
118 134 0.500000
118 135 0.500000
118 137 0.500000
118 138 0.500000
118 139 0.500000
118 140 0.500000
118 144 0.500000
118 146 0.500000
118 148 0.500000
118 150 0.500000
118 152 0.500000
118 153 0.500000
118 156 0.500000
118 157 0.500000
118 159 0.500000
118 160 0.500000
119 121 0.500000
119 126 0.500000
119 129 0.500000
119 130 0.500000
119 134 0.500000
119 135 0.500000
119 136 0.500000
119 137 0.500000
119 138 0.500000
119 139 0.500000
119 140 0.500000
119 142 0.500000
119 145 0.500000
119 147 0.500000
119 152 0.500000
119 154 0.500000
119 156 0.500000
119 157 0.500000
120 122 0.500000
120 123 0.500000
120 124 0.500000
120 130 0.500000
120 135 0.500000
120 139 0.500000
120 140 0.500000
120 142 0.500000
120 144 0.500000
120 146 0.500000
120 147 0.500000
120 150 0.500000
120 151 0.500000
120 152 0.500000
120 153 0.500000
120 158 0.500000
120 159 0.500000
120 160 0.500000
121 122 0.500000
121 127 0.500000
121 128 0.500000
121 130 0.500000
121 132 0.500000
121 136 0.500000
121 137 0.500000
121 139 0.500000
121 140 0.500000
121 141 0.500000
121 142 0.500000
121 143 0.500000
121 144 0.500000
121 145 0.500000
121 147 0.500000
121 149 0.500000
121 152 0.500000
121 154 0.500000
121 155 0.500000
121 156 0.500000
121 157 0.500000
121 158 0.500000
121 160 0.500000
122 126 0.500000
122 128 0.500000
122 129 0.500000
122 131 0.500000
122 133 0.500000
122 134 0.500000
122 136 0.500000
122 140 0.500000
122 142 0.500000
122 143 0.500000
122 148 0.500000
122 149 0.500000
122 152 0.500000
122 154 0.500000
122 155 0.500000
122 157 0.500000
122 158 0.500000
122 160 0.500000
123 124 0.500000
123 125 0.500000
123 127 0.500000
123 130 0.500000
123 131 0.500000
123 133 0.500000
123 138 0.500000
123 140 0.500000
123 141 0.500000
123 142 0.500000
123 144 0.500000
123 148 0.500000
123 150 0.500000
123 151 0.500000
123 152 0.500000
123 154 0.500000
123 157 0.500000
123 159 0.500000
124 128 0.500000
124 130 0.500000
124 131 0.500000
124 133 0.500000
124 134 0.500000
124 139 0.500000
124 140 0.500000
124 143 0.500000
124 144 0.500000
124 145 0.500000
124 147 0.500000
124 149 0.500000
124 155 0.500000
124 156 0.500000
124 159 0.500000
124 160 0.500000
125 129 0.500000
125 130 0.500000
125 133 0.500000
125 137 0.500000
125 139 0.500000
125 141 0.500000
125 143 0.500000
125 144 0.500000
125 146 0.500000
125 147 0.500000
125 152 0.500000
125 154 0.500000
125 156 0.500000
125 159 0.500000
125 160 0.500000
126 131 0.500000
126 133 0.500000
126 139 0.500000
126 140 0.500000
126 141 0.500000
126 142 0.500000
126 144 0.500000
126 148 0.500000
126 149 0.500000
126 150 0.500000
126 151 0.500000
126 153 0.500000
126 154 0.500000
126 155 0.500000
126 156 0.500000
126 160 0.500000
127 129 0.500000
127 132 0.500000
127 133 0.500000
127 134 0.500000
127 136 0.500000
127 139 0.500000
127 141 0.500000
127 143 0.500000
127 145 0.500000
127 146 0.500000
127 150 0.500000
127 154 0.500000
127 156 0.500000
127 158 0.500000
127 160 0.500000
128 129 0.500000
128 131 0.500000
128 132 0.500000
128 133 0.500000
128 134 0.500000
128 136 0.500000
128 139 0.500000
128 140 0.500000
128 144 0.500000
128 146 0.500000
128 147 0.500000
128 148 0.500000
128 149 0.500000
128 150 0.500000
128 151 0.500000
128 153 0.500000
128 155 0.500000
128 156 0.500000
128 159 0.500000
128 160 0.500000
129 131 0.500000
129 132 0.500000
129 133 0.500000
129 138 0.500000
129 140 0.500000
129 147 0.500000
129 151 0.500000
129 155 0.500000
129 156 0.500000
129 157 0.500000
129 158 0.500000
129 159 0.500000
129 160 0.500000
130 131 0.500000
130 133 0.500000
130 135 0.500000
130 137 0.500000
130 138 0.500000
130 141 0.500000
130 142 0.500000
130 144 0.500000
130 145 0.500000
130 146 0.500000
130 147 0.500000
130 148 0.500000
130 150 0.500000
130 151 0.500000
130 152 0.500000
130 153 0.500000
130 155 0.500000
130 156 0.500000
130 160 0.500000
131 133 0.500000
131 136 0.500000
131 137 0.500000
131 138 0.500000
131 139 0.500000
131 140 0.500000
131 141 0.500000
131 142 0.500000
131 143 0.500000
131 148 0.500000
131 149 0.500000
131 150 0.500000
131 152 0.500000
131 153 0.500000
131 155 0.500000
132 133 0.500000
132 134 0.500000
132 136 0.500000
132 139 0.500000
132 140 0.500000
132 141 0.500000
132 145 0.500000
132 146 0.500000
132 147 0.500000
132 151 0.500000
132 157 0.500000
132 159 0.500000
132 160 0.500000
133 134 0.500000
133 136 0.500000
133 139 0.500000
133 142 0.500000
133 145 0.500000
133 147 0.500000
133 148 0.500000
133 150 0.500000
133 152 0.500000
133 154 0.500000
133 156 0.500000
133 158 0.500000
133 159 0.500000
134 136 0.500000
134 137 0.500000
134 138 0.500000
134 139 0.500000
134 140 0.500000
134 141 0.500000
134 142 0.500000
134 143 0.500000
134 144 0.500000
134 145 0.500000
134 148 0.500000
134 149 0.500000
134 151 0.500000
134 152 0.500000
134 153 0.500000
134 155 0.500000
134 158 0.500000
134 159 0.500000
135 136 0.500000
135 137 0.500000
135 138 0.500000
135 140 0.500000
135 141 0.500000
135 143 0.500000
135 144 0.500000
135 147 0.500000
135 148 0.500000
135 149 0.500000
135 150 0.500000
135 151 0.500000
135 153 0.500000
135 155 0.500000
135 156 0.500000
135 157 0.500000
135 158 0.500000
136 137 0.500000
136 138 0.500000
136 139 0.500000
136 142 0.500000
136 143 0.500000
136 144 0.500000
136 148 0.500000
136 149 0.500000
136 153 0.500000
136 157 0.500000
136 159 0.500000
137 138 0.500000
137 140 0.500000
137 143 0.500000
137 145 0.500000
137 146 0.500000
137 147 0.500000
137 148 0.500000
137 153 0.500000
137 158 0.500000
137 160 0.500000
138 139 0.500000
138 140 0.500000
138 141 0.500000
138 143 0.500000
138 146 0.500000
138 149 0.500000
138 150 0.500000
138 151 0.500000
138 152 0.500000
138 158 0.500000
138 160 0.500000
139 141 0.500000
139 142 0.500000
139 144 0.500000
139 148 0.500000
139 149 0.500000
139 151 0.500000
139 153 0.500000
139 156 0.500000
139 157 0.500000
139 159 0.500000
140 142 0.500000
140 144 0.500000
140 145 0.500000
140 147 0.500000
140 148 0.500000
140 149 0.500000
140 150 0.500000
140 152 0.500000
140 153 0.500000
141 144 0.500000
141 146 0.500000
141 147 0.500000
141 148 0.500000
141 150 0.500000
141 151 0.500000
141 154 0.500000
141 155 0.500000
142 143 0.500000
142 144 0.500000
142 146 0.500000
142 148 0.500000
142 150 0.500000
142 151 0.500000
142 152 0.500000
142 154 0.500000
142 158 0.500000
142 159 0.500000
142 160 0.500000
143 145 0.500000
143 146 0.500000
143 148 0.500000
143 149 0.500000
143 155 0.500000
143 156 0.500000
143 158 0.500000
144 145 0.500000
144 148 0.500000
144 149 0.500000
144 151 0.500000
144 153 0.500000
144 154 0.500000
144 155 0.500000
144 156 0.500000
144 157 0.500000
144 159 0.500000
144 160 0.500000
145 146 0.500000
145 147 0.500000
145 149 0.500000
145 150 0.500000
145 154 0.500000
145 157 0.500000
145 159 0.500000
145 160 0.500000
146 147 0.500000
146 149 0.500000
146 151 0.500000
146 154 0.500000
146 155 0.500000
146 157 0.500000
146 159 0.500000
146 160 0.500000
147 148 0.500000
147 149 0.500000
147 150 0.500000
147 151 0.500000
147 155 0.500000
147 159 0.500000
148 149 0.500000
148 152 0.500000
148 155 0.500000
148 158 0.500000
148 159 0.500000
148 160 0.500000
149 150 0.500000
149 151 0.500000
149 152 0.500000
149 153 0.500000
149 155 0.500000
149 156 0.500000
149 158 0.500000
149 159 0.500000
149 160 0.500000
150 151 0.500000
150 154 0.500000
150 155 0.500000
150 157 0.500000
150 158 0.500000
150 160 0.500000
151 152 0.500000
151 157 0.500000
151 159 0.500000
151 160 0.500000
152 153 0.500000
152 160 0.500000
153 155 0.500000
153 156 0.500000
153 158 0.500000
153 159 0.500000
154 155 0.500000
154 158 0.500000
155 158 0.500000
156 157 0.500000
157 158 0.500000
157 160 0.500000
158 160 0.500000
159 160 0.500000
