160 80 6360
1 4 0.500000
1 5 0.500000
1 6 0.500000
1 8 0.500000
1 11 0.500000
1 13 0.500000
1 20 0.500000
1 21 0.500000
1 22 0.500000
1 23 0.500000
1 24 0.500000
1 25 0.500000
1 26 0.500000
1 27 0.500000
1 29 0.500000
1 31 0.500000
1 32 0.500000
1 33 0.500000
1 34 0.500000
1 38 0.500000
1 39 0.500000
1 40 0.500000
1 42 0.500000
1 45 0.500000
1 46 0.500000
1 50 0.500000
1 53 0.500000
1 54 0.500000
1 56 0.500000
1 58 0.500000
1 60 0.500000
1 63 0.500000
1 64 0.500000
1 65 0.500000
1 66 0.500000
1 68 0.500000
1 69 0.500000
1 70 0.500000
1 72 0.500000
1 73 0.500000
1 75 0.500000
1 78 0.500000
1 80 0.500000
1 84 0.500000
1 85 0.500000
1 86 0.500000
1 87 0.500000
1 88 0.500000
1 89 0.500000
1 90 0.500000
1 92 0.500000
1 93 0.500000
1 94 0.500000
1 96 0.500000
1 97 0.500000
1 98 0.500000
1 99 0.500000
1 101 0.500000
1 104 0.500000
1 106 0.500000
1 108 0.500000
1 109 0.500000
1 113 0.500000
1 114 0.500000
1 118 0.500000
1 120 0.500000
1 121 0.500000
1 125 0.500000
1 126 0.500000
1 128 0.500000
1 129 0.500000
1 130 0.500000
1 132 0.500000
1 133 0.500000
1 134 0.500000
1 135 0.500000
1 136 0.500000
1 137 0.500000
1 138 0.500000
1 139 0.500000
1 140 0.500000
1 141 0.500000
1 144 0.500000
1 149 0.500000
1 158 0.500000
1 160 0.500000
2 3 0.500000
2 4 0.500000
2 5 0.500000
2 8 0.500000
2 9 0.500000
2 11 0.500000
2 15 0.500000
2 16 0.500000
2 20 0.500000
2 21 0.500000
2 24 0.500000
2 25 0.500000
2 26 0.500000
2 28 0.500000
2 29 0.500000
2 30 0.500000
2 34 0.500000
2 35 0.500000
2 36 0.500000
2 38 0.500000
2 43 0.500000
2 44 0.500000
2 46 0.500000
2 48 0.500000
2 49 0.500000
2 53 0.500000
2 54 0.500000
2 55 0.500000
2 58 0.500000
2 59 0.500000
2 63 0.500000
2 64 0.500000
2 65 0.500000
2 67 0.500000
2 69 0.500000
2 70 0.500000
2 72 0.500000
2 73 0.500000
2 77 0.500000
2 78 0.500000
2 79 0.500000
2 80 0.500000
2 81 0.500000
2 85 0.500000
2 86 0.500000
2 87 0.500000
2 89 0.500000
2 90 0.500000
2 91 0.500000
2 92 0.500000
2 93 0.500000
2 99 0.500000
2 101 0.500000
2 106 0.500000
2 113 0.500000
2 115 0.500000
2 116 0.500000
2 117 0.500000
2 121 0.500000
2 122 0.500000
2 123 0.500000
2 124 0.500000
2 126 0.500000
2 131 0.500000
2 134 0.500000
2 135 0.500000
2 138 0.500000
2 141 0.500000
2 145 0.500000
2 146 0.500000
2 152 0.500000
2 153 0.500000
2 157 0.500000
2 158 0.500000
3 8 0.500000
3 10 0.500000
3 11 0.500000
3 12 0.500000
3 13 0.500000
3 14 0.500000
3 16 0.500000
3 17 0.500000
3 21 0.500000
3 22 0.500000
3 23 0.500000
3 31 0.500000
3 35 0.500000
3 40 0.500000
3 41 0.500000
3 44 0.500000
3 48 0.500000
3 50 0.500000
3 51 0.500000
3 52 0.500000
3 54 0.500000
3 56 0.500000
3 57 0.500000
3 58 0.500000
3 61 0.500000
3 62 0.500000
3 64 0.500000
3 65 0.500000
3 66 0.500000
3 68 0.500000
3 70 0.500000
3 71 0.500000
3 72 0.500000
3 73 0.500000
3 74 0.500000
3 76 0.500000
3 78 0.500000
3 80 0.500000
3 83 0.500000
3 86 0.500000
3 87 0.500000
3 89 0.500000
3 92 0.500000
3 93 0.500000
3 94 0.500000
3 95 0.500000
3 96 0.500000
3 97 0.500000
3 98 0.500000
3 99 0.500000
3 100 0.500000
3 101 0.500000
3 102 0.500000
3 103 0.500000
3 104 0.500000
3 105 0.500000
3 106 0.500000
3 108 0.500000
3 109 0.500000
3 111 0.500000
3 113 0.500000
3 114 0.500000
3 116 0.500000
3 117 0.500000
3 118 0.500000
3 120 0.500000
3 122 0.500000
3 123 0.500000
3 124 0.500000
3 126 0.500000
3 128 0.500000
3 130 0.500000
3 131 0.500000
3 132 0.500000
3 133 0.500000
3 134 0.500000
3 135 0.500000
3 136 0.500000
3 137 0.500000
3 138 0.500000
3 142 0.500000
3 144 0.500000
3 145 0.500000
3 148 0.500000
3 149 0.500000
3 152 0.500000
3 154 0.500000
4 6 0.500000
4 7 0.500000
4 10 0.500000
4 11 0.500000
4 15 0.500000
4 17 0.500000
4 22 0.500000
4 23 0.500000
4 24 0.500000
4 25 0.500000
4 26 0.500000
4 27 0.500000
4 28 0.500000
4 29 0.500000
4 30 0.500000
4 32 0.500000
4 39 0.500000
4 43 0.500000
4 44 0.500000
4 46 0.500000
4 50 0.500000
4 52 0.500000
4 54 0.500000
4 55 0.500000
4 56 0.500000
4 57 0.500000
4 62 0.500000
4 63 0.500000
4 64 0.500000
4 66 0.500000
4 68 0.500000
4 69 0.500000
4 70 0.500000
4 71 0.500000
4 72 0.500000
4 75 0.500000
4 76 0.500000
4 84 0.500000
4 85 0.500000
4 89 0.500000
4 91 0.500000
4 93 0.500000
4 96 0.500000
4 97 0.500000
4 98 0.500000
4 100 0.500000
4 101 0.500000
4 102 0.500000
4 106 0.500000
4 108 0.500000
4 111 0.500000
4 112 0.500000
4 114 0.500000
4 119 0.500000
4 120 0.500000
4 122 0.500000
4 124 0.500000
4 125 0.500000
4 126 0.500000
4 129 0.500000
4 131 0.500000
4 134 0.500000
4 135 0.500000
4 139 0.500000
4 140 0.500000
4 146 0.500000
4 148 0.500000
4 149 0.500000
4 151 0.500000
4 152 0.500000
4 154 0.500000
4 155 0.500000
4 156 0.500000
4 157 0.500000
5 10 0.500000
5 11 0.500000
5 13 0.500000
5 14 0.500000
5 15 0.500000
5 17 0.500000
5 21 0.500000
5 22 0.500000
5 23 0.500000
5 24 0.500000
5 28 0.500000
5 30 0.500000
5 37 0.500000
5 39 0.500000
5 40 0.500000
5 43 0.500000
5 47 0.500000
5 49 0.500000
5 50 0.500000
5 51 0.500000
5 52 0.500000
5 55 0.500000
5 56 0.500000
5 57 0.500000
5 61 0.500000
5 62 0.500000
5 63 0.500000
5 65 0.500000
5 70 0.500000
5 72 0.500000
5 75 0.500000
5 79 0.500000
5 80 0.500000
5 83 0.500000
5 85 0.500000
5 86 0.500000
5 87 0.500000
5 88 0.500000
5 90 0.500000
5 94 0.500000
5 95 0.500000
5 96 0.500000
5 101 0.500000
5 103 0.500000
5 104 0.500000
5 106 0.500000
5 107 0.500000
5 109 0.500000
5 110 0.500000
5 111 0.500000
5 113 0.500000
5 114 0.500000
5 116 0.500000
5 119 0.500000
5 121 0.500000
5 122 0.500000
5 123 0.500000
5 127 0.500000
5 128 0.500000
5 129 0.500000
5 130 0.500000
5 132 0.500000
5 133 0.500000
5 134 0.500000
5 137 0.500000
5 138 0.500000
5 139 0.500000
5 141 0.500000
5 142 0.500000
5 143 0.500000
5 144 0.500000
5 145 0.500000
5 148 0.500000
5 149 0.500000
5 150 0.500000
5 156 0.500000
5 157 0.500000
5 158 0.500000
6 7 0.500000
6 8 0.500000
6 12 0.500000
6 14 0.500000
6 16 0.500000
6 19 0.500000
6 22 0.500000
6 24 0.500000
6 27 0.500000
6 31 0.500000
6 32 0.500000
6 33 0.500000
6 35 0.500000
6 36 0.500000
6 40 0.500000
6 42 0.500000
6 48 0.500000
6 49 0.500000
6 50 0.500000
6 53 0.500000
6 54 0.500000
6 55 0.500000
6 57 0.500000
6 60 0.500000
6 62 0.500000
6 64 0.500000
6 66 0.500000
6 67 0.500000
6 68 0.500000
6 69 0.500000
6 71 0.500000
6 73 0.500000
6 74 0.500000
6 75 0.500000
6 77 0.500000
6 78 0.500000
6 80 0.500000
6 81 0.500000
6 83 0.500000
6 84 0.500000
6 85 0.500000
6 92 0.500000
6 93 0.500000
6 94 0.500000
6 95 0.500000
6 96 0.500000
6 97 0.500000
6 98 0.500000
6 99 0.500000
6 104 0.500000
6 105 0.500000
6 107 0.500000
6 108 0.500000
6 109 0.500000
6 110 0.500000
6 113 0.500000
6 114 0.500000
6 119 0.500000
6 125 0.500000
6 126 0.500000
6 127 0.500000
6 128 0.500000
6 133 0.500000
6 134 0.500000
6 135 0.500000
6 140 0.500000
6 141 0.500000
6 143 0.500000
6 145 0.500000
6 146 0.500000
6 148 0.500000
6 151 0.500000
6 152 0.500000
6 153 0.500000
6 154 0.500000
6 155 0.500000
6 157 0.500000
6 160 0.500000
7 9 0.500000
7 10 0.500000
7 16 0.500000
7 19 0.500000
7 20 0.500000
7 22 0.500000
7 24 0.500000
7 26 0.500000
7 29 0.500000
7 30 0.500000
7 31 0.500000
7 33 0.500000
7 36 0.500000
7 37 0.500000
7 40 0.500000
7 41 0.500000
7 45 0.500000
7 46 0.500000
7 48 0.500000
7 49 0.500000
7 50 0.500000
7 51 0.500000
7 52 0.500000
7 54 0.500000
7 59 0.500000
7 60 0.500000
7 64 0.500000
7 69 0.500000
7 70 0.500000
7 71 0.500000
7 72 0.500000
7 74 0.500000
7 77 0.500000
7 78 0.500000
7 83 0.500000
7 84 0.500000
7 86 0.500000
7 88 0.500000
7 90 0.500000
7 91 0.500000
7 92 0.500000
7 97 0.500000
7 101 0.500000
7 102 0.500000
7 109 0.500000
7 110 0.500000
7 120 0.500000
7 121 0.500000
7 122 0.500000
7 123 0.500000
7 124 0.500000
7 125 0.500000
7 127 0.500000
7 128 0.500000
7 129 0.500000
7 131 0.500000
7 132 0.500000
7 133 0.500000
7 134 0.500000
7 138 0.500000
7 139 0.500000
7 141 0.500000
7 142 0.500000
7 143 0.500000
7 144 0.500000
7 145 0.500000
7 147 0.500000
7 148 0.500000
7 150 0.500000
7 151 0.500000
7 152 0.500000
7 153 0.500000
7 156 0.500000
7 158 0.500000
7 160 0.500000
8 10 0.500000
8 15 0.500000
8 17 0.500000
8 18 0.500000
8 21 0.500000
8 25 0.500000
8 26 0.500000
8 31 0.500000
8 32 0.500000
8 36 0.500000
8 40 0.500000
8 41 0.500000
8 44 0.500000
8 45 0.500000
8 46 0.500000
8 48 0.500000
8 49 0.500000
8 50 0.500000
8 51 0.500000
8 52 0.500000
8 57 0.500000
8 61 0.500000
8 63 0.500000
8 64 0.500000
8 67 0.500000
8 68 0.500000
8 69 0.500000
8 70 0.500000
8 71 0.500000
8 74 0.500000
8 75 0.500000
8 76 0.500000
8 81 0.500000
8 82 0.500000
8 87 0.500000
8 88 0.500000
8 89 0.500000
8 93 0.500000
8 95 0.500000
8 97 0.500000
8 100 0.500000
8 103 0.500000
8 104 0.500000
8 106 0.500000
8 107 0.500000
8 108 0.500000
8 109 0.500000
8 111 0.500000
8 113 0.500000
8 114 0.500000
8 117 0.500000
8 121 0.500000
8 122 0.500000
8 124 0.500000
8 131 0.500000
8 133 0.500000
8 134 0.500000
8 135 0.500000
8 137 0.500000
8 145 0.500000
8 146 0.500000
8 148 0.500000
8 149 0.500000
8 151 0.500000
8 152 0.500000
8 156 0.500000
8 157 0.500000
9 11 0.500000
9 16 0.500000
9 19 0.500000
9 21 0.500000
9 23 0.500000
9 24 0.500000
9 26 0.500000
9 27 0.500000
9 28 0.500000
9 30 0.500000
9 36 0.500000
9 37 0.500000
9 38 0.500000
9 39 0.500000
9 40 0.500000
9 41 0.500000
9 42 0.500000
9 45 0.500000
9 47 0.500000
9 48 0.500000
9 49 0.500000
9 50 0.500000
9 53 0.500000
9 54 0.500000
9 55 0.500000
9 57 0.500000
9 58 0.500000
9 61 0.500000
9 64 0.500000
9 65 0.500000
9 67 0.500000
9 68 0.500000
9 69 0.500000
9 70 0.500000
9 71 0.500000
9 72 0.500000
9 73 0.500000
9 74 0.500000
9 77 0.500000
9 83 0.500000
9 88 0.500000
9 89 0.500000
9 90 0.500000
9 91 0.500000
9 95 0.500000
9 96 0.500000
9 98 0.500000
9 101 0.500000
9 103 0.500000
9 105 0.500000
9 106 0.500000
9 107 0.500000
9 109 0.500000
9 111 0.500000
9 114 0.500000
9 115 0.500000
9 116 0.500000
9 117 0.500000
9 118 0.500000
9 123 0.500000
9 125 0.500000
9 126 0.500000
9 128 0.500000
9 133 0.500000
9 137 0.500000
9 138 0.500000
9 139 0.500000
9 143 0.500000
9 144 0.500000
9 145 0.500000
9 146 0.500000
9 148 0.500000
9 149 0.500000
9 150 0.500000
9 151 0.500000
9 153 0.500000
9 156 0.500000
9 158 0.500000
9 159 0.500000
10 14 0.500000
10 16 0.500000
10 17 0.500000
10 20 0.500000
10 21 0.500000
10 24 0.500000
10 26 0.500000
10 27 0.500000
10 31 0.500000
10 34 0.500000
10 35 0.500000
10 37 0.500000
10 39 0.500000
10 40 0.500000
10 42 0.500000
10 43 0.500000
10 44 0.500000
10 45 0.500000
10 47 0.500000
10 48 0.500000
10 49 0.500000
10 50 0.500000
10 51 0.500000
10 54 0.500000
10 55 0.500000
10 56 0.500000
10 59 0.500000
10 62 0.500000
10 67 0.500000
10 68 0.500000
10 69 0.500000
10 72 0.500000
10 73 0.500000
10 75 0.500000
10 77 0.500000
10 78 0.500000
10 79 0.500000
10 82 0.500000
10 86 0.500000
10 87 0.500000
10 89 0.500000
10 91 0.500000
10 92 0.500000
10 93 0.500000
10 96 0.500000
10 100 0.500000
10 101 0.500000
10 102 0.500000
10 103 0.500000
10 104 0.500000
10 107 0.500000
10 109 0.500000
10 112 0.500000
10 113 0.500000
10 117 0.500000
10 120 0.500000
10 121 0.500000
10 126 0.500000
10 128 0.500000
10 129 0.500000
10 135 0.500000
10 139 0.500000
10 140 0.500000
10 143 0.500000
10 144 0.500000
10 148 0.500000
10 149 0.500000
10 150 0.500000
10 154 0.500000
10 156 0.500000
10 157 0.500000
10 158 0.500000
10 160 0.500000
11 16 0.500000
11 20 0.500000
11 22 0.500000
11 23 0.500000
11 25 0.500000
11 28 0.500000
11 31 0.500000
11 34 0.500000
11 37 0.500000
11 38 0.500000
11 39 0.500000
11 40 0.500000
11 42 0.500000
11 47 0.500000
11 48 0.500000
11 49 0.500000
11 51 0.500000
11 54 0.500000
11 57 0.500000
11 58 0.500000
11 59 0.500000
11 61 0.500000
11 64 0.500000
11 65 0.500000
11 67 0.500000
11 68 0.500000
11 74 0.500000
11 75 0.500000
11 77 0.500000
11 84 0.500000
11 87 0.500000
11 89 0.500000
11 91 0.500000
11 92 0.500000
11 93 0.500000
11 94 0.500000
11 96 0.500000
11 98 0.500000
11 99 0.500000
11 100 0.500000
11 101 0.500000
11 104 0.500000
11 105 0.500000
11 106 0.500000
11 108 0.500000
11 109 0.500000
11 110 0.500000
11 113 0.500000
11 115 0.500000
11 116 0.500000
11 118 0.500000
11 120 0.500000
11 121 0.500000
11 122 0.500000
11 123 0.500000
11 128 0.500000
11 130 0.500000
11 132 0.500000
11 133 0.500000
11 136 0.500000
11 141 0.500000
11 143 0.500000
11 144 0.500000
11 145 0.500000
11 147 0.500000
11 149 0.500000
11 152 0.500000
11 154 0.500000
11 155 0.500000
11 158 0.500000
11 160 0.500000
12 13 0.500000
12 14 0.500000
12 15 0.500000
12 21 0.500000
12 22 0.500000
12 24 0.500000
12 26 0.500000
12 30 0.500000
12 34 0.500000
12 35 0.500000
12 37 0.500000
12 38 0.500000
12 42 0.500000
12 49 0.500000
12 50 0.500000
12 51 0.500000
12 52 0.500000
12 57 0.500000
12 58 0.500000
12 60 0.500000
12 62 0.500000
12 63 0.500000
12 66 0.500000
12 67 0.500000
12 70 0.500000
12 72 0.500000
12 73 0.500000
12 74 0.500000
12 76 0.500000
12 79 0.500000
12 81 0.500000
12 82 0.500000
12 84 0.500000
12 85 0.500000
12 87 0.500000
12 88 0.500000
12 91 0.500000
12 92 0.500000
12 96 0.500000
12 97 0.500000
12 98 0.500000
12 99 0.500000
12 101 0.500000
12 104 0.500000
12 105 0.500000
12 107 0.500000
12 110 0.500000
12 112 0.500000
12 113 0.500000
12 115 0.500000
12 117 0.500000
12 119 0.500000
12 120 0.500000
12 121 0.500000
12 123 0.500000
12 124 0.500000
12 126 0.500000
12 127 0.500000
12 128 0.500000
12 129 0.500000
12 132 0.500000
12 133 0.500000
12 135 0.500000
12 136 0.500000
12 137 0.500000
12 139 0.500000
12 140 0.500000
12 144 0.500000
12 145 0.500000
12 147 0.500000
12 150 0.500000
12 151 0.500000
12 153 0.500000
12 154 0.500000
12 158 0.500000
12 160 0.500000
13 16 0.500000
13 17 0.500000
13 19 0.500000
13 20 0.500000
13 21 0.500000
13 22 0.500000
13 25 0.500000
13 26 0.500000
13 27 0.500000
13 28 0.500000
13 31 0.500000
13 32 0.500000
13 34 0.500000
13 36 0.500000
13 37 0.500000
13 42 0.500000
13 43 0.500000
13 44 0.500000
13 46 0.500000
13 50 0.500000
13 57 0.500000
13 60 0.500000
13 62 0.500000
13 63 0.500000
13 64 0.500000
13 69 0.500000
13 70 0.500000
13 71 0.500000
13 73 0.500000
13 76 0.500000
13 78 0.500000
13 84 0.500000
13 86 0.500000
13 89 0.500000
13 90 0.500000
13 93 0.500000
13 94 0.500000
13 97 0.500000
13 98 0.500000
13 99 0.500000
13 101 0.500000
13 102 0.500000
13 112 0.500000
13 113 0.500000
13 114 0.500000
13 116 0.500000
13 121 0.500000
13 124 0.500000
13 125 0.500000
13 127 0.500000
13 128 0.500000
13 129 0.500000
13 133 0.500000
13 136 0.500000
13 137 0.500000
13 138 0.500000
13 139 0.500000
13 140 0.500000
13 142 0.500000
13 148 0.500000
13 149 0.500000
13 151 0.500000
13 154 0.500000
13 155 0.500000
13 156 0.500000
13 158 0.500000
13 159 0.500000
14 18 0.500000
14 21 0.500000
14 22 0.500000
14 23 0.500000
14 24 0.500000
14 25 0.500000
14 27 0.500000
14 30 0.500000
14 34 0.500000
14 36 0.500000
14 38 0.500000
14 40 0.500000
14 41 0.500000
14 43 0.500000
14 44 0.500000
14 48 0.500000
14 49 0.500000
14 50 0.500000
14 53 0.500000
14 56 0.500000
14 60 0.500000
14 61 0.500000
14 64 0.500000
14 65 0.500000
14 66 0.500000
14 67 0.500000
14 73 0.500000
14 75 0.500000
14 83 0.500000
14 84 0.500000
14 89 0.500000
14 94 0.500000
14 95 0.500000
14 101 0.500000
14 104 0.500000
14 105 0.500000
14 106 0.500000
14 111 0.500000
14 112 0.500000
14 117 0.500000
14 118 0.500000
14 120 0.500000
14 122 0.500000
14 125 0.500000
14 126 0.500000
14 129 0.500000
14 130 0.500000
14 131 0.500000
14 132 0.500000
14 133 0.500000
14 138 0.500000
14 139 0.500000
14 140 0.500000
14 142 0.500000
14 144 0.500000
14 145 0.500000
14 146 0.500000
14 147 0.500000
14 149 0.500000
14 152 0.500000
14 153 0.500000
14 154 0.500000
14 156 0.500000
14 157 0.500000
14 158 0.500000
14 159 0.500000
15 16 0.500000
15 18 0.500000
15 20 0.500000
15 22 0.500000
15 26 0.500000
15 28 0.500000
15 30 0.500000
15 31 0.500000
15 33 0.500000
15 34 0.500000
15 36 0.500000
15 37 0.500000
15 38 0.500000
15 39 0.500000
15 44 0.500000
15 48 0.500000
15 52 0.500000
15 53 0.500000
15 58 0.500000
15 59 0.500000
15 61 0.500000
15 65 0.500000
15 66 0.500000
15 67 0.500000
15 68 0.500000
15 70 0.500000
15 72 0.500000
15 73 0.500000
15 75 0.500000
15 76 0.500000
15 77 0.500000
15 78 0.500000
15 79 0.500000
15 84 0.500000
15 88 0.500000
15 89 0.500000
15 98 0.500000
15 103 0.500000
15 105 0.500000
15 106 0.500000
15 109 0.500000
15 110 0.500000
15 112 0.500000
15 114 0.500000
15 118 0.500000
15 120 0.500000
15 121 0.500000
15 122 0.500000
15 123 0.500000
15 125 0.500000
15 126 0.500000
15 127 0.500000
15 129 0.500000
15 131 0.500000
15 134 0.500000
15 135 0.500000
15 136 0.500000
15 137 0.500000
15 139 0.500000
15 141 0.500000
15 142 0.500000
15 145 0.500000
15 147 0.500000
15 148 0.500000
15 149 0.500000
15 151 0.500000
15 156 0.500000
15 158 0.500000
15 159 0.500000
15 160 0.500000
16 17 0.500000
16 19 0.500000
16 21 0.500000
16 22 0.500000
16 23 0.500000
16 24 0.500000
16 26 0.500000
16 27 0.500000
16 28 0.500000
16 33 0.500000
16 36 0.500000
16 38 0.500000
16 40 0.500000
16 42 0.500000
16 43 0.500000
16 44 0.500000
16 50 0.500000
16 51 0.500000
16 53 0.500000
16 56 0.500000
16 59 0.500000
16 61 0.500000
16 64 0.500000
16 65 0.500000
16 66 0.500000
16 67 0.500000
16 70 0.500000
16 78 0.500000
16 83 0.500000
16 84 0.500000
16 85 0.500000
16 86 0.500000
16 88 0.500000
16 89 0.500000
16 93 0.500000
16 94 0.500000
16 95 0.500000
16 97 0.500000
16 98 0.500000
16 99 0.500000
16 101 0.500000
16 102 0.500000
16 103 0.500000
16 106 0.500000
16 107 0.500000
16 109 0.500000
16 113 0.500000
16 115 0.500000
16 116 0.500000
16 117 0.500000
16 118 0.500000
16 119 0.500000
16 121 0.500000
16 123 0.500000
16 124 0.500000
16 126 0.500000
16 128 0.500000
16 129 0.500000
16 130 0.500000
16 133 0.500000
16 134 0.500000
16 135 0.500000
16 137 0.500000
16 139 0.500000
16 140 0.500000
16 141 0.500000
16 142 0.500000
16 143 0.500000
16 144 0.500000
16 145 0.500000
16 147 0.500000
16 148 0.500000
16 150 0.500000
16 151 0.500000
16 153 0.500000
16 154 0.500000
16 155 0.500000
16 160 0.500000
17 19 0.500000
17 20 0.500000
17 21 0.500000
17 22 0.500000
17 23 0.500000
17 27 0.500000
17 28 0.500000
17 29 0.500000
17 30 0.500000
17 34 0.500000
17 37 0.500000
17 38 0.500000
17 39 0.500000
17 41 0.500000
17 42 0.500000
17 44 0.500000
17 47 0.500000
17 48 0.500000
17 54 0.500000
17 55 0.500000
17 56 0.500000
17 57 0.500000
17 60 0.500000
17 62 0.500000
17 67 0.500000
17 70 0.500000
17 73 0.500000
17 74 0.500000
17 75 0.500000
17 77 0.500000
17 83 0.500000
17 84 0.500000
17 85 0.500000
17 87 0.500000
17 88 0.500000
17 89 0.500000
17 92 0.500000
17 95 0.500000
17 96 0.500000
17 97 0.500000
17 101 0.500000
17 102 0.500000
17 104 0.500000
17 106 0.500000
17 110 0.500000
17 111 0.500000
17 112 0.500000
17 114 0.500000
17 116 0.500000
17 117 0.500000
17 120 0.500000
17 123 0.500000
17 124 0.500000
17 125 0.500000
17 126 0.500000
17 129 0.500000
17 133 0.500000
17 134 0.500000
17 136 0.500000
17 137 0.500000
17 140 0.500000
17 141 0.500000
17 142 0.500000
17 143 0.500000
17 148 0.500000
17 152 0.500000
17 153 0.500000
17 154 0.500000
17 155 0.500000
17 158 0.500000
17 160 0.500000
18 23 0.500000
18 29 0.500000
18 30 0.500000
18 31 0.500000
18 32 0.500000
18 33 0.500000
18 37 0.500000
18 38 0.500000
18 39 0.500000
18 40 0.500000
18 41 0.500000
18 43 0.500000
18 50 0.500000
18 51 0.500000
18 52 0.500000
18 54 0.500000
18 55 0.500000
18 61 0.500000
18 62 0.500000
18 63 0.500000
18 64 0.500000
18 68 0.500000
18 69 0.500000
18 70 0.500000
18 71 0.500000
18 72 0.500000
18 73 0.500000
18 74 0.500000
18 75 0.500000
18 77 0.500000
18 78 0.500000
18 79 0.500000
18 80 0.500000
18 84 0.500000
18 85 0.500000
18 88 0.500000
18 89 0.500000
18 91 0.500000
18 92 0.500000
18 93 0.500000
18 94 0.500000
18 96 0.500000
18 100 0.500000
18 102 0.500000
18 104 0.500000
18 106 0.500000
18 108 0.500000
18 109 0.500000
18 112 0.500000
18 114 0.500000
18 115 0.500000
18 116 0.500000
18 118 0.500000
18 119 0.500000
18 120 0.500000
18 128 0.500000
18 129 0.500000
18 130 0.500000
18 132 0.500000
18 133 0.500000
18 137 0.500000
18 139 0.500000
18 141 0.500000
18 144 0.500000
18 145 0.500000
18 148 0.500000
18 149 0.500000
18 150 0.500000
18 152 0.500000
18 153 0.500000
18 155 0.500000
18 156 0.500000
19 20 0.500000
19 23 0.500000
19 24 0.500000
19 25 0.500000
19 26 0.500000
19 27 0.500000
19 30 0.500000
19 32 0.500000
19 33 0.500000
19 34 0.500000
19 35 0.500000
19 36 0.500000
19 37 0.500000
19 38 0.500000
19 42 0.500000
19 43 0.500000
19 45 0.500000
19 47 0.500000
19 50 0.500000
19 51 0.500000
19 56 0.500000
19 61 0.500000
19 63 0.500000
19 64 0.500000
19 65 0.500000
19 68 0.500000
19 69 0.500000
19 71 0.500000
19 76 0.500000
19 77 0.500000
19 78 0.500000
19 79 0.500000
19 82 0.500000
19 83 0.500000
19 84 0.500000
19 86 0.500000
19 87 0.500000
19 89 0.500000
19 91 0.500000
19 93 0.500000
19 96 0.500000
19 97 0.500000
19 100 0.500000
19 102 0.500000
19 103 0.500000
19 104 0.500000
19 106 0.500000
19 108 0.500000
19 111 0.500000
19 114 0.500000
19 116 0.500000
19 117 0.500000
19 118 0.500000
19 122 0.500000
19 125 0.500000
19 127 0.500000
19 130 0.500000
19 131 0.500000
19 132 0.500000
19 134 0.500000
19 135 0.500000
19 136 0.500000
19 137 0.500000
19 138 0.500000
19 139 0.500000
19 140 0.500000
19 142 0.500000
19 143 0.500000
19 145 0.500000
19 147 0.500000
19 149 0.500000
19 152 0.500000
19 158 0.500000
19 159 0.500000
20 24 0.500000
20 26 0.500000
20 34 0.500000
20 37 0.500000
20 38 0.500000
20 41 0.500000
20 42 0.500000
20 43 0.500000
20 47 0.500000
20 51 0.500000
20 52 0.500000
20 53 0.500000
20 55 0.500000
20 56 0.500000
20 57 0.500000
20 58 0.500000
20 60 0.500000
20 61 0.500000
20 64 0.500000
20 65 0.500000
20 66 0.500000
20 67 0.500000
20 68 0.500000
20 69 0.500000
20 71 0.500000
20 72 0.500000
20 73 0.500000
20 75 0.500000
20 77 0.500000
20 79 0.500000
20 81 0.500000
20 83 0.500000
20 91 0.500000
20 94 0.500000
20 96 0.500000
20 100 0.500000
20 102 0.500000
20 107 0.500000
20 109 0.500000
20 110 0.500000
20 111 0.500000
20 114 0.500000
20 115 0.500000
20 116 0.500000
20 119 0.500000
20 120 0.500000
20 121 0.500000
20 122 0.500000
20 123 0.500000
20 125 0.500000
20 127 0.500000
20 128 0.500000
20 132 0.500000
20 134 0.500000
20 136 0.500000
20 140 0.500000
20 142 0.500000
20 144 0.500000
20 145 0.500000
20 146 0.500000
20 148 0.500000
20 150 0.500000
20 151 0.500000
20 152 0.500000
20 155 0.500000
20 156 0.500000
20 158 0.500000
20 159 0.500000
20 160 0.500000
21 23 0.500000
21 24 0.500000
21 25 0.500000
21 26 0.500000
21 28 0.500000
21 32 0.500000
21 33 0.500000
21 34 0.500000
21 36 0.500000
21 39 0.500000
21 40 0.500000
21 42 0.500000
21 46 0.500000
21 50 0.500000
21 51 0.500000
21 52 0.500000
21 53 0.500000
21 54 0.500000
21 55 0.500000
21 56 0.500000
21 57 0.500000
21 58 0.500000
21 59 0.500000
21 60 0.500000
21 69 0.500000
21 71 0.500000
21 76 0.500000
21 77 0.500000
21 78 0.500000
21 79 0.500000
21 82 0.500000
21 85 0.500000
21 86 0.500000
21 87 0.500000
21 88 0.500000
21 89 0.500000
21 91 0.500000
21 95 0.500000
21 96 0.500000
21 97 0.500000
21 98 0.500000
21 100 0.500000
21 101 0.500000
21 102 0.500000
21 105 0.500000
21 106 0.500000
21 107 0.500000
21 108 0.500000
21 111 0.500000
21 112 0.500000
21 113 0.500000
21 115 0.500000
21 118 0.500000
21 121 0.500000
21 123 0.500000
21 125 0.500000
21 127 0.500000
21 129 0.500000
21 130 0.500000
21 132 0.500000
21 134 0.500000
21 135 0.500000
21 136 0.500000
21 138 0.500000
21 139 0.500000
21 144 0.500000
21 145 0.500000
21 146 0.500000
21 147 0.500000
21 148 0.500000
21 151 0.500000
21 152 0.500000
21 153 0.500000
21 154 0.500000
21 156 0.500000
21 157 0.500000
21 158 0.500000
21 159 0.500000
21 160 0.500000
22 23 0.500000
22 25 0.500000
22 29 0.500000
22 30 0.500000
22 33 0.500000
22 34 0.500000
22 36 0.500000
22 38 0.500000
22 39 0.500000
22 44 0.500000
22 50 0.500000
22 54 0.500000
22 55 0.500000
22 56 0.500000
22 57 0.500000
22 59 0.500000
22 60 0.500000
22 64 0.500000
22 67 0.500000
22 68 0.500000
22 69 0.500000
22 72 0.500000
22 73 0.500000
22 74 0.500000
22 76 0.500000
22 78 0.500000
22 81 0.500000
22 84 0.500000
22 85 0.500000
22 86 0.500000
22 88 0.500000
22 91 0.500000
22 94 0.500000
22 95 0.500000
22 99 0.500000
22 100 0.500000
22 102 0.500000
22 103 0.500000
22 104 0.500000
22 105 0.500000
22 106 0.500000
22 110 0.500000
22 112 0.500000
22 114 0.500000
22 115 0.500000
22 117 0.500000
22 123 0.500000
22 125 0.500000
22 127 0.500000
22 128 0.500000
22 130 0.500000
22 131 0.500000
22 133 0.500000
22 135 0.500000
22 136 0.500000
22 141 0.500000
22 142 0.500000
22 143 0.500000
22 144 0.500000
22 145 0.500000
22 151 0.500000
22 152 0.500000
22 153 0.500000
22 154 0.500000
22 156 0.500000
22 157 0.500000
22 158 0.500000
22 160 0.500000
23 25 0.500000
23 27 0.500000
23 28 0.500000
23 29 0.500000
23 30 0.500000
23 32 0.500000
23 33 0.500000
23 39 0.500000
23 40 0.500000
23 41 0.500000
23 42 0.500000
23 43 0.500000
23 44 0.500000
23 45 0.500000
23 47 0.500000
23 49 0.500000
23 51 0.500000
23 54 0.500000
23 58 0.500000
23 59 0.500000
23 60 0.500000
23 61 0.500000
23 62 0.500000
23 65 0.500000
23 66 0.500000
23 69 0.500000
23 70 0.500000
23 71 0.500000
23 73 0.500000
23 74 0.500000
23 76 0.500000
23 78 0.500000
23 80 0.500000
23 85 0.500000
23 86 0.500000
23 87 0.500000
23 89 0.500000
23 90 0.500000
23 92 0.500000
23 93 0.500000
23 94 0.500000
23 95 0.500000
23 97 0.500000
23 99 0.500000
23 104 0.500000
23 105 0.500000
23 111 0.500000
23 112 0.500000
23 115 0.500000
23 117 0.500000
23 118 0.500000
23 119 0.500000
23 121 0.500000
23 124 0.500000
23 125 0.500000
23 130 0.500000
23 131 0.500000
23 133 0.500000
23 135 0.500000
23 136 0.500000
23 139 0.500000
23 140 0.500000
23 141 0.500000
23 149 0.500000
23 151 0.500000
23 152 0.500000
23 153 0.500000
23 154 0.500000
23 155 0.500000
23 156 0.500000
23 158 0.500000
23 160 0.500000
24 26 0.500000
24 28 0.500000
24 29 0.500000
24 30 0.500000
24 32 0.500000
24 33 0.500000
24 37 0.500000
24 38 0.500000
24 39 0.500000
24 40 0.500000
24 42 0.500000
24 46 0.500000
24 47 0.500000
24 48 0.500000
24 49 0.500000
24 51 0.500000
24 52 0.500000
24 53 0.500000
24 57 0.500000
24 58 0.500000
24 61 0.500000
24 65 0.500000
24 66 0.500000
24 67 0.500000
24 68 0.500000
24 69 0.500000
24 70 0.500000
24 71 0.500000
24 72 0.500000
24 74 0.500000
24 75 0.500000
24 76 0.500000
24 78 0.500000
24 82 0.500000
24 85 0.500000
24 87 0.500000
24 89 0.500000
24 91 0.500000
24 92 0.500000
24 93 0.500000
24 95 0.500000
24 96 0.500000
24 97 0.500000
24 98 0.500000
24 100 0.500000
24 101 0.500000
24 103 0.500000
24 105 0.500000
24 107 0.500000
24 108 0.500000
24 109 0.500000
24 111 0.500000
24 112 0.500000
24 113 0.500000
24 114 0.500000
24 115 0.500000
24 117 0.500000
24 118 0.500000
24 120 0.500000
24 121 0.500000
24 123 0.500000
24 125 0.500000
24 126 0.500000
24 128 0.500000
24 133 0.500000
24 140 0.500000
24 141 0.500000
24 142 0.500000
24 143 0.500000
24 144 0.500000
24 147 0.500000
24 149 0.500000
24 151 0.500000
24 152 0.500000
24 154 0.500000
24 158 0.500000
25 26 0.500000
25 28 0.500000
25 31 0.500000
25 34 0.500000
25 35 0.500000
25 36 0.500000
25 39 0.500000
25 41 0.500000
25 43 0.500000
25 45 0.500000
25 46 0.500000
25 47 0.500000
25 48 0.500000
25 49 0.500000
25 50 0.500000
25 53 0.500000
25 54 0.500000
25 56 0.500000
25 57 0.500000
25 58 0.500000
25 60 0.500000
25 62 0.500000
25 63 0.500000
25 65 0.500000
25 67 0.500000
25 68 0.500000
25 69 0.500000
25 70 0.500000
25 72 0.500000
25 73 0.500000
25 77 0.500000
25 78 0.500000
25 80 0.500000
25 81 0.500000
25 82 0.500000
25 83 0.500000
25 84 0.500000
25 85 0.500000
25 86 0.500000
25 90 0.500000
25 91 0.500000
25 97 0.500000
25 100 0.500000
25 101 0.500000
25 103 0.500000
25 108 0.500000
25 109 0.500000
25 111 0.500000
25 118 0.500000
25 120 0.500000
25 122 0.500000
25 126 0.500000
25 127 0.500000
25 128 0.500000
25 130 0.500000
25 131 0.500000
25 134 0.500000
25 135 0.500000
25 137 0.500000
25 138 0.500000
25 140 0.500000
25 143 0.500000
25 144 0.500000
25 147 0.500000
25 150 0.500000
25 151 0.500000
25 152 0.500000
25 154 0.500000
25 158 0.500000
25 159 0.500000
26 32 0.500000
26 36 0.500000
26 39 0.500000
26 41 0.500000
26 43 0.500000
26 45 0.500000
26 46 0.500000
26 50 0.500000
26 51 0.500000
26 54 0.500000
26 56 0.500000
26 59 0.500000
26 61 0.500000
26 63 0.500000
26 64 0.500000
26 65 0.500000
26 67 0.500000
26 70 0.500000
26 71 0.500000
26 73 0.500000
26 77 0.500000
26 79 0.500000
26 80 0.500000
26 81 0.500000
26 82 0.500000
26 84 0.500000
26 85 0.500000
26 88 0.500000
26 89 0.500000
26 91 0.500000
26 92 0.500000
26 95 0.500000
26 96 0.500000
26 97 0.500000
26 98 0.500000
26 99 0.500000
26 100 0.500000
26 106 0.500000
26 108 0.500000
26 109 0.500000
26 111 0.500000
26 112 0.500000
26 114 0.500000
26 117 0.500000
26 119 0.500000
26 120 0.500000
26 121 0.500000
26 123 0.500000
26 126 0.500000
26 129 0.500000
26 131 0.500000
26 134 0.500000
26 136 0.500000
26 139 0.500000
26 140 0.500000
26 141 0.500000
26 142 0.500000
26 144 0.500000
26 145 0.500000
26 146 0.500000
26 149 0.500000
26 150 0.500000
26 151 0.500000
26 155 0.500000
26 157 0.500000
26 159 0.500000
26 160 0.500000
27 28 0.500000
27 30 0.500000
27 32 0.500000
27 33 0.500000
27 36 0.500000
27 40 0.500000
27 41 0.500000
27 43 0.500000
27 44 0.500000
27 46 0.500000
27 47 0.500000
27 48 0.500000
27 49 0.500000
27 51 0.500000
27 54 0.500000
27 55 0.500000
27 57 0.500000
27 58 0.500000
27 59 0.500000
27 60 0.500000
27 61 0.500000
27 62 0.500000
27 65 0.500000
27 66 0.500000
27 67 0.500000
27 68 0.500000
27 70 0.500000
27 72 0.500000
27 75 0.500000
27 76 0.500000
27 77 0.500000
27 78 0.500000
27 81 0.500000
27 86 0.500000
27 87 0.500000
27 93 0.500000
27 94 0.500000
27 96 0.500000
27 97 0.500000
27 99 0.500000
27 100 0.500000
27 101 0.500000
27 102 0.500000
27 103 0.500000
27 107 0.500000
27 109 0.500000
27 110 0.500000
27 111 0.500000
27 114 0.500000
27 115 0.500000
27 119 0.500000
27 122 0.500000
27 123 0.500000
27 125 0.500000
27 129 0.500000
27 130 0.500000
27 133 0.500000
27 134 0.500000
27 135 0.500000
27 136 0.500000
27 138 0.500000
27 140 0.500000
27 141 0.500000
27 142 0.500000
27 143 0.500000
27 149 0.500000
27 151 0.500000
27 154 0.500000
27 156 0.500000
27 157 0.500000
27 158 0.500000
27 159 0.500000
28 29 0.500000
28 30 0.500000
28 34 0.500000
28 38 0.500000
28 40 0.500000
28 41 0.500000
28 43 0.500000
28 44 0.500000
28 51 0.500000
28 54 0.500000
28 55 0.500000
28 60 0.500000
28 61 0.500000
28 63 0.500000
28 66 0.500000
28 70 0.500000
28 72 0.500000
28 73 0.500000
28 75 0.500000
28 76 0.500000
28 77 0.500000
28 80 0.500000
28 81 0.500000
28 82 0.500000
28 83 0.500000
28 84 0.500000
28 86 0.500000
28 89 0.500000
28 93 0.500000
28 94 0.500000
28 97 0.500000
28 99 0.500000
28 100 0.500000
28 103 0.500000
28 106 0.500000
28 109 0.500000
28 110 0.500000
28 111 0.500000
28 114 0.500000
28 116 0.500000
28 117 0.500000
28 119 0.500000
28 126 0.500000
28 127 0.500000
28 128 0.500000
28 129 0.500000
28 130 0.500000
28 131 0.500000
28 139 0.500000
28 141 0.500000
28 143 0.500000
28 144 0.500000
28 145 0.500000
28 146 0.500000
28 148 0.500000
28 149 0.500000
28 153 0.500000
28 154 0.500000
28 155 0.500000
28 156 0.500000
28 157 0.500000
28 158 0.500000
29 30 0.500000
29 33 0.500000
29 35 0.500000
29 37 0.500000
29 40 0.500000
29 42 0.500000
29 43 0.500000
29 46 0.500000
29 54 0.500000
29 55 0.500000
29 57 0.500000
29 60 0.500000
29 62 0.500000
29 63 0.500000
29 64 0.500000
29 65 0.500000
29 66 0.500000
29 67 0.500000
29 68 0.500000
29 69 0.500000
29 73 0.500000
29 75 0.500000
29 76 0.500000
29 80 0.500000
29 81 0.500000
29 82 0.500000
29 85 0.500000
29 86 0.500000
29 87 0.500000
29 88 0.500000
29 89 0.500000
29 90 0.500000
29 91 0.500000
29 94 0.500000
29 96 0.500000
29 98 0.500000
29 101 0.500000
29 106 0.500000
29 107 0.500000
29 112 0.500000
29 114 0.500000
29 119 0.500000
29 121 0.500000
29 125 0.500000
29 127 0.500000
29 130 0.500000
29 132 0.500000
29 136 0.500000
29 137 0.500000
29 138 0.500000
29 139 0.500000
29 146 0.500000
29 147 0.500000
29 148 0.500000
29 150 0.500000
29 152 0.500000
29 154 0.500000
29 155 0.500000
29 160 0.500000
30 34 0.500000
30 35 0.500000
30 40 0.500000
30 42 0.500000
30 44 0.500000
30 45 0.500000
30 48 0.500000
30 53 0.500000
30 54 0.500000
30 55 0.500000
30 56 0.500000
30 57 0.500000
30 59 0.500000
30 61 0.500000
30 63 0.500000
30 64 0.500000
30 65 0.500000
30 67 0.500000
30 68 0.500000
30 69 0.500000
30 70 0.500000
30 72 0.500000
30 73 0.500000
30 74 0.500000
30 78 0.500000
30 81 0.500000
30 83 0.500000
30 86 0.500000
30 87 0.500000
30 88 0.500000
30 90 0.500000
30 91 0.500000
30 92 0.500000
30 93 0.500000
30 94 0.500000
30 95 0.500000
30 96 0.500000
30 97 0.500000
30 99 0.500000
30 100 0.500000
30 102 0.500000
30 103 0.500000
30 106 0.500000
30 108 0.500000
30 110 0.500000
30 112 0.500000
30 116 0.500000
30 117 0.500000
30 119 0.500000
30 121 0.500000
30 122 0.500000
30 124 0.500000
30 125 0.500000
30 128 0.500000
30 130 0.500000
30 132 0.500000
30 133 0.500000
30 134 0.500000
30 136 0.500000
30 141 0.500000
30 142 0.500000
30 143 0.500000
30 147 0.500000
30 150 0.500000
30 151 0.500000
30 153 0.500000
30 155 0.500000
30 158 0.500000
30 160 0.500000
31 32 0.500000
31 33 0.500000
31 40 0.500000
31 41 0.500000
31 42 0.500000
31 47 0.500000
31 49 0.500000
31 51 0.500000
31 53 0.500000
31 54 0.500000
31 57 0.500000
31 61 0.500000
31 64 0.500000
31 65 0.500000
31 69 0.500000
31 70 0.500000
31 71 0.500000
31 73 0.500000
31 76 0.500000
31 77 0.500000
31 78 0.500000
31 88 0.500000
31 89 0.500000
31 90 0.500000
31 91 0.500000
31 92 0.500000
31 93 0.500000
31 94 0.500000
31 96 0.500000
31 98 0.500000
31 99 0.500000
31 100 0.500000
31 101 0.500000
31 103 0.500000
31 105 0.500000
31 108 0.500000
31 109 0.500000
31 111 0.500000
31 112 0.500000
31 114 0.500000
31 115 0.500000
31 116 0.500000
31 119 0.500000
31 120 0.500000
31 121 0.500000
31 122 0.500000
31 124 0.500000
31 125 0.500000
31 127 0.500000
31 128 0.500000
31 129 0.500000
31 130 0.500000
31 132 0.500000
31 133 0.500000
31 136 0.500000
31 140 0.500000
31 143 0.500000
31 144 0.500000
31 145 0.500000
31 146 0.500000
31 148 0.500000
31 150 0.500000
31 151 0.500000
31 152 0.500000
31 154 0.500000
31 155 0.500000
31 157 0.500000
31 159 0.500000
32 41 0.500000
32 43 0.500000
32 47 0.500000
32 48 0.500000
32 52 0.500000
32 55 0.500000
32 56 0.500000
32 59 0.500000
32 62 0.500000
32 63 0.500000
32 64 0.500000
32 65 0.500000
32 66 0.500000
32 68 0.500000
32 72 0.500000
32 76 0.500000
32 78 0.500000
32 79 0.500000
32 83 0.500000
32 88 0.500000
32 89 0.500000
32 90 0.500000
32 92 0.500000
32 94 0.500000
32 95 0.500000
32 96 0.500000
32 99 0.500000
32 100 0.500000
32 101 0.500000
32 103 0.500000
32 104 0.500000
32 105 0.500000
32 107 0.500000
32 108 0.500000
32 110 0.500000
32 114 0.500000
32 116 0.500000
32 118 0.500000
32 119 0.500000
32 120 0.500000
32 122 0.500000
32 124 0.500000
32 127 0.500000
32 128 0.500000
32 130 0.500000
32 133 0.500000
32 134 0.500000
32 136 0.500000
32 137 0.500000
32 141 0.500000
32 144 0.500000
32 148 0.500000
32 154 0.500000
32 157 0.500000
32 160 0.500000
33 35 0.500000
33 38 0.500000
33 39 0.500000
33 40 0.500000
33 48 0.500000
33 49 0.500000
33 51 0.500000
33 52 0.500000
33 54 0.500000
33 57 0.500000
33 58 0.500000
33 64 0.500000
33 65 0.500000
33 67 0.500000
33 68 0.500000
33 70 0.500000
33 71 0.500000
33 76 0.500000
33 78 0.500000
33 82 0.500000
33 84 0.500000
33 85 0.500000
33 86 0.500000
33 87 0.500000
33 92 0.500000
33 94 0.500000
33 95 0.500000
33 96 0.500000
33 98 0.500000
33 99 0.500000
33 103 0.500000
33 104 0.500000
33 105 0.500000
33 107 0.500000
33 114 0.500000
33 115 0.500000
33 117 0.500000
33 120 0.500000
33 121 0.500000
33 124 0.500000
33 126 0.500000
33 127 0.500000
33 128 0.500000
33 131 0.500000
33 133 0.500000
33 134 0.500000
33 135 0.500000
33 136 0.500000
33 148 0.500000
33 149 0.500000
33 151 0.500000
33 158 0.500000
33 159 0.500000
34 38 0.500000
34 43 0.500000
34 44 0.500000
34 46 0.500000
34 47 0.500000
34 50 0.500000
34 53 0.500000
34 54 0.500000
34 59 0.500000
34 61 0.500000
34 62 0.500000
34 63 0.500000
34 65 0.500000
34 66 0.500000
34 69 0.500000
34 70 0.500000
34 71 0.500000
34 72 0.500000
34 74 0.500000
34 77 0.500000
34 83 0.500000
34 87 0.500000
34 89 0.500000
34 90 0.500000
34 92 0.500000
34 94 0.500000
34 96 0.500000
34 97 0.500000
34 99 0.500000
34 101 0.500000
34 103 0.500000
34 106 0.500000
34 107 0.500000
34 110 0.500000
34 111 0.500000
34 113 0.500000
34 116 0.500000
34 118 0.500000
34 119 0.500000
34 120 0.500000
34 123 0.500000
34 124 0.500000
34 129 0.500000
34 131 0.500000
34 132 0.500000
34 135 0.500000
34 136 0.500000
34 138 0.500000
34 141 0.500000
34 143 0.500000
34 144 0.500000
34 145 0.500000
34 153 0.500000
34 156 0.500000
34 158 0.500000
35 36 0.500000
35 38 0.500000
35 39 0.500000
35 40 0.500000
35 42 0.500000
35 43 0.500000
35 46 0.500000
35 51 0.500000
35 59 0.500000
35 60 0.500000
35 62 0.500000
35 63 0.500000
35 64 0.500000
35 65 0.500000
35 66 0.500000
35 67 0.500000
35 69 0.500000
35 73 0.500000
35 74 0.500000
35 77 0.500000
35 79 0.500000
35 80 0.500000
35 85 0.500000
35 87 0.500000
35 89 0.500000
35 90 0.500000
35 91 0.500000
35 92 0.500000
35 96 0.500000
35 97 0.500000
35 99 0.500000
35 101 0.500000
35 103 0.500000
35 104 0.500000
35 105 0.500000
35 106 0.500000
35 107 0.500000
35 111 0.500000
35 113 0.500000
35 119 0.500000
35 122 0.500000
35 123 0.500000
35 124 0.500000
35 125 0.500000
35 128 0.500000
35 129 0.500000
35 131 0.500000
35 133 0.500000
35 135 0.500000
35 139 0.500000
35 144 0.500000
35 146 0.500000
35 149 0.500000
35 150 0.500000
35 151 0.500000
35 152 0.500000
35 153 0.500000
35 154 0.500000
35 155 0.500000
35 157 0.500000
35 159 0.500000
35 160 0.500000
36 37 0.500000
36 38 0.500000
36 39 0.500000
36 40 0.500000
36 44 0.500000
36 54 0.500000
36 56 0.500000
36 57 0.500000
36 59 0.500000
36 60 0.500000
36 61 0.500000
36 62 0.500000
36 65 0.500000
36 66 0.500000
36 67 0.500000
36 68 0.500000
36 69 0.500000
36 70 0.500000
36 73 0.500000
36 74 0.500000
36 75 0.500000
36 76 0.500000
36 77 0.500000
36 79 0.500000
36 81 0.500000
36 88 0.500000
36 89 0.500000
36 90 0.500000
36 95 0.500000
36 96 0.500000
36 99 0.500000
36 100 0.500000
36 101 0.500000
36 108 0.500000
36 109 0.500000
36 110 0.500000
36 111 0.500000
36 114 0.500000
36 115 0.500000
36 116 0.500000
36 117 0.500000
36 120 0.500000
36 122 0.500000
36 124 0.500000
36 125 0.500000
36 127 0.500000
36 136 0.500000
36 138 0.500000
36 140 0.500000
36 142 0.500000
36 143 0.500000
36 144 0.500000
36 145 0.500000
36 146 0.500000
36 147 0.500000
36 148 0.500000
36 151 0.500000
36 153 0.500000
36 154 0.500000
36 156 0.500000
36 157 0.500000
36 158 0.500000
37 38 0.500000
37 39 0.500000
37 43 0.500000
37 44 0.500000
37 48 0.500000
37 49 0.500000
37 50 0.500000
37 51 0.500000
37 54 0.500000
37 57 0.500000
37 58 0.500000
37 59 0.500000
37 60 0.500000
37 61 0.500000
37 65 0.500000
37 66 0.500000
37 67 0.500000
37 68 0.500000
37 72 0.500000
37 74 0.500000
37 75 0.500000
37 76 0.500000
37 80 0.500000
37 83 0.500000
37 84 0.500000
37 87 0.500000
37 89 0.500000
37 91 0.500000
37 93 0.500000
37 97 0.500000
37 98 0.500000
37 100 0.500000
37 102 0.500000
37 103 0.500000
37 106 0.500000
37 107 0.500000
37 108 0.500000
37 110 0.500000
37 111 0.500000
37 112 0.500000
37 113 0.500000
37 116 0.500000
37 117 0.500000
37 120 0.500000
37 123 0.500000
37 124 0.500000
37 126 0.500000
37 129 0.500000
37 131 0.500000
37 132 0.500000
37 134 0.500000
37 135 0.500000
37 136 0.500000
37 138 0.500000
37 142 0.500000
37 143 0.500000
37 144 0.500000
37 145 0.500000
37 146 0.500000
37 148 0.500000
37 150 0.500000
37 152 0.500000
37 154 0.500000
37 155 0.500000
37 159 0.500000
37 160 0.500000
38 40 0.500000
38 41 0.500000
38 42 0.500000
38 44 0.500000
38 48 0.500000
38 49 0.500000
38 50 0.500000
38 53 0.500000
38 56 0.500000
38 57 0.500000
38 58 0.500000
38 66 0.500000
38 67 0.500000
38 68 0.500000
38 70 0.500000
38 78 0.500000
38 80 0.500000
38 82 0.500000
38 84 0.500000
38 85 0.500000
38 86 0.500000
38 89 0.500000
38 91 0.500000
38 92 0.500000
38 93 0.500000
38 102 0.500000
38 103 0.500000
38 104 0.500000
38 106 0.500000
38 107 0.500000
38 109 0.500000
38 110 0.500000
38 111 0.500000
38 112 0.500000
38 115 0.500000
38 116 0.500000
38 117 0.500000
38 118 0.500000
38 119 0.500000
38 121 0.500000
38 123 0.500000
38 124 0.500000
38 128 0.500000
38 130 0.500000
38 131 0.500000
38 133 0.500000
38 137 0.500000
38 138 0.500000
38 139 0.500000
38 141 0.500000
38 146 0.500000
38 150 0.500000
38 152 0.500000
38 157 0.500000
38 159 0.500000
38 160 0.500000
39 44 0.500000
39 45 0.500000
39 51 0.500000
39 52 0.500000
39 55 0.500000
39 58 0.500000
39 59 0.500000
39 61 0.500000
39 62 0.500000
39 65 0.500000
39 66 0.500000
39 71 0.500000
39 72 0.500000
39 73 0.500000
39 74 0.500000
39 76 0.500000
39 77 0.500000
39 79 0.500000
39 81 0.500000
39 82 0.500000
39 84 0.500000
39 89 0.500000
39 90 0.500000
39 92 0.500000
39 93 0.500000
39 94 0.500000
39 95 0.500000
39 97 0.500000
39 99 0.500000
39 102 0.500000
39 103 0.500000
39 104 0.500000
39 105 0.500000
39 106 0.500000
39 107 0.500000
39 109 0.500000
39 110 0.500000
39 111 0.500000
39 112 0.500000
39 120 0.500000
39 125 0.500000
39 127 0.500000
39 128 0.500000
39 132 0.500000
39 134 0.500000
39 135 0.500000
39 136 0.500000
39 137 0.500000
39 139 0.500000
39 140 0.500000
39 144 0.500000
39 145 0.500000
39 146 0.500000
39 148 0.500000
39 151 0.500000
39 153 0.500000
39 154 0.500000
39 156 0.500000
39 157 0.500000
39 159 0.500000
39 160 0.500000
40 42 0.500000
40 43 0.500000
40 44 0.500000
40 46 0.500000
40 47 0.500000
40 48 0.500000
40 50 0.500000
40 51 0.500000
40 52 0.500000
40 53 0.500000
40 59 0.500000
40 60 0.500000
40 61 0.500000
40 63 0.500000
40 64 0.500000
40 68 0.500000
40 72 0.500000
40 73 0.500000
40 76 0.500000
40 78 0.500000
40 79 0.500000
40 81 0.500000
40 83 0.500000
40 84 0.500000
40 86 0.500000
40 88 0.500000
40 89 0.500000
40 90 0.500000
40 91 0.500000
40 94 0.500000
40 100 0.500000
40 107 0.500000
40 110 0.500000
40 111 0.500000
40 112 0.500000
40 113 0.500000
40 114 0.500000
40 116 0.500000
40 117 0.500000
40 119 0.500000
40 126 0.500000
40 128 0.500000
40 131 0.500000
40 135 0.500000
40 136 0.500000
40 138 0.500000
40 141 0.500000
40 143 0.500000
40 146 0.500000
40 147 0.500000
40 152 0.500000
40 154 0.500000
40 155 0.500000
40 159 0.500000
41 44 0.500000
41 45 0.500000
41 46 0.500000
41 49 0.500000
41 50 0.500000
41 51 0.500000
41 52 0.500000
41 53 0.500000
41 55 0.500000
41 60 0.500000
41 62 0.500000
41 63 0.500000
41 64 0.500000
41 67 0.500000
41 69 0.500000
41 70 0.500000
41 72 0.500000
41 74 0.500000
41 76 0.500000
41 78 0.500000
41 81 0.500000
41 87 0.500000
41 88 0.500000
41 89 0.500000
41 90 0.500000
41 91 0.500000
41 92 0.500000
41 93 0.500000
41 96 0.500000
41 97 0.500000
41 98 0.500000
41 100 0.500000
41 102 0.500000
41 103 0.500000
41 109 0.500000
41 115 0.500000
41 118 0.500000
41 121 0.500000
41 123 0.500000
41 125 0.500000
41 128 0.500000
41 129 0.500000
41 134 0.500000
41 135 0.500000
41 136 0.500000
41 138 0.500000
41 140 0.500000
41 141 0.500000
41 142 0.500000
41 146 0.500000
41 151 0.500000
41 154 0.500000
41 155 0.500000
41 156 0.500000
41 157 0.500000
41 158 0.500000
41 160 0.500000
42 44 0.500000
42 45 0.500000
42 48 0.500000
42 50 0.500000
42 52 0.500000
42 55 0.500000
42 56 0.500000
42 57 0.500000
42 58 0.500000
42 59 0.500000
42 61 0.500000
42 62 0.500000
42 65 0.500000
42 66 0.500000
42 67 0.500000
42 70 0.500000
42 75 0.500000
42 76 0.500000
42 78 0.500000
42 81 0.500000
42 87 0.500000
42 93 0.500000
42 94 0.500000
42 95 0.500000
42 97 0.500000
42 99 0.500000
42 102 0.500000
42 103 0.500000
42 104 0.500000
42 105 0.500000
42 106 0.500000
42 107 0.500000
42 109 0.500000
42 111 0.500000
42 112 0.500000
42 113 0.500000
42 114 0.500000
42 116 0.500000
42 117 0.500000
42 119 0.500000
42 120 0.500000
42 121 0.500000
42 122 0.500000
42 124 0.500000
42 125 0.500000
42 131 0.500000
42 132 0.500000
42 133 0.500000
42 134 0.500000
42 135 0.500000
42 137 0.500000
42 138 0.500000
42 139 0.500000
42 140 0.500000
42 144 0.500000
42 145 0.500000
42 147 0.500000
42 154 0.500000
42 155 0.500000
42 157 0.500000
42 159 0.500000
43 45 0.500000
43 47 0.500000
43 48 0.500000
43 49 0.500000
43 50 0.500000
43 51 0.500000
43 52 0.500000
43 53 0.500000
43 57 0.500000
43 60 0.500000
43 62 0.500000
43 63 0.500000
43 64 0.500000
43 65 0.500000
43 66 0.500000
43 67 0.500000
43 71 0.500000
43 72 0.500000
43 77 0.500000
43 78 0.500000
43 80 0.500000
43 82 0.500000
43 83 0.500000
43 84 0.500000
43 88 0.500000
43 94 0.500000
43 96 0.500000
43 97 0.500000
43 100 0.500000
43 101 0.500000
43 104 0.500000
43 105 0.500000
43 106 0.500000
43 108 0.500000
43 109 0.500000
43 111 0.500000
43 112 0.500000
43 115 0.500000
43 117 0.500000
43 118 0.500000
43 119 0.500000
43 127 0.500000
43 131 0.500000
43 133 0.500000
43 135 0.500000
43 136 0.500000
43 138 0.500000
43 139 0.500000
43 142 0.500000
43 146 0.500000
43 147 0.500000
43 148 0.500000
43 150 0.500000
43 153 0.500000
43 154 0.500000
43 155 0.500000
43 156 0.500000
43 158 0.500000
43 159 0.500000
44 45 0.500000
44 47 0.500000
44 51 0.500000
44 53 0.500000
44 59 0.500000
44 61 0.500000
44 62 0.500000
44 66 0.500000
44 67 0.500000
44 68 0.500000
44 70 0.500000
44 72 0.500000
44 73 0.500000
44 75 0.500000
44 77 0.500000
44 80 0.500000
44 81 0.500000
44 84 0.500000
44 85 0.500000
44 86 0.500000
44 89 0.500000
44 90 0.500000
44 96 0.500000
44 98 0.500000
44 101 0.500000
44 102 0.500000
44 103 0.500000
44 104 0.500000
44 105 0.500000
44 110 0.500000
44 111 0.500000
44 113 0.500000
44 114 0.500000
44 116 0.500000
44 118 0.500000
44 119 0.500000
44 120 0.500000
44 122 0.500000
44 123 0.500000
44 126 0.500000
44 132 0.500000
44 134 0.500000
44 135 0.500000
44 142 0.500000
44 143 0.500000
44 145 0.500000
44 146 0.500000
44 148 0.500000
44 149 0.500000
44 152 0.500000
44 153 0.500000
44 154 0.500000
44 155 0.500000
44 157 0.500000
45 46 0.500000
45 48 0.500000
45 49 0.500000
45 52 0.500000
45 55 0.500000
45 56 0.500000
45 57 0.500000
45 59 0.500000
45 60 0.500000
45 62 0.500000
45 63 0.500000
45 64 0.500000
45 65 0.500000
45 67 0.500000
45 68 0.500000
45 69 0.500000
45 71 0.500000
45 74 0.500000
45 77 0.500000
45 80 0.500000
45 81 0.500000
45 83 0.500000
45 85 0.500000
45 86 0.500000
45 87 0.500000
45 88 0.500000
45 89 0.500000
45 93 0.500000
45 101 0.500000
45 102 0.500000
45 104 0.500000
45 105 0.500000
45 106 0.500000
45 107 0.500000
45 108 0.500000
45 116 0.500000
45 117 0.500000
45 118 0.500000
45 119 0.500000
45 120 0.500000
45 124 0.500000
45 125 0.500000
45 128 0.500000
45 129 0.500000
45 130 0.500000
45 133 0.500000
45 135 0.500000
45 136 0.500000
45 140 0.500000
45 143 0.500000
45 144 0.500000
45 145 0.500000
45 147 0.500000
45 148 0.500000
45 149 0.500000
45 150 0.500000
45 152 0.500000
45 153 0.500000
45 154 0.500000
45 155 0.500000
45 156 0.500000
45 157 0.500000
45 159 0.500000
46 47 0.500000
46 48 0.500000
46 51 0.500000
46 52 0.500000
46 53 0.500000
46 54 0.500000
46 56 0.500000
46 60 0.500000
46 62 0.500000
46 63 0.500000
46 65 0.500000
46 68 0.500000
46 70 0.500000
46 72 0.500000
46 75 0.500000
46 77 0.500000
46 79 0.500000
46 81 0.500000
46 82 0.500000
46 84 0.500000
46 85 0.500000
46 88 0.500000
46 90 0.500000
46 91 0.500000
46 94 0.500000
46 95 0.500000
46 97 0.500000
46 98 0.500000
46 100 0.500000
46 102 0.500000
46 109 0.500000
46 110 0.500000
46 112 0.500000
46 114 0.500000
46 115 0.500000
46 117 0.500000
46 123 0.500000
46 124 0.500000
46 129 0.500000
46 130 0.500000
46 133 0.500000
46 134 0.500000
46 139 0.500000
46 142 0.500000
46 143 0.500000
46 145 0.500000
46 146 0.500000
46 147 0.500000
46 148 0.500000
46 152 0.500000
46 154 0.500000
46 156 0.500000
46 158 0.500000
46 159 0.500000
47 49 0.500000
47 50 0.500000
47 51 0.500000
47 52 0.500000
47 53 0.500000
47 54 0.500000
47 55 0.500000
47 59 0.500000
47 60 0.500000
47 63 0.500000
47 64 0.500000
47 65 0.500000
47 66 0.500000
47 67 0.500000
47 70 0.500000
47 72 0.500000
47 76 0.500000
47 78 0.500000
47 79 0.500000
47 85 0.500000
47 86 0.500000
47 87 0.500000
47 93 0.500000
47 96 0.500000
47 97 0.500000
47 101 0.500000
47 102 0.500000
47 103 0.500000
47 104 0.500000
47 105 0.500000
47 106 0.500000
47 107 0.500000
47 108 0.500000
47 111 0.500000
47 112 0.500000
47 121 0.500000
47 122 0.500000
47 123 0.500000
47 124 0.500000
47 125 0.500000
47 126 0.500000
47 127 0.500000
47 128 0.500000
47 130 0.500000
47 134 0.500000
47 138 0.500000
47 144 0.500000
47 145 0.500000
47 146 0.500000
47 147 0.500000
47 151 0.500000
47 154 0.500000
47 156 0.500000
47 160 0.500000
48 54 0.500000
48 56 0.500000
48 58 0.500000
48 61 0.500000
48 63 0.500000
48 64 0.500000
48 66 0.500000
48 68 0.500000
48 71 0.500000
48 72 0.500000
48 75 0.500000
48 78 0.500000
48 81 0.500000
48 83 0.500000
48 84 0.500000
48 86 0.500000
48 88 0.500000
48 91 0.500000
48 93 0.500000
48 94 0.500000
48 97 0.500000
48 99 0.500000
48 100 0.500000
48 102 0.500000
48 108 0.500000
48 110 0.500000
48 111 0.500000
48 112 0.500000
48 116 0.500000
48 117 0.500000
48 118 0.500000
48 120 0.500000
48 121 0.500000
48 122 0.500000
48 124 0.500000
48 128 0.500000
48 130 0.500000
48 131 0.500000
48 135 0.500000
48 136 0.500000
48 137 0.500000
48 141 0.500000
48 142 0.500000
48 144 0.500000
48 145 0.500000
48 147 0.500000
48 149 0.500000
48 155 0.500000
48 158 0.500000
49 51 0.500000
49 52 0.500000
49 53 0.500000
49 54 0.500000
49 56 0.500000
49 57 0.500000
49 58 0.500000
49 59 0.500000
49 60 0.500000
49 65 0.500000
49 67 0.500000
49 69 0.500000
49 72 0.500000
49 73 0.500000
49 74 0.500000
49 75 0.500000
49 76 0.500000
49 77 0.500000
49 86 0.500000
49 88 0.500000
49 91 0.500000
49 92 0.500000
49 96 0.500000
49 97 0.500000
49 101 0.500000
49 105 0.500000
49 106 0.500000
49 108 0.500000
49 110 0.500000
49 111 0.500000
49 112 0.500000
49 113 0.500000
49 114 0.500000
49 116 0.500000
49 117 0.500000
49 118 0.500000
49 119 0.500000
49 120 0.500000
49 124 0.500000
49 126 0.500000
49 129 0.500000
49 131 0.500000
49 132 0.500000
49 134 0.500000
49 135 0.500000
49 137 0.500000
49 138 0.500000
49 139 0.500000
49 142 0.500000
49 144 0.500000
49 145 0.500000
49 149 0.500000
49 152 0.500000
49 153 0.500000
49 155 0.500000
49 156 0.500000
49 157 0.500000
49 158 0.500000
49 159 0.500000
50 53 0.500000
50 57 0.500000
50 59 0.500000
50 63 0.500000
50 64 0.500000
50 65 0.500000
50 67 0.500000
50 69 0.500000
50 70 0.500000
50 71 0.500000
50 73 0.500000
50 76 0.500000
50 77 0.500000
50 78 0.500000
50 79 0.500000
50 80 0.500000
50 81 0.500000
50 84 0.500000
50 86 0.500000
50 87 0.500000
50 88 0.500000
50 89 0.500000
50 95 0.500000
50 98 0.500000
50 102 0.500000
50 104 0.500000
50 105 0.500000
50 107 0.500000
50 109 0.500000
50 110 0.500000
50 117 0.500000
50 119 0.500000
50 121 0.500000
50 123 0.500000
50 126 0.500000
50 129 0.500000
50 131 0.500000
50 132 0.500000
50 133 0.500000
50 134 0.500000
50 135 0.500000
50 137 0.500000
50 138 0.500000
50 139 0.500000
50 142 0.500000
50 144 0.500000
50 145 0.500000
50 146 0.500000
50 147 0.500000
50 150 0.500000
50 154 0.500000
50 156 0.500000
50 159 0.500000
51 54 0.500000
51 55 0.500000
51 58 0.500000
51 59 0.500000
51 62 0.500000
51 64 0.500000
51 65 0.500000
51 66 0.500000
51 67 0.500000
51 68 0.500000
51 69 0.500000
51 72 0.500000
51 76 0.500000
51 77 0.500000
51 80 0.500000
51 81 0.500000
51 82 0.500000
51 83 0.500000
51 85 0.500000
51 86 0.500000
51 91 0.500000
51 94 0.500000
51 97 0.500000
51 100 0.500000
51 101 0.500000
51 102 0.500000
51 103 0.500000
51 106 0.500000
51 107 0.500000
51 109 0.500000
51 116 0.500000
51 117 0.500000
51 118 0.500000
51 122 0.500000
51 123 0.500000
51 126 0.500000
51 128 0.500000
51 130 0.500000
51 132 0.500000
51 133 0.500000
51 134 0.500000
51 135 0.500000
51 137 0.500000
51 139 0.500000
51 143 0.500000
51 147 0.500000
51 148 0.500000
51 149 0.500000
51 152 0.500000
51 154 0.500000
51 155 0.500000
51 158 0.500000
51 160 0.500000
52 53 0.500000
52 56 0.500000
52 60 0.500000
52 62 0.500000
52 64 0.500000
52 65 0.500000
52 66 0.500000
52 67 0.500000
52 68 0.500000
52 69 0.500000
52 71 0.500000
52 73 0.500000
52 74 0.500000
52 75 0.500000
52 76 0.500000
52 77 0.500000
52 78 0.500000
52 81 0.500000
52 82 0.500000
52 83 0.500000
52 87 0.500000
52 89 0.500000
52 91 0.500000
52 92 0.500000
52 94 0.500000
52 95 0.500000
52 96 0.500000
52 97 0.500000
52 100 0.500000
52 101 0.500000
52 106 0.500000
52 109 0.500000
52 111 0.500000
52 112 0.500000
52 114 0.500000
52 119 0.500000
52 121 0.500000
52 122 0.500000
52 123 0.500000
52 124 0.500000
52 126 0.500000
52 127 0.500000
52 129 0.500000
52 132 0.500000
52 133 0.500000
52 134 0.500000
52 137 0.500000
52 139 0.500000
52 140 0.500000
52 143 0.500000
52 144 0.500000
52 145 0.500000
52 146 0.500000
52 147 0.500000
52 151 0.500000
52 153 0.500000
52 154 0.500000
52 156 0.500000
52 158 0.500000
52 159 0.500000
52 160 0.500000
53 58 0.500000
53 59 0.500000
53 61 0.500000
53 63 0.500000
53 67 0.500000
53 72 0.500000
53 74 0.500000
53 75 0.500000
53 77 0.500000
53 78 0.500000
53 80 0.500000
53 81 0.500000
53 82 0.500000
53 83 0.500000
53 84 0.500000
53 87 0.500000
53 88 0.500000
53 90 0.500000
53 92 0.500000
53 93 0.500000
53 99 0.500000
53 103 0.500000
53 105 0.500000
53 107 0.500000
53 110 0.500000
53 111 0.500000
53 114 0.500000
53 117 0.500000
53 118 0.500000
53 121 0.500000
53 124 0.500000
53 125 0.500000
53 126 0.500000
53 127 0.500000
53 129 0.500000
53 130 0.500000
53 131 0.500000
53 132 0.500000
53 135 0.500000
53 137 0.500000
53 140 0.500000
53 142 0.500000
53 143 0.500000
53 145 0.500000
53 148 0.500000
53 149 0.500000
53 150 0.500000
53 151 0.500000
53 152 0.500000
53 153 0.500000
53 154 0.500000
53 155 0.500000
53 157 0.500000
53 158 0.500000
53 160 0.500000
54 55 0.500000
54 57 0.500000
54 60 0.500000
54 61 0.500000
54 67 0.500000
54 68 0.500000
54 69 0.500000
54 70 0.500000
54 72 0.500000
54 75 0.500000
54 78 0.500000
54 79 0.500000
54 81 0.500000
54 84 0.500000
54 86 0.500000
54 88 0.500000
54 89 0.500000
54 90 0.500000
54 91 0.500000
54 93 0.500000
54 96 0.500000
54 97 0.500000
54 99 0.500000
54 102 0.500000
54 107 0.500000
54 110 0.500000
54 111 0.500000
54 112 0.500000
54 113 0.500000
54 114 0.500000
54 116 0.500000
54 117 0.500000
54 120 0.500000
54 125 0.500000
54 128 0.500000
54 130 0.500000
54 131 0.500000
54 132 0.500000
54 134 0.500000
54 135 0.500000
54 138 0.500000
54 139 0.500000
54 140 0.500000
54 143 0.500000
54 148 0.500000
54 149 0.500000
54 150 0.500000
54 151 0.500000
54 152 0.500000
54 154 0.500000
54 155 0.500000
55 57 0.500000
55 58 0.500000
55 59 0.500000
55 60 0.500000
55 61 0.500000
55 64 0.500000
55 65 0.500000
55 66 0.500000
55 68 0.500000
55 70 0.500000
55 72 0.500000
55 75 0.500000
55 76 0.500000
55 77 0.500000
55 80 0.500000
55 81 0.500000
55 82 0.500000
55 84 0.500000
55 86 0.500000
55 87 0.500000
55 90 0.500000
55 91 0.500000
55 93 0.500000
55 95 0.500000
55 96 0.500000
55 98 0.500000
55 99 0.500000
55 101 0.500000
55 102 0.500000
55 103 0.500000
55 104 0.500000
55 108 0.500000
55 109 0.500000
55 110 0.500000
55 111 0.500000
55 113 0.500000
55 114 0.500000
55 116 0.500000
55 117 0.500000
55 120 0.500000
55 122 0.500000
55 131 0.500000
55 133 0.500000
55 135 0.500000
55 136 0.500000
55 137 0.500000
55 138 0.500000
55 140 0.500000
55 142 0.500000
55 144 0.500000
55 147 0.500000
55 148 0.500000
55 150 0.500000
55 152 0.500000
55 153 0.500000
55 154 0.500000
55 157 0.500000
56 57 0.500000
56 58 0.500000
56 59 0.500000
56 63 0.500000
56 65 0.500000
56 69 0.500000
56 70 0.500000
56 71 0.500000
56 72 0.500000
56 74 0.500000
56 78 0.500000
56 81 0.500000
56 82 0.500000
56 83 0.500000
56 85 0.500000
56 86 0.500000
56 87 0.500000
56 88 0.500000
56 89 0.500000
56 90 0.500000
56 92 0.500000
56 93 0.500000
56 95 0.500000
56 96 0.500000
56 97 0.500000
56 100 0.500000
56 103 0.500000
56 105 0.500000
56 106 0.500000
56 107 0.500000
56 111 0.500000
56 113 0.500000
56 116 0.500000
56 118 0.500000
56 119 0.500000
56 120 0.500000
56 122 0.500000
56 123 0.500000
56 124 0.500000
56 125 0.500000
56 126 0.500000
56 127 0.500000
56 128 0.500000
56 130 0.500000
56 131 0.500000
56 136 0.500000
56 138 0.500000
56 140 0.500000
56 141 0.500000
56 143 0.500000
56 144 0.500000
56 147 0.500000
56 148 0.500000
56 153 0.500000
56 154 0.500000
56 155 0.500000
56 158 0.500000
56 159 0.500000
56 160 0.500000
57 64 0.500000
57 66 0.500000
57 70 0.500000
57 72 0.500000
57 73 0.500000
57 75 0.500000
57 78 0.500000
57 80 0.500000
57 83 0.500000
57 84 0.500000
57 85 0.500000
57 89 0.500000
57 90 0.500000
57 95 0.500000
57 96 0.500000
57 97 0.500000
57 98 0.500000
57 99 0.500000
57 100 0.500000
57 101 0.500000
57 103 0.500000
57 106 0.500000
57 110 0.500000
57 113 0.500000
57 115 0.500000
57 116 0.500000
57 119 0.500000
57 120 0.500000
57 122 0.500000
57 126 0.500000
57 127 0.500000
57 128 0.500000
57 133 0.500000
57 135 0.500000
57 136 0.500000
57 138 0.500000
57 141 0.500000
57 143 0.500000
57 144 0.500000
57 145 0.500000
57 146 0.500000
57 149 0.500000
57 150 0.500000
57 151 0.500000
57 154 0.500000
57 155 0.500000
57 157 0.500000
58 59 0.500000
58 60 0.500000
58 65 0.500000
58 66 0.500000
58 67 0.500000
58 69 0.500000
58 73 0.500000
58 78 0.500000
58 83 0.500000
58 84 0.500000
58 85 0.500000
58 89 0.500000
58 90 0.500000
58 91 0.500000
58 92 0.500000
58 93 0.500000
58 98 0.500000
58 100 0.500000
58 101 0.500000
58 102 0.500000
58 106 0.500000
58 108 0.500000
58 109 0.500000
58 117 0.500000
58 118 0.500000
58 119 0.500000
58 122 0.500000
58 124 0.500000
58 126 0.500000
58 127 0.500000
58 130 0.500000
58 133 0.500000
58 135 0.500000
58 138 0.500000
58 139 0.500000
58 140 0.500000
58 142 0.500000
58 145 0.500000
58 147 0.500000
58 148 0.500000
58 149 0.500000
58 152 0.500000
58 155 0.500000
58 156 0.500000
58 157 0.500000
58 158 0.500000
59 60 0.500000
59 62 0.500000
59 63 0.500000
59 66 0.500000
59 67 0.500000
59 69 0.500000
59 70 0.500000
59 71 0.500000
59 72 0.500000
59 74 0.500000
59 76 0.500000
59 77 0.500000
59 78 0.500000
59 79 0.500000
59 82 0.500000
59 90 0.500000
59 91 0.500000
59 92 0.500000
59 93 0.500000
59 94 0.500000
59 96 0.500000
59 101 0.500000
59 105 0.500000
59 106 0.500000
59 110 0.500000
59 111 0.500000
59 113 0.500000
59 114 0.500000
59 115 0.500000
59 119 0.500000
59 121 0.500000
59 123 0.500000
59 124 0.500000
59 125 0.500000
59 126 0.500000
59 127 0.500000
59 128 0.500000
59 129 0.500000
59 136 0.500000
59 137 0.500000
59 141 0.500000
59 143 0.500000
59 144 0.500000
59 147 0.500000
59 149 0.500000
59 150 0.500000
59 153 0.500000
59 154 0.500000
59 157 0.500000
59 160 0.500000
60 61 0.500000
60 62 0.500000
60 63 0.500000
60 64 0.500000
60 65 0.500000
60 70 0.500000
60 72 0.500000
60 73 0.500000
60 74 0.500000
60 76 0.500000
60 78 0.500000
60 79 0.500000
60 80 0.500000
60 81 0.500000
60 84 0.500000
60 85 0.500000
60 87 0.500000
60 88 0.500000
60 89 0.500000
60 90 0.500000
60 91 0.500000
60 93 0.500000
60 97 0.500000
60 98 0.500000
60 99 0.500000
60 102 0.500000
60 106 0.500000
60 108 0.500000
60 109 0.500000
60 111 0.500000
60 112 0.500000
60 114 0.500000
60 116 0.500000
60 118 0.500000
60 122 0.500000
60 123 0.500000
60 124 0.500000
60 126 0.500000
60 127 0.500000
60 128 0.500000
60 129 0.500000
60 131 0.500000
60 135 0.500000
60 137 0.500000
60 138 0.500000
60 139 0.500000
60 141 0.500000
60 146 0.500000
60 153 0.500000
60 158 0.500000
60 159 0.500000
60 160 0.500000
61 62 0.500000
61 64 0.500000
61 65 0.500000
61 68 0.500000
61 74 0.500000
61 75 0.500000
61 77 0.500000
61 83 0.500000
61 84 0.500000
61 86 0.500000
61 88 0.500000
61 89 0.500000
61 92 0.500000
61 93 0.500000
61 96 0.500000
61 97 0.500000
61 101 0.500000
61 104 0.500000
61 106 0.500000
61 107 0.500000
61 109 0.500000
61 110 0.500000
61 114 0.500000
61 118 0.500000
61 119 0.500000
61 120 0.500000
61 121 0.500000
61 122 0.500000
61 124 0.500000
61 125 0.500000
61 128 0.500000
61 129 0.500000
61 130 0.500000
61 132 0.500000
61 133 0.500000
61 134 0.500000
61 136 0.500000
61 138 0.500000
61 139 0.500000
61 142 0.500000
61 143 0.500000
61 145 0.500000
61 148 0.500000
61 150 0.500000
61 153 0.500000
61 154 0.500000
61 160 0.500000
62 64 0.500000
62 65 0.500000
62 69 0.500000
62 72 0.500000
62 74 0.500000
62 77 0.500000
62 83 0.500000
62 84 0.500000
62 85 0.500000
62 88 0.500000
62 89 0.500000
62 93 0.500000
62 96 0.500000
62 97 0.500000
62 99 0.500000
62 100 0.500000
62 102 0.500000
62 103 0.500000
62 104 0.500000
62 106 0.500000
62 107 0.500000
62 109 0.500000
62 110 0.500000
62 111 0.500000
62 112 0.500000
62 113 0.500000
62 116 0.500000
62 119 0.500000
62 120 0.500000
62 122 0.500000
62 123 0.500000
62 125 0.500000
62 127 0.500000
62 129 0.500000
62 130 0.500000
62 131 0.500000
62 134 0.500000
62 136 0.500000
62 137 0.500000
62 139 0.500000
62 140 0.500000
62 141 0.500000
62 142 0.500000
62 145 0.500000
62 147 0.500000
62 148 0.500000
62 150 0.500000
62 151 0.500000
62 154 0.500000
62 155 0.500000
63 65 0.500000
63 69 0.500000
63 70 0.500000
63 71 0.500000
63 72 0.500000
63 74 0.500000
63 75 0.500000
63 80 0.500000
63 86 0.500000
63 87 0.500000
63 88 0.500000
63 89 0.500000
63 90 0.500000
63 91 0.500000
63 92 0.500000
63 98 0.500000
63 100 0.500000
63 101 0.500000
63 102 0.500000
63 103 0.500000
63 105 0.500000
63 106 0.500000
63 107 0.500000
63 108 0.500000
63 109 0.500000
63 110 0.500000
63 111 0.500000
63 113 0.500000
63 115 0.500000
63 118 0.500000
63 120 0.500000
63 121 0.500000
63 124 0.500000
63 125 0.500000
63 126 0.500000
63 128 0.500000
63 132 0.500000
63 133 0.500000
63 135 0.500000
63 138 0.500000
63 139 0.500000
63 142 0.500000
63 143 0.500000
63 144 0.500000
63 147 0.500000
63 150 0.500000
63 152 0.500000
63 153 0.500000
63 157 0.500000
63 159 0.500000
64 66 0.500000
64 68 0.500000
64 72 0.500000
64 75 0.500000
64 77 0.500000
64 79 0.500000
64 82 0.500000
64 83 0.500000
64 85 0.500000
64 87 0.500000
64 89 0.500000
64 92 0.500000
64 95 0.500000
64 96 0.500000
64 97 0.500000
64 98 0.500000
64 99 0.500000
64 103 0.500000
64 107 0.500000
64 108 0.500000
64 109 0.500000
64 110 0.500000
64 111 0.500000
64 112 0.500000
64 113 0.500000
64 116 0.500000
64 117 0.500000
64 118 0.500000
64 119 0.500000
64 120 0.500000
64 121 0.500000
64 122 0.500000
64 126 0.500000
64 127 0.500000
64 128 0.500000
64 129 0.500000
64 131 0.500000
64 134 0.500000
64 135 0.500000
64 137 0.500000
64 139 0.500000
64 140 0.500000
64 142 0.500000
64 143 0.500000
64 144 0.500000
64 146 0.500000
64 148 0.500000
64 150 0.500000
64 151 0.500000
64 153 0.500000
64 154 0.500000
64 159 0.500000
65 68 0.500000
65 71 0.500000
65 75 0.500000
65 76 0.500000
65 77 0.500000
65 81 0.500000
65 85 0.500000
65 89 0.500000
65 90 0.500000
65 92 0.500000
65 94 0.500000
65 95 0.500000
65 97 0.500000
65 99 0.500000
65 101 0.500000
65 106 0.500000
65 108 0.500000
65 109 0.500000
65 110 0.500000
65 111 0.500000
65 113 0.500000
65 117 0.500000
65 122 0.500000
65 128 0.500000
65 129 0.500000
65 133 0.500000
65 141 0.500000
65 142 0.500000
65 143 0.500000
65 148 0.500000
65 151 0.500000
65 152 0.500000
65 155 0.500000
65 158 0.500000
66 69 0.500000
66 70 0.500000
66 71 0.500000
66 72 0.500000
66 77 0.500000
66 78 0.500000
66 79 0.500000
66 83 0.500000
66 84 0.500000
66 89 0.500000
66 90 0.500000
66 91 0.500000
66 92 0.500000
66 96 0.500000
66 97 0.500000
66 98 0.500000
66 99 0.500000
66 100 0.500000
66 101 0.500000
66 103 0.500000
66 104 0.500000
66 106 0.500000
66 107 0.500000
66 108 0.500000
66 110 0.500000
66 111 0.500000
66 114 0.500000
66 116 0.500000
66 117 0.500000
66 121 0.500000
66 123 0.500000
66 125 0.500000
66 126 0.500000
66 128 0.500000
66 134 0.500000
66 135 0.500000
66 136 0.500000
66 137 0.500000
66 138 0.500000
66 139 0.500000
66 140 0.500000
66 143 0.500000
66 144 0.500000
66 148 0.500000
66 149 0.500000
66 153 0.500000
66 156 0.500000
66 159 0.500000
67 68 0.500000
67 73 0.500000
67 74 0.500000
67 75 0.500000
67 76 0.500000
67 77 0.500000
67 78 0.500000
67 79 0.500000
67 80 0.500000
67 81 0.500000
67 84 0.500000
67 91 0.500000
67 92 0.500000
67 94 0.500000
67 97 0.500000
67 101 0.500000
67 106 0.500000
67 107 0.500000
67 108 0.500000
67 109 0.500000
67 112 0.500000
67 113 0.500000
67 114 0.500000
67 115 0.500000
67 116 0.500000
67 117 0.500000
67 118 0.500000
67 119 0.500000
67 125 0.500000
67 127 0.500000
67 130 0.500000
67 133 0.500000
67 134 0.500000
67 135 0.500000
67 136 0.500000
67 141 0.500000
67 144 0.500000
67 146 0.500000
67 148 0.500000
67 149 0.500000
67 150 0.500000
67 153 0.500000
67 155 0.500000
67 157 0.500000
67 159 0.500000
68 69 0.500000
68 70 0.500000
68 72 0.500000
68 73 0.500000
68 75 0.500000
68 76 0.500000
68 77 0.500000
68 78 0.500000
68 79 0.500000
68 81 0.500000
68 83 0.500000
68 84 0.500000
68 85 0.500000
68 89 0.500000
68 90 0.500000
68 94 0.500000
68 95 0.500000
68 96 0.500000
68 98 0.500000
68 100 0.500000
68 104 0.500000
68 106 0.500000
68 109 0.500000
68 110 0.500000
68 111 0.500000
68 112 0.500000
68 113 0.500000
68 116 0.500000
68 117 0.500000
68 118 0.500000
68 119 0.500000
68 120 0.500000
68 122 0.500000
68 123 0.500000
68 124 0.500000
68 126 0.500000
68 130 0.500000
68 131 0.500000
68 132 0.500000
68 133 0.500000
68 134 0.500000
68 139 0.500000
68 140 0.500000
68 141 0.500000
68 143 0.500000
68 146 0.500000
68 148 0.500000
68 151 0.500000
68 153 0.500000
68 154 0.500000
68 156 0.500000
69 70 0.500000
69 71 0.500000
69 73 0.500000
69 74 0.500000
69 76 0.500000
69 77 0.500000
69 81 0.500000
69 87 0.500000
69 88 0.500000
69 89 0.500000
69 90 0.500000
69 93 0.500000
69 94 0.500000
69 96 0.500000
69 97 0.500000
69 101 0.500000
69 103 0.500000
69 105 0.500000
69 106 0.500000
69 110 0.500000
69 111 0.500000
69 112 0.500000
69 113 0.500000
69 116 0.500000
69 117 0.500000
69 118 0.500000
69 119 0.500000
69 120 0.500000
69 121 0.500000
69 122 0.500000
69 123 0.500000
69 125 0.500000
69 126 0.500000
69 127 0.500000
69 130 0.500000
69 132 0.500000
69 134 0.500000
69 136 0.500000
69 137 0.500000
69 140 0.500000
69 142 0.500000
69 146 0.500000
69 147 0.500000
69 148 0.500000
69 149 0.500000
69 150 0.500000
69 151 0.500000
69 152 0.500000
69 153 0.500000
69 155 0.500000
69 157 0.500000
69 158 0.500000
70 72 0.500000
70 78 0.500000
70 80 0.500000
70 87 0.500000
70 89 0.500000
70 91 0.500000
70 94 0.500000
70 96 0.500000
70 97 0.500000
70 98 0.500000
70 106 0.500000
70 107 0.500000
70 110 0.500000
70 112 0.500000
70 115 0.500000
70 117 0.500000
70 119 0.500000
70 120 0.500000
70 121 0.500000
70 122 0.500000
70 124 0.500000
70 126 0.500000
70 129 0.500000
70 130 0.500000
70 132 0.500000
70 134 0.500000
70 135 0.500000
70 136 0.500000
70 138 0.500000
70 143 0.500000
70 145 0.500000
70 146 0.500000
70 147 0.500000
70 148 0.500000
70 150 0.500000
70 151 0.500000
70 153 0.500000
70 155 0.500000
70 160 0.500000
71 75 0.500000
71 81 0.500000
71 82 0.500000
71 83 0.500000
71 84 0.500000
71 88 0.500000
71 90 0.500000
71 91 0.500000
71 92 0.500000
71 95 0.500000
71 98 0.500000
71 99 0.500000
71 100 0.500000
71 102 0.500000
71 104 0.500000
71 105 0.500000
71 106 0.500000
71 108 0.500000
71 109 0.500000
71 113 0.500000
71 114 0.500000
71 121 0.500000
71 124 0.500000
71 125 0.500000
71 128 0.500000
71 129 0.500000
71 132 0.500000
71 133 0.500000
71 137 0.500000
71 138 0.500000
71 139 0.500000
71 144 0.500000
71 145 0.500000
71 146 0.500000
71 147 0.500000
71 148 0.500000
71 150 0.500000
71 153 0.500000
71 155 0.500000
71 160 0.500000
72 76 0.500000
72 77 0.500000
72 78 0.500000
72 79 0.500000
72 80 0.500000
72 81 0.500000
72 82 0.500000
72 83 0.500000
72 87 0.500000
72 89 0.500000
72 90 0.500000
72 91 0.500000
72 92 0.500000
72 93 0.500000
72 94 0.500000
72 96 0.500000
72 97 0.500000
72 98 0.500000
72 99 0.500000
72 100 0.500000
72 104 0.500000
72 105 0.500000
72 106 0.500000
72 109 0.500000
72 111 0.500000
72 113 0.500000
72 114 0.500000
72 116 0.500000
72 119 0.500000
72 120 0.500000
72 124 0.500000
72 125 0.500000
72 126 0.500000
72 127 0.500000
72 135 0.500000
72 137 0.500000
72 143 0.500000
72 144 0.500000
72 145 0.500000
72 146 0.500000
72 148 0.500000
72 152 0.500000
72 153 0.500000
72 154 0.500000
72 156 0.500000
72 157 0.500000
72 158 0.500000
72 159 0.500000
73 75 0.500000
73 76 0.500000
73 82 0.500000
73 84 0.500000
73 85 0.500000
73 86 0.500000
73 88 0.500000
73 89 0.500000
73 95 0.500000
73 96 0.500000
73 98 0.500000
73 99 0.500000
73 103 0.500000
73 110 0.500000
73 112 0.500000
73 113 0.500000
73 114 0.500000
73 118 0.500000
73 119 0.500000
73 120 0.500000
73 126 0.500000
73 127 0.500000
73 128 0.500000
73 129 0.500000
73 130 0.500000
73 132 0.500000
73 133 0.500000
73 134 0.500000
73 136 0.500000
73 143 0.500000
73 144 0.500000
73 149 0.500000
73 152 0.500000
73 156 0.500000
73 158 0.500000
73 159 0.500000
73 160 0.500000
74 76 0.500000
74 78 0.500000
74 81 0.500000
74 84 0.500000
74 85 0.500000
74 86 0.500000
74 87 0.500000
74 88 0.500000
74 89 0.500000
74 91 0.500000
74 92 0.500000
74 95 0.500000
74 98 0.500000
74 103 0.500000
74 106 0.500000
74 108 0.500000
74 110 0.500000
74 113 0.500000
74 114 0.500000
74 116 0.500000
74 119 0.500000
74 120 0.500000
74 122 0.500000
74 125 0.500000
74 128 0.500000
74 129 0.500000
74 134 0.500000
74 135 0.500000
74 142 0.500000
74 145 0.500000
74 146 0.500000
74 149 0.500000
74 150 0.500000
74 151 0.500000
74 152 0.500000
74 155 0.500000
74 159 0.500000
75 76 0.500000
75 78 0.500000
75 84 0.500000
75 85 0.500000
75 89 0.500000
75 90 0.500000
75 93 0.500000
75 94 0.500000
75 95 0.500000
75 101 0.500000
75 102 0.500000
75 103 0.500000
75 106 0.500000
75 107 0.500000
75 108 0.500000
75 109 0.500000
75 110 0.500000
75 115 0.500000
75 116 0.500000
75 120 0.500000
75 121 0.500000
75 122 0.500000
75 123 0.500000
75 124 0.500000
75 125 0.500000
75 126 0.500000
75 133 0.500000
75 136 0.500000
75 137 0.500000
75 139 0.500000
75 140 0.500000
75 142 0.500000
75 143 0.500000
75 144 0.500000
75 145 0.500000
75 148 0.500000
75 149 0.500000
75 152 0.500000
75 155 0.500000
75 157 0.500000
76 77 0.500000
76 78 0.500000
76 80 0.500000
76 85 0.500000
76 88 0.500000
76 90 0.500000
76 91 0.500000
76 99 0.500000
76 103 0.500000
76 106 0.500000
76 107 0.500000
76 110 0.500000
76 111 0.500000
76 112 0.500000
76 113 0.500000
76 114 0.500000
76 115 0.500000
76 116 0.500000
76 118 0.500000
76 119 0.500000
76 120 0.500000
76 123 0.500000
76 125 0.500000
76 130 0.500000
76 131 0.500000
76 132 0.500000
76 134 0.500000
76 135 0.500000
76 138 0.500000
76 139 0.500000
76 141 0.500000
76 144 0.500000
76 145 0.500000
76 149 0.500000
76 152 0.500000
76 153 0.500000
76 156 0.500000
76 159 0.500000
77 78 0.500000
77 80 0.500000
77 81 0.500000
77 82 0.500000
77 83 0.500000
77 84 0.500000
77 86 0.500000
77 88 0.500000
77 91 0.500000
77 92 0.500000
77 93 0.500000
77 95 0.500000
77 97 0.500000
77 99 0.500000
77 100 0.500000
77 105 0.500000
77 108 0.500000
77 112 0.500000
77 113 0.500000
77 114 0.500000
77 116 0.500000
77 117 0.500000
77 118 0.500000
77 120 0.500000
77 122 0.500000
77 123 0.500000
77 127 0.500000
77 128 0.500000
77 129 0.500000
77 130 0.500000
77 132 0.500000
77 135 0.500000
77 136 0.500000
77 137 0.500000
77 139 0.500000
77 140 0.500000
77 141 0.500000
77 142 0.500000
77 144 0.500000
77 148 0.500000
77 150 0.500000
77 151 0.500000
77 153 0.500000
77 154 0.500000
77 155 0.500000
77 159 0.500000
77 160 0.500000
78 80 0.500000
78 81 0.500000
78 82 0.500000
78 85 0.500000
78 87 0.500000
78 89 0.500000
78 91 0.500000
78 92 0.500000
78 93 0.500000
78 95 0.500000
78 96 0.500000
78 97 0.500000
78 99 0.500000
78 105 0.500000
78 106 0.500000
78 107 0.500000
78 113 0.500000
78 116 0.500000
78 118 0.500000
78 121 0.500000
78 124 0.500000
78 125 0.500000
78 126 0.500000
78 127 0.500000
78 128 0.500000
78 129 0.500000
78 136 0.500000
78 137 0.500000
78 140 0.500000
78 142 0.500000
78 143 0.500000
78 144 0.500000
78 145 0.500000
78 147 0.500000
78 148 0.500000
78 149 0.500000
78 150 0.500000
78 153 0.500000
78 154 0.500000
78 156 0.500000
78 158 0.500000
78 159 0.500000
78 160 0.500000
79 80 0.500000
79 81 0.500000
79 83 0.500000
79 86 0.500000
79 88 0.500000
79 89 0.500000
79 91 0.500000
79 93 0.500000
79 97 0.500000
79 100 0.500000
79 104 0.500000
79 106 0.500000
79 109 0.500000
79 110 0.500000
79 113 0.500000
79 114 0.500000
79 115 0.500000
79 116 0.500000
79 118 0.500000
79 120 0.500000
79 122 0.500000
79 123 0.500000
79 124 0.500000
79 126 0.500000
79 127 0.500000
79 128 0.500000
79 129 0.500000
79 130 0.500000
79 132 0.500000
79 135 0.500000
79 139 0.500000
79 140 0.500000
79 142 0.500000
79 144 0.500000
79 145 0.500000
79 147 0.500000
79 157 0.500000
79 158 0.500000
79 159 0.500000
80 82 0.500000
80 83 0.500000
80 87 0.500000
80 88 0.500000
80 90 0.500000
80 93 0.500000
80 96 0.500000
80 98 0.500000
80 100 0.500000
80 101 0.500000
80 102 0.500000
80 106 0.500000
80 108 0.500000
80 109 0.500000
80 110 0.500000
80 111 0.500000
80 112 0.500000
80 115 0.500000
80 116 0.500000
80 117 0.500000
80 120 0.500000
80 123 0.500000
80 124 0.500000
80 127 0.500000
80 128 0.500000
80 129 0.500000
80 131 0.500000
80 135 0.500000
80 137 0.500000
80 138 0.500000
80 140 0.500000
80 141 0.500000
80 144 0.500000
80 146 0.500000
80 147 0.500000
80 149 0.500000
80 152 0.500000
80 153 0.500000
80 154 0.500000
80 158 0.500000
81 82 0.500000
81 90 0.500000
81 91 0.500000
81 94 0.500000
81 95 0.500000
81 96 0.500000
81 97 0.500000
81 98 0.500000
81 100 0.500000
81 103 0.500000
81 104 0.500000
81 106 0.500000
81 107 0.500000
81 108 0.500000
81 110 0.500000
81 114 0.500000
81 115 0.500000
81 116 0.500000
81 117 0.500000
81 118 0.500000
81 120 0.500000
81 121 0.500000
81 122 0.500000
81 127 0.500000
81 128 0.500000
81 130 0.500000
81 132 0.500000
81 134 0.500000
81 135 0.500000
81 137 0.500000
81 139 0.500000
81 142 0.500000
81 143 0.500000
81 145 0.500000
81 146 0.500000
81 147 0.500000
81 148 0.500000
81 151 0.500000
81 153 0.500000
81 154 0.500000
81 155 0.500000
81 157 0.500000
81 160 0.500000
82 86 0.500000
82 88 0.500000
82 89 0.500000
82 90 0.500000
82 92 0.500000
82 94 0.500000
82 96 0.500000
82 99 0.500000
82 101 0.500000
82 103 0.500000
82 104 0.500000
82 107 0.500000
82 108 0.500000
82 110 0.500000
82 111 0.500000
82 113 0.500000
82 115 0.500000
82 118 0.500000
82 119 0.500000
82 120 0.500000
82 121 0.500000
82 122 0.500000
82 124 0.500000
82 128 0.500000
82 130 0.500000
82 131 0.500000
82 134 0.500000
82 135 0.500000
82 138 0.500000
82 139 0.500000
82 140 0.500000
82 143 0.500000
82 145 0.500000
82 146 0.500000
82 148 0.500000
82 150 0.500000
82 152 0.500000
82 154 0.500000
82 157 0.500000
82 158 0.500000
82 160 0.500000
83 85 0.500000
83 88 0.500000
83 92 0.500000
83 97 0.500000
83 98 0.500000
83 101 0.500000
83 102 0.500000
83 105 0.500000
83 110 0.500000
83 111 0.500000
83 114 0.500000
83 115 0.500000
83 116 0.500000
83 117 0.500000
83 118 0.500000
83 119 0.500000
83 120 0.500000
83 121 0.500000
83 122 0.500000
83 124 0.500000
83 125 0.500000
83 129 0.500000
83 131 0.500000
83 132 0.500000
83 134 0.500000
83 135 0.500000
83 138 0.500000
83 139 0.500000
83 140 0.500000
83 147 0.500000
83 149 0.500000
83 155 0.500000
83 156 0.500000
83 158 0.500000
84 85 0.500000
84 86 0.500000
84 87 0.500000
84 90 0.500000
84 91 0.500000
84 93 0.500000
84 94 0.500000
84 95 0.500000
84 98 0.500000
84 103 0.500000
84 105 0.500000
84 106 0.500000
84 110 0.500000
84 111 0.500000
84 112 0.500000
84 113 0.500000
84 114 0.500000
84 116 0.500000
84 118 0.500000
84 119 0.500000
84 121 0.500000
84 122 0.500000
84 123 0.500000
84 125 0.500000
84 126 0.500000
84 129 0.500000
84 130 0.500000
84 132 0.500000
84 133 0.500000
84 134 0.500000
84 137 0.500000
84 139 0.500000
84 140 0.500000
84 144 0.500000
84 146 0.500000
84 148 0.500000
84 149 0.500000
84 150 0.500000
84 151 0.500000
84 154 0.500000
84 156 0.500000
84 157 0.500000
84 158 0.500000
84 159 0.500000
84 160 0.500000
85 87 0.500000
85 88 0.500000
85 91 0.500000
85 92 0.500000
85 93 0.500000
85 94 0.500000
85 95 0.500000
85 97 0.500000
85 99 0.500000
85 100 0.500000
85 103 0.500000
85 104 0.500000
85 106 0.500000
85 109 0.500000
85 112 0.500000
85 114 0.500000
85 115 0.500000
85 119 0.500000
85 120 0.500000
85 122 0.500000
85 124 0.500000
85 127 0.500000
85 128 0.500000
85 129 0.500000
85 130 0.500000
85 131 0.500000
85 135 0.500000
85 141 0.500000
85 142 0.500000
85 143 0.500000
85 146 0.500000
85 148 0.500000
85 149 0.500000
85 150 0.500000
85 151 0.500000
85 152 0.500000
85 153 0.500000
85 154 0.500000
85 157 0.500000
85 160 0.500000
86 88 0.500000
86 89 0.500000
86 91 0.500000
86 94 0.500000
86 95 0.500000
86 98 0.500000
86 100 0.500000
86 102 0.500000
86 103 0.500000
86 104 0.500000
86 106 0.500000
86 107 0.500000
86 108 0.500000
86 110 0.500000
86 111 0.500000
86 113 0.500000
86 116 0.500000
86 118 0.500000
86 119 0.500000
86 120 0.500000
86 123 0.500000
86 126 0.500000
86 127 0.500000
86 128 0.500000
86 129 0.500000
86 132 0.500000
86 135 0.500000
86 136 0.500000
86 137 0.500000
86 139 0.500000
86 141 0.500000
86 148 0.500000
86 149 0.500000
86 151 0.500000
86 157 0.500000
86 158 0.500000
86 160 0.500000
87 90 0.500000
87 93 0.500000
87 94 0.500000
87 96 0.500000
87 98 0.500000
87 103 0.500000
87 104 0.500000
87 105 0.500000
87 106 0.500000
87 108 0.500000
87 110 0.500000
87 112 0.500000
87 113 0.500000
87 115 0.500000
87 116 0.500000
87 117 0.500000
87 125 0.500000
87 126 0.500000
87 128 0.500000
87 129 0.500000
87 135 0.500000
87 136 0.500000
87 137 0.500000
87 141 0.500000
87 142 0.500000
87 143 0.500000
87 150 0.500000
87 151 0.500000
87 153 0.500000
87 154 0.500000
87 155 0.500000
87 156 0.500000
87 157 0.500000
87 159 0.500000
88 89 0.500000
88 91 0.500000
88 96 0.500000
88 98 0.500000
88 99 0.500000
88 100 0.500000
88 102 0.500000
88 104 0.500000
88 106 0.500000
88 107 0.500000
88 110 0.500000
88 112 0.500000
88 113 0.500000
88 115 0.500000
88 118 0.500000
88 119 0.500000
88 121 0.500000
88 122 0.500000
88 123 0.500000
88 124 0.500000
88 126 0.500000
88 128 0.500000
88 129 0.500000
88 132 0.500000
88 135 0.500000
88 136 0.500000
88 137 0.500000
88 138 0.500000
88 140 0.500000
88 145 0.500000
88 146 0.500000
88 155 0.500000
88 156 0.500000
88 157 0.500000
88 158 0.500000
88 159 0.500000
88 160 0.500000
89 90 0.500000
89 91 0.500000
89 92 0.500000
89 95 0.500000
89 98 0.500000
89 103 0.500000
89 104 0.500000
89 105 0.500000
89 106 0.500000
89 110 0.500000
89 111 0.500000
89 113 0.500000
89 117 0.500000
89 119 0.500000
89 121 0.500000
89 122 0.500000
89 123 0.500000
89 124 0.500000
89 125 0.500000
89 131 0.500000
89 132 0.500000
89 134 0.500000
89 137 0.500000
89 138 0.500000
89 139 0.500000
89 140 0.500000
89 141 0.500000
89 145 0.500000
89 148 0.500000
89 151 0.500000
89 153 0.500000
89 154 0.500000
89 157 0.500000
89 158 0.500000
90 91 0.500000
90 92 0.500000
90 93 0.500000
90 96 0.500000
90 98 0.500000
90 99 0.500000
90 101 0.500000
90 102 0.500000
90 104 0.500000
90 105 0.500000
90 106 0.500000
90 107 0.500000
90 108 0.500000
90 109 0.500000
90 111 0.500000
90 112 0.500000
90 114 0.500000
90 117 0.500000
90 119 0.500000
90 121 0.500000
90 122 0.500000
90 125 0.500000
90 126 0.500000
90 129 0.500000
90 131 0.500000
90 132 0.500000
90 133 0.500000
90 135 0.500000
90 137 0.500000
90 138 0.500000
90 139 0.500000
90 140 0.500000
90 141 0.500000
90 143 0.500000
90 145 0.500000
90 146 0.500000
90 147 0.500000
90 148 0.500000
90 149 0.500000
90 150 0.500000
90 151 0.500000
90 152 0.500000
90 153 0.500000
90 154 0.500000
90 160 0.500000
91 92 0.500000
91 94 0.500000
91 98 0.500000
91 100 0.500000
91 103 0.500000
91 112 0.500000
91 113 0.500000
91 114 0.500000
91 115 0.500000
91 116 0.500000
91 117 0.500000
91 120 0.500000
91 121 0.500000
91 125 0.500000
91 126 0.500000
91 128 0.500000
91 129 0.500000
91 130 0.500000
91 135 0.500000
91 136 0.500000
91 137 0.500000
91 138 0.500000
91 139 0.500000
91 141 0.500000
91 143 0.500000
91 146 0.500000
91 147 0.500000
91 148 0.500000
91 149 0.500000
91 150 0.500000
91 151 0.500000
91 152 0.500000
91 153 0.500000
91 155 0.500000
91 157 0.500000
91 158 0.500000
91 160 0.500000
92 93 0.500000
92 94 0.500000
92 95 0.500000
92 97 0.500000
92 101 0.500000
92 102 0.500000
92 106 0.500000
92 109 0.500000
92 110 0.500000
92 111 0.500000
92 112 0.500000
92 113 0.500000
92 114 0.500000
92 115 0.500000
92 116 0.500000
92 118 0.500000
92 120 0.500000
92 122 0.500000
92 126 0.500000
92 131 0.500000
92 133 0.500000
92 134 0.500000
92 138 0.500000
92 141 0.500000
92 142 0.500000
92 143 0.500000
92 144 0.500000
92 145 0.500000
92 147 0.500000
92 148 0.500000
92 151 0.500000
92 153 0.500000
92 154 0.500000
92 156 0.500000
92 157 0.500000
92 159 0.500000
92 160 0.500000
93 94 0.500000
93 95 0.500000
93 97 0.500000
93 99 0.500000
93 100 0.500000
93 103 0.500000
93 104 0.500000
93 109 0.500000
93 112 0.500000
93 113 0.500000
93 115 0.500000
93 117 0.500000
93 118 0.500000
93 119 0.500000
93 120 0.500000
93 121 0.500000
93 125 0.500000
93 128 0.500000
93 129 0.500000
93 130 0.500000
93 131 0.500000
93 133 0.500000
93 134 0.500000
93 135 0.500000
93 136 0.500000
93 137 0.500000
93 138 0.500000
93 139 0.500000
93 140 0.500000
93 141 0.500000
93 145 0.500000
93 146 0.500000
93 149 0.500000
93 150 0.500000
93 151 0.500000
93 153 0.500000
93 154 0.500000
93 156 0.500000
93 158 0.500000
93 160 0.500000
94 95 0.500000
94 102 0.500000
94 103 0.500000
94 106 0.500000
94 107 0.500000
94 108 0.500000
94 113 0.500000
94 114 0.500000
94 119 0.500000
94 121 0.500000
94 123 0.500000
94 124 0.500000
94 127 0.500000
94 129 0.500000
94 135 0.500000
94 137 0.500000
94 138 0.500000
94 140 0.500000
94 143 0.500000
94 144 0.500000
94 146 0.500000
94 147 0.500000
94 148 0.500000
94 149 0.500000
94 151 0.500000
94 153 0.500000
94 155 0.500000
94 156 0.500000
94 159 0.500000
94 160 0.500000
95 96 0.500000
95 98 0.500000
95 101 0.500000
95 102 0.500000
95 103 0.500000
95 104 0.500000
95 108 0.500000
95 109 0.500000
95 112 0.500000
95 113 0.500000
95 117 0.500000
95 122 0.500000
95 123 0.500000
95 125 0.500000
95 127 0.500000
95 137 0.500000
95 138 0.500000
95 139 0.500000
95 142 0.500000
95 144 0.500000
95 146 0.500000
95 148 0.500000
95 153 0.500000
95 156 0.500000
95 157 0.500000
95 159 0.500000
95 160 0.500000
96 98 0.500000
96 99 0.500000
96 101 0.500000
96 107 0.500000
96 110 0.500000
96 111 0.500000
96 113 0.500000
96 114 0.500000
96 115 0.500000
96 116 0.500000
96 120 0.500000
96 122 0.500000
96 126 0.500000
96 131 0.500000
96 132 0.500000
96 134 0.500000
96 136 0.500000
96 140 0.500000
96 141 0.500000
96 144 0.500000
96 145 0.500000
96 148 0.500000
96 157 0.500000
96 158 0.500000
96 159 0.500000
96 160 0.500000
97 98 0.500000
97 99 0.500000
97 105 0.500000
97 108 0.500000
97 110 0.500000
97 111 0.500000
97 113 0.500000
97 114 0.500000
97 116 0.500000
97 118 0.500000
97 119 0.500000
97 120 0.500000
97 121 0.500000
97 129 0.500000
97 132 0.500000
97 134 0.500000
97 135 0.500000
97 139 0.500000
97 140 0.500000
97 141 0.500000
97 145 0.500000
97 146 0.500000
97 147 0.500000
97 148 0.500000
97 149 0.500000
97 150 0.500000
97 151 0.500000
97 153 0.500000
97 154 0.500000
97 158 0.500000
97 160 0.500000
98 102 0.500000
98 103 0.500000
98 105 0.500000
98 106 0.500000
98 107 0.500000
98 110 0.500000
98 111 0.500000
98 113 0.500000
98 115 0.500000
98 116 0.500000
98 118 0.500000
98 119 0.500000
98 120 0.500000
98 121 0.500000
98 124 0.500000
98 129 0.500000
98 131 0.500000
98 135 0.500000
98 140 0.500000
98 141 0.500000
98 142 0.500000
98 143 0.500000
98 146 0.500000
98 147 0.500000
98 148 0.500000
98 149 0.500000
98 153 0.500000
98 154 0.500000
98 155 0.500000
98 156 0.500000
98 157 0.500000
98 158 0.500000
99 100 0.500000
99 101 0.500000
99 102 0.500000
99 105 0.500000
99 108 0.500000
99 109 0.500000
99 110 0.500000
99 118 0.500000
99 121 0.500000
99 122 0.500000
99 128 0.500000
99 129 0.500000
99 131 0.500000
99 133 0.500000
99 134 0.500000
99 138 0.500000
99 141 0.500000
99 142 0.500000
99 147 0.500000
99 148 0.500000
99 150 0.500000
99 151 0.500000
99 152 0.500000
99 153 0.500000
99 154 0.500000
99 155 0.500000
99 157 0.500000
99 158 0.500000
99 160 0.500000
100 101 0.500000
100 102 0.500000
100 103 0.500000
100 104 0.500000
100 105 0.500000
100 106 0.500000
100 108 0.500000
100 110 0.500000
100 113 0.500000
100 114 0.500000
100 117 0.500000
100 118 0.500000
100 122 0.500000
100 123 0.500000
100 124 0.500000
100 126 0.500000
100 128 0.500000
100 129 0.500000
100 131 0.500000
100 135 0.500000
100 136 0.500000
100 137 0.500000
100 138 0.500000
100 139 0.500000
100 140 0.500000
100 142 0.500000
100 143 0.500000
100 144 0.500000
100 151 0.500000
100 154 0.500000
100 157 0.500000
100 160 0.500000
101 102 0.500000
101 103 0.500000
101 104 0.500000
101 105 0.500000
101 107 0.500000
101 108 0.500000
101 109 0.500000
101 110 0.500000
101 111 0.500000
101 113 0.500000
101 115 0.500000
101 118 0.500000
101 119 0.500000
101 120 0.500000
101 121 0.500000
101 124 0.500000
101 125 0.500000
101 129 0.500000
101 130 0.500000
101 135 0.500000
101 137 0.500000
101 139 0.500000
101 140 0.500000
101 142 0.500000
101 145 0.500000
101 146 0.500000
101 147 0.500000
101 149 0.500000
101 150 0.500000
101 151 0.500000
101 152 0.500000
101 153 0.500000
101 154 0.500000
101 159 0.500000
101 160 0.500000
102 103 0.500000
102 106 0.500000
102 107 0.500000
102 108 0.500000
102 110 0.500000
102 113 0.500000
102 115 0.500000
102 120 0.500000
102 121 0.500000
102 122 0.500000
102 124 0.500000
102 127 0.500000
102 128 0.500000
102 129 0.500000
102 130 0.500000
102 132 0.500000
102 136 0.500000
102 137 0.500000
102 139 0.500000
102 140 0.500000
102 143 0.500000
102 145 0.500000
102 149 0.500000
102 150 0.500000
102 151 0.500000
102 153 0.500000
102 154 0.500000
102 155 0.500000
102 160 0.500000
103 104 0.500000
103 108 0.500000
103 109 0.500000
103 110 0.500000
103 111 0.500000
103 112 0.500000
103 113 0.500000
103 114 0.500000
103 118 0.500000
103 122 0.500000
103 123 0.500000
103 128 0.500000
103 129 0.500000
103 130 0.500000
103 132 0.500000
103 133 0.500000
103 135 0.500000
103 136 0.500000
103 140 0.500000
103 144 0.500000
103 145 0.500000
103 148 0.500000
103 150 0.500000
103 152 0.500000
103 153 0.500000
103 154 0.500000
103 155 0.500000
103 158 0.500000
103 159 0.500000
104 105 0.500000
104 106 0.500000
104 107 0.500000
104 108 0.500000
104 109 0.500000
104 111 0.500000
104 112 0.500000
104 114 0.500000
104 115 0.500000
104 119 0.500000
104 120 0.500000
104 121 0.500000
104 122 0.500000
104 124 0.500000
104 128 0.500000
104 131 0.500000
104 132 0.500000
104 134 0.500000
104 135 0.500000
104 136 0.500000
104 138 0.500000
104 139 0.500000
104 141 0.500000
104 145 0.500000
104 146 0.500000
104 149 0.500000
104 152 0.500000
104 154 0.500000
104 155 0.500000
104 157 0.500000
104 158 0.500000
104 159 0.500000
104 160 0.500000
105 106 0.500000
105 107 0.500000
105 110 0.500000
105 111 0.500000
105 113 0.500000
105 114 0.500000
105 115 0.500000
105 119 0.500000
105 122 0.500000
105 126 0.500000
105 127 0.500000
105 129 0.500000
105 130 0.500000
105 131 0.500000
105 132 0.500000
105 133 0.500000
105 135 0.500000
105 136 0.500000
105 139 0.500000
105 143 0.500000
105 144 0.500000
105 145 0.500000
105 148 0.500000
105 149 0.500000
105 151 0.500000
105 153 0.500000
105 158 0.500000
106 108 0.500000
106 109 0.500000
106 110 0.500000
106 111 0.500000
106 112 0.500000
106 113 0.500000
106 114 0.500000
106 116 0.500000
106 121 0.500000
106 126 0.500000
106 128 0.500000
106 130 0.500000
106 132 0.500000
106 134 0.500000
106 135 0.500000
106 136 0.500000
106 137 0.500000
106 138 0.500000
106 140 0.500000
106 141 0.500000
106 150 0.500000
106 158 0.500000
106 160 0.500000
107 108 0.500000
107 109 0.500000
107 110 0.500000
107 111 0.500000
107 112 0.500000
107 116 0.500000
107 119 0.500000
107 122 0.500000
107 123 0.500000
107 127 0.500000
107 128 0.500000
107 130 0.500000
107 134 0.500000
107 137 0.500000
107 139 0.500000
107 142 0.500000
107 144 0.500000
107 145 0.500000
107 147 0.500000
107 148 0.500000
107 150 0.500000
107 153 0.500000
107 154 0.500000
107 155 0.500000
107 156 0.500000
107 159 0.500000
107 160 0.500000
108 113 0.500000
108 115 0.500000
108 116 0.500000
108 118 0.500000
108 120 0.500000
108 122 0.500000
108 124 0.500000
108 125 0.500000
108 126 0.500000
108 128 0.500000
108 129 0.500000
108 130 0.500000
108 131 0.500000
108 133 0.500000
108 135 0.500000
108 137 0.500000
108 139 0.500000
108 141 0.500000
108 144 0.500000
108 145 0.500000
108 146 0.500000
108 148 0.500000
108 149 0.500000
108 150 0.500000
108 153 0.500000
108 156 0.500000
108 158 0.500000
108 160 0.500000
109 113 0.500000
109 114 0.500000
109 115 0.500000
109 116 0.500000
109 117 0.500000
109 118 0.500000
109 119 0.500000
109 120 0.500000
109 121 0.500000
109 122 0.500000
109 123 0.500000
109 124 0.500000
109 126 0.500000
109 127 0.500000
109 129 0.500000
109 131 0.500000
109 132 0.500000
109 133 0.500000
109 135 0.500000
109 137 0.500000
109 142 0.500000
109 146 0.500000
109 149 0.500000
109 150 0.500000
109 151 0.500000
109 154 0.500000
109 155 0.500000
109 156 0.500000
109 157 0.500000
109 159 0.500000
109 160 0.500000
110 111 0.500000
110 113 0.500000
110 114 0.500000
110 115 0.500000
110 116 0.500000
110 117 0.500000
110 119 0.500000
110 120 0.500000
110 121 0.500000
110 124 0.500000
110 126 0.500000
110 127 0.500000
110 129 0.500000
110 133 0.500000
110 136 0.500000
110 137 0.500000
110 143 0.500000
110 145 0.500000
110 148 0.500000
110 149 0.500000
110 152 0.500000
110 154 0.500000
110 155 0.500000
110 156 0.500000
110 158 0.500000
110 159 0.500000
111 112 0.500000
111 115 0.500000
111 116 0.500000
111 121 0.500000
111 122 0.500000
111 124 0.500000
111 125 0.500000
111 126 0.500000
111 129 0.500000
111 132 0.500000
111 133 0.500000
111 137 0.500000
111 139 0.500000
111 140 0.500000
111 142 0.500000
111 145 0.500000
111 147 0.500000
111 151 0.500000
111 153 0.500000
111 154 0.500000
111 156 0.500000
111 157 0.500000
111 159 0.500000
112 114 0.500000
112 117 0.500000
112 118 0.500000
112 120 0.500000
112 121 0.500000
112 124 0.500000
112 125 0.500000
112 129 0.500000
112 130 0.500000
112 133 0.500000
112 134 0.500000
112 138 0.500000
112 139 0.500000
112 146 0.500000
112 148 0.500000
112 152 0.500000
112 153 0.500000
112 156 0.500000
112 160 0.500000
113 114 0.500000
113 116 0.500000
113 117 0.500000
113 118 0.500000
113 119 0.500000
113 120 0.500000
113 121 0.500000
113 122 0.500000
113 123 0.500000
113 124 0.500000
113 128 0.500000
113 129 0.500000
113 135 0.500000
113 136 0.500000
113 137 0.500000
113 139 0.500000
113 140 0.500000
113 141 0.500000
113 142 0.500000
113 144 0.500000
113 149 0.500000
113 150 0.500000
113 151 0.500000
113 153 0.500000
113 154 0.500000
113 155 0.500000
113 156 0.500000
113 158 0.500000
114 116 0.500000
114 117 0.500000
114 120 0.500000
114 121 0.500000
114 122 0.500000
114 124 0.500000
114 126 0.500000
114 127 0.500000
114 128 0.500000
114 129 0.500000
114 130 0.500000
114 131 0.500000
114 137 0.500000
114 139 0.500000
114 140 0.500000
114 141 0.500000
114 143 0.500000
114 146 0.500000
114 149 0.500000
114 152 0.500000
114 153 0.500000
114 154 0.500000
114 155 0.500000
114 157 0.500000
115 116 0.500000
115 118 0.500000
115 119 0.500000
115 120 0.500000
115 121 0.500000
115 122 0.500000
115 123 0.500000
115 124 0.500000
115 130 0.500000
115 131 0.500000
115 132 0.500000
115 133 0.500000
115 135 0.500000
115 136 0.500000
115 137 0.500000
115 140 0.500000
115 144 0.500000
115 145 0.500000
115 148 0.500000
115 149 0.500000
115 150 0.500000
115 152 0.500000
115 153 0.500000
115 155 0.500000
115 157 0.500000
115 159 0.500000
115 160 0.500000
116 118 0.500000
116 123 0.500000
116 125 0.500000
116 126 0.500000
116 127 0.500000
116 128 0.500000
116 129 0.500000
116 130 0.500000
116 136 0.500000
116 137 0.500000
116 138 0.500000
116 139 0.500000
116 140 0.500000
116 142 0.500000
116 146 0.500000
116 147 0.500000
116 150 0.500000
116 151 0.500000
116 153 0.500000
116 154 0.500000
116 155 0.500000
116 156 0.500000
116 157 0.500000
116 159 0.500000
116 160 0.500000
117 118 0.500000
117 120 0.500000
117 124 0.500000
117 125 0.500000
117 126 0.500000
117 128 0.500000
117 130 0.500000
117 132 0.500000
117 134 0.500000
117 139 0.500000
117 141 0.500000
117 142 0.500000
117 143 0.500000
117 144 0.500000
117 146 0.500000
117 155 0.500000
117 156 0.500000
117 157 0.500000
117 158 0.500000
117 160 0.500000
118 119 0.500000
118 121 0.500000
118 123 0.500000
118 126 0.500000
118 127 0.500000
118 130 0.500000
118 131 0.500000
118 132 0.500000
118 135 0.500000
118 138 0.500000
118 140 0.500000
118 141 0.500000
118 142 0.500000
118 143 0.500000
118 145 0.500000
118 150 0.500000
118 153 0.500000
118 154 0.500000
118 155 0.500000
118 157 0.500000
118 158 0.500000
119 120 0.500000
119 123 0.500000
119 124 0.500000
119 126 0.500000
119 127 0.500000
119 132 0.500000
119 133 0.500000
119 134 0.500000
119 140 0.500000
119 141 0.500000
119 143 0.500000
119 150 0.500000
119 153 0.500000
119 154 0.500000
119 156 0.500000
119 158 0.500000
119 159 0.500000
120 121 0.500000
120 124 0.500000
120 125 0.500000
120 126 0.500000
120 127 0.500000
120 129 0.500000
120 130 0.500000
120 131 0.500000
120 132 0.500000
120 134 0.500000
120 135 0.500000
120 136 0.500000
120 137 0.500000
120 138 0.500000
120 139 0.500000
120 141 0.500000
120 142 0.500000
120 143 0.500000
120 144 0.500000
120 147 0.500000
120 148 0.500000
120 149 0.500000
120 152 0.500000
120 153 0.500000
120 157 0.500000
120 158 0.500000
120 159 0.500000
121 124 0.500000
121 125 0.500000
121 129 0.500000
121 132 0.500000
121 133 0.500000
121 136 0.500000
121 137 0.500000
121 139 0.500000
121 142 0.500000
121 143 0.500000
121 148 0.500000
121 149 0.500000
121 150 0.500000
121 151 0.500000
121 152 0.500000
121 153 0.500000
122 124 0.500000
122 125 0.500000
122 126 0.500000
122 127 0.500000
122 128 0.500000
122 129 0.500000
122 132 0.500000
122 133 0.500000
122 135 0.500000
122 136 0.500000
122 137 0.500000
122 139 0.500000
122 140 0.500000
122 141 0.500000
122 143 0.500000
122 145 0.500000
122 146 0.500000
122 147 0.500000
122 150 0.500000
122 151 0.500000
122 152 0.500000
122 159 0.500000
122 160 0.500000
123 127 0.500000
123 128 0.500000
123 129 0.500000
123 130 0.500000
123 132 0.500000
123 134 0.500000
123 135 0.500000
123 140 0.500000
123 141 0.500000
123 142 0.500000
123 144 0.500000
123 146 0.500000
123 148 0.500000
123 154 0.500000
123 155 0.500000
123 157 0.500000
123 160 0.500000
124 125 0.500000
124 126 0.500000
124 128 0.500000
124 129 0.500000
124 131 0.500000
124 132 0.500000
124 135 0.500000
124 136 0.500000
124 140 0.500000
124 142 0.500000
124 144 0.500000
124 152 0.500000
124 153 0.500000
124 154 0.500000
124 158 0.500000
124 160 0.500000
125 129 0.500000
125 130 0.500000
125 131 0.500000
125 132 0.500000
125 133 0.500000
125 135 0.500000
125 136 0.500000
125 137 0.500000
125 138 0.500000
125 139 0.500000
125 140 0.500000
125 141 0.500000
125 142 0.500000
125 143 0.500000
125 144 0.500000
125 145 0.500000
125 149 0.500000
125 150 0.500000
125 151 0.500000
125 153 0.500000
125 154 0.500000
125 155 0.500000
125 156 0.500000
125 157 0.500000
126 127 0.500000
126 132 0.500000
126 134 0.500000
126 136 0.500000
126 137 0.500000
126 138 0.500000
126 139 0.500000
126 140 0.500000
126 142 0.500000
126 143 0.500000
126 146 0.500000
126 148 0.500000
126 152 0.500000
126 153 0.500000
126 157 0.500000
126 158 0.500000
127 130 0.500000
127 131 0.500000
127 132 0.500000
127 133 0.500000
127 135 0.500000
127 137 0.500000
127 138 0.500000
127 139 0.500000
127 142 0.500000
127 143 0.500000
127 144 0.500000
127 146 0.500000
127 147 0.500000
127 148 0.500000
127 149 0.500000
127 151 0.500000
127 155 0.500000
127 159 0.500000
128 129 0.500000
128 132 0.500000
128 133 0.500000
128 136 0.500000
128 139 0.500000
128 141 0.500000
128 144 0.500000
128 145 0.500000
128 146 0.500000
128 147 0.500000
128 148 0.500000
128 150 0.500000
128 151 0.500000
128 152 0.500000
128 155 0.500000
128 156 0.500000
128 157 0.500000
128 159 0.500000
128 160 0.500000
129 130 0.500000
129 132 0.500000
129 133 0.500000
129 135 0.500000
129 136 0.500000
129 138 0.500000
129 143 0.500000
129 145 0.500000
129 146 0.500000
129 149 0.500000
129 152 0.500000
129 153 0.500000
129 154 0.500000
129 155 0.500000
129 156 0.500000
129 157 0.500000
129 158 0.500000
129 160 0.500000
130 131 0.500000
130 132 0.500000
130 133 0.500000
130 136 0.500000
130 138 0.500000
130 139 0.500000
130 140 0.500000
130 141 0.500000
130 143 0.500000
130 144 0.500000
130 146 0.500000
130 150 0.500000
130 152 0.500000
130 154 0.500000
130 155 0.500000
130 157 0.500000
130 160 0.500000
131 135 0.500000
131 137 0.500000
131 142 0.500000
131 143 0.500000
131 144 0.500000
131 145 0.500000
131 146 0.500000
131 147 0.500000
131 154 0.500000
131 155 0.500000
131 156 0.500000
131 157 0.500000
131 158 0.500000
132 135 0.500000
132 137 0.500000
132 139 0.500000
132 140 0.500000
132 143 0.500000
132 144 0.500000
132 145 0.500000
132 147 0.500000
132 148 0.500000
132 149 0.500000
132 151 0.500000
132 156 0.500000
132 157 0.500000
132 158 0.500000
132 159 0.500000
132 160 0.500000
133 135 0.500000
133 137 0.500000
133 138 0.500000
133 140 0.500000
133 141 0.500000
133 145 0.500000
133 147 0.500000
133 150 0.500000
133 151 0.500000
133 153 0.500000
133 154 0.500000
133 155 0.500000
133 156 0.500000
133 158 0.500000
133 159 0.500000
133 160 0.500000
134 139 0.500000
134 140 0.500000
134 142 0.500000
134 144 0.500000
134 145 0.500000
134 146 0.500000
134 147 0.500000
134 152 0.500000
134 153 0.500000
134 154 0.500000
134 157 0.500000
134 160 0.500000
135 138 0.500000
135 140 0.500000
135 141 0.500000
135 142 0.500000
135 148 0.500000
135 149 0.500000
135 151 0.500000
135 152 0.500000
135 153 0.500000
135 154 0.500000
135 155 0.500000
135 157 0.500000
135 159 0.500000
135 160 0.500000
136 137 0.500000
136 139 0.500000
136 143 0.500000
136 145 0.500000
136 146 0.500000
136 149 0.500000
136 153 0.500000
136 157 0.500000
136 158 0.500000
136 160 0.500000
137 140 0.500000
137 141 0.500000
137 143 0.500000
137 144 0.500000
137 145 0.500000
137 146 0.500000
137 147 0.500000
137 149 0.500000
137 150 0.500000
137 151 0.500000
137 154 0.500000
137 156 0.500000
137 159 0.500000
137 160 0.500000
138 139 0.500000
138 142 0.500000
138 143 0.500000
138 144 0.500000
138 147 0.500000
138 148 0.500000
138 151 0.500000
138 154 0.500000
138 157 0.500000
138 159 0.500000
139 141 0.500000
139 142 0.500000
139 143 0.500000
139 145 0.500000
139 146 0.500000
139 148 0.500000
139 150 0.500000
139 155 0.500000
140 141 0.500000
140 144 0.500000
140 147 0.500000
140 151 0.500000
140 153 0.500000
140 158 0.500000
140 160 0.500000
141 142 0.500000
141 144 0.500000
141 148 0.500000
141 149 0.500000
141 151 0.500000
141 152 0.500000
141 156 0.500000
141 160 0.500000
142 144 0.500000
142 145 0.500000
142 148 0.500000
142 150 0.500000
142 151 0.500000
142 158 0.500000
142 159 0.500000
143 146 0.500000
143 147 0.500000
143 149 0.500000
143 153 0.500000
143 154 0.500000
143 158 0.500000
144 146 0.500000
144 147 0.500000
144 149 0.500000
144 150 0.500000
144 153 0.500000
144 154 0.500000
144 157 0.500000
144 158 0.500000
144 159 0.500000
145 150 0.500000
145 151 0.500000
145 153 0.500000
145 154 0.500000
146 148 0.500000
146 149 0.500000
146 150 0.500000
146 151 0.500000
146 152 0.500000
146 157 0.500000
146 158 0.500000
147 152 0.500000
147 153 0.500000
147 154 0.500000
147 157 0.500000
147 158 0.500000
147 159 0.500000
148 149 0.500000
148 155 0.500000
148 157 0.500000
148 159 0.500000
148 160 0.500000
149 150 0.500000
149 151 0.500000
149 152 0.500000
149 153 0.500000
149 156 0.500000
149 157 0.500000
149 159 0.500000
150 151 0.500000
150 156 0.500000
150 157 0.500000
150 158 0.500000
151 152 0.500000
151 153 0.500000
151 155 0.500000
151 156 0.500000
151 158 0.500000
151 160 0.500000
152 153 0.500000
152 157 0.500000
152 160 0.500000
153 155 0.500000
153 156 0.500000
153 158 0.500000
153 160 0.500000
154 156 0.500000
154 157 0.500000
154 158 0.500000
155 156 0.500000
155 158 0.500000
155 160 0.500000
156 157 0.500000
158 159 0.500000
