160 40 3180
1 3 0.500000
1 16 0.500000
1 18 0.500000
1 19 0.500000
1 20 0.500000
1 31 0.500000
1 32 0.500000
1 33 0.500000
1 34 0.500000
1 35 0.500000
1 36 0.500000
1 39 0.500000
1 42 0.500000
1 43 0.500000
1 45 0.500000
1 50 0.500000
1 51 0.500000
1 57 0.500000
1 58 0.500000
1 63 0.500000
1 70 0.500000
1 75 0.500000
1 81 0.500000
1 83 0.500000
1 94 0.500000
1 95 0.500000
1 97 0.500000
1 104 0.500000
1 112 0.500000
1 115 0.500000
1 124 0.500000
1 125 0.500000
1 130 0.500000
1 133 0.500000
1 137 0.500000
1 142 0.500000
1 147 0.500000
1 148 0.500000
1 152 0.500000
1 154 0.500000
1 157 0.500000
2 8 0.500000
2 15 0.500000
2 18 0.500000
2 23 0.500000
2 24 0.500000
2 27 0.500000
2 29 0.500000
2 30 0.500000
2 32 0.500000
2 33 0.500000
2 45 0.500000
2 51 0.500000
2 53 0.500000
2 58 0.500000
2 60 0.500000
2 62 0.500000
2 67 0.500000
2 70 0.500000
2 74 0.500000
2 76 0.500000
2 83 0.500000
2 87 0.500000
2 88 0.500000
2 91 0.500000
2 96 0.500000
2 100 0.500000
2 101 0.500000
2 102 0.500000
2 106 0.500000
2 110 0.500000
2 121 0.500000
2 130 0.500000
2 132 0.500000
2 134 0.500000
2 140 0.500000
2 142 0.500000
2 143 0.500000
2 149 0.500000
2 154 0.500000
2 157 0.500000
2 159 0.500000
3 7 0.500000
3 29 0.500000
3 33 0.500000
3 34 0.500000
3 41 0.500000
3 44 0.500000
3 45 0.500000
3 49 0.500000
3 61 0.500000
3 65 0.500000
3 66 0.500000
3 67 0.500000
3 68 0.500000
3 69 0.500000
3 76 0.500000
3 84 0.500000
3 88 0.500000
3 89 0.500000
3 95 0.500000
3 96 0.500000
3 98 0.500000
3 99 0.500000
3 101 0.500000
3 107 0.500000
3 108 0.500000
3 111 0.500000
3 119 0.500000
3 128 0.500000
3 131 0.500000
3 132 0.500000
3 140 0.500000
3 142 0.500000
3 147 0.500000
3 148 0.500000
3 152 0.500000
3 159 0.500000
4 5 0.500000
4 6 0.500000
4 9 0.500000
4 13 0.500000
4 17 0.500000
4 19 0.500000
4 21 0.500000
4 23 0.500000
4 27 0.500000
4 29 0.500000
4 32 0.500000
4 35 0.500000
4 38 0.500000
4 41 0.500000
4 43 0.500000
4 45 0.500000
4 46 0.500000
4 49 0.500000
4 56 0.500000
4 60 0.500000
4 63 0.500000
4 64 0.500000
4 66 0.500000
4 85 0.500000
4 90 0.500000
4 91 0.500000
4 96 0.500000
4 100 0.500000
4 105 0.500000
4 109 0.500000
4 110 0.500000
4 114 0.500000
4 123 0.500000
4 127 0.500000
4 128 0.500000
4 130 0.500000
4 137 0.500000
4 143 0.500000
4 148 0.500000
4 151 0.500000
5 24 0.500000
5 25 0.500000
5 27 0.500000
5 28 0.500000
5 46 0.500000
5 49 0.500000
5 55 0.500000
5 60 0.500000
5 66 0.500000
5 71 0.500000
5 75 0.500000
5 82 0.500000
5 83 0.500000
5 89 0.500000
5 91 0.500000
5 92 0.500000
5 95 0.500000
5 96 0.500000
5 98 0.500000
5 100 0.500000
5 108 0.500000
5 109 0.500000
5 113 0.500000
5 116 0.500000
5 118 0.500000
5 131 0.500000
5 135 0.500000
5 139 0.500000
5 144 0.500000
5 145 0.500000
5 149 0.500000
5 151 0.500000
5 160 0.500000
6 19 0.500000
6 24 0.500000
6 33 0.500000
6 37 0.500000
6 49 0.500000
6 50 0.500000
6 53 0.500000
6 54 0.500000
6 62 0.500000
6 76 0.500000
6 78 0.500000
6 79 0.500000
6 80 0.500000
6 81 0.500000
6 84 0.500000
6 85 0.500000
6 88 0.500000
6 89 0.500000
6 97 0.500000
6 103 0.500000
6 112 0.500000
6 113 0.500000
6 117 0.500000
6 118 0.500000
6 121 0.500000
6 123 0.500000
6 127 0.500000
6 129 0.500000
6 130 0.500000
6 131 0.500000
6 132 0.500000
6 134 0.500000
6 140 0.500000
6 144 0.500000
6 147 0.500000
6 150 0.500000
7 15 0.500000
7 17 0.500000
7 18 0.500000
7 25 0.500000
7 27 0.500000
7 31 0.500000
7 35 0.500000
7 38 0.500000
7 40 0.500000
7 42 0.500000
7 43 0.500000
7 44 0.500000
7 45 0.500000
7 46 0.500000
7 52 0.500000
7 53 0.500000
7 54 0.500000
7 56 0.500000
7 63 0.500000
7 64 0.500000
7 67 0.500000
7 75 0.500000
7 78 0.500000
7 89 0.500000
7 94 0.500000
7 99 0.500000
7 107 0.500000
7 108 0.500000
7 111 0.500000
7 113 0.500000
7 114 0.500000
7 117 0.500000
7 118 0.500000
7 122 0.500000
7 123 0.500000
7 133 0.500000
7 135 0.500000
7 138 0.500000
7 140 0.500000
7 152 0.500000
7 157 0.500000
7 158 0.500000
8 16 0.500000
8 21 0.500000
8 27 0.500000
8 29 0.500000
8 32 0.500000
8 51 0.500000
8 54 0.500000
8 55 0.500000
8 57 0.500000
8 65 0.500000
8 67 0.500000
8 75 0.500000
8 80 0.500000
8 82 0.500000
8 87 0.500000
8 88 0.500000
8 89 0.500000
8 90 0.500000
8 92 0.500000
8 104 0.500000
8 110 0.500000
8 113 0.500000
8 116 0.500000
8 120 0.500000
8 123 0.500000
8 124 0.500000
8 131 0.500000
8 138 0.500000
8 141 0.500000
8 143 0.500000
8 147 0.500000
8 151 0.500000
8 154 0.500000
8 155 0.500000
8 158 0.500000
8 159 0.500000
9 18 0.500000
9 20 0.500000
9 21 0.500000
9 24 0.500000
9 26 0.500000
9 32 0.500000
9 34 0.500000
9 35 0.500000
9 36 0.500000
9 39 0.500000
9 41 0.500000
9 44 0.500000
9 52 0.500000
9 54 0.500000
9 56 0.500000
9 57 0.500000
9 62 0.500000
9 81 0.500000
9 82 0.500000
9 85 0.500000
9 104 0.500000
9 105 0.500000
9 109 0.500000
9 117 0.500000
9 121 0.500000
9 123 0.500000
9 132 0.500000
9 133 0.500000
9 142 0.500000
9 149 0.500000
9 150 0.500000
10 15 0.500000
10 19 0.500000
10 25 0.500000
10 33 0.500000
10 37 0.500000
10 40 0.500000
10 41 0.500000
10 48 0.500000
10 64 0.500000
10 67 0.500000
10 72 0.500000
10 73 0.500000
10 75 0.500000
10 78 0.500000
10 80 0.500000
10 81 0.500000
10 82 0.500000
10 87 0.500000
10 93 0.500000
10 96 0.500000
10 99 0.500000
10 104 0.500000
10 105 0.500000
10 106 0.500000
10 110 0.500000
10 112 0.500000
10 115 0.500000
10 118 0.500000
10 126 0.500000
10 130 0.500000
10 135 0.500000
10 136 0.500000
10 139 0.500000
10 140 0.500000
10 145 0.500000
10 147 0.500000
10 159 0.500000
11 13 0.500000
11 16 0.500000
11 18 0.500000
11 19 0.500000
11 24 0.500000
11 26 0.500000
11 30 0.500000
11 34 0.500000
11 35 0.500000
11 39 0.500000
11 41 0.500000
11 47 0.500000
11 49 0.500000
11 62 0.500000
11 64 0.500000
11 72 0.500000
11 73 0.500000
11 75 0.500000
11 83 0.500000
11 84 0.500000
11 87 0.500000
11 89 0.500000
11 90 0.500000
11 91 0.500000
11 96 0.500000
11 109 0.500000
11 112 0.500000
11 122 0.500000
11 124 0.500000
11 130 0.500000
11 133 0.500000
11 135 0.500000
11 140 0.500000
11 143 0.500000
11 144 0.500000
11 152 0.500000
12 13 0.500000
12 16 0.500000
12 21 0.500000
12 33 0.500000
12 35 0.500000
12 47 0.500000
12 48 0.500000
12 52 0.500000
12 53 0.500000
12 54 0.500000
12 57 0.500000
12 60 0.500000
12 65 0.500000
12 71 0.500000
12 89 0.500000
12 95 0.500000
12 96 0.500000
12 115 0.500000
12 121 0.500000
12 124 0.500000
12 125 0.500000
12 126 0.500000
12 131 0.500000
12 134 0.500000
12 140 0.500000
12 149 0.500000
12 151 0.500000
12 154 0.500000
12 157 0.500000
13 18 0.500000
13 20 0.500000
13 30 0.500000
13 34 0.500000
13 45 0.500000
13 46 0.500000
13 50 0.500000
13 51 0.500000
13 52 0.500000
13 55 0.500000
13 58 0.500000
13 60 0.500000
13 62 0.500000
13 66 0.500000
13 70 0.500000
13 74 0.500000
13 75 0.500000
13 80 0.500000
13 83 0.500000
13 84 0.500000
13 92 0.500000
13 96 0.500000
13 97 0.500000
13 98 0.500000
13 101 0.500000
13 104 0.500000
13 109 0.500000
13 110 0.500000
13 116 0.500000
13 119 0.500000
13 125 0.500000
13 130 0.500000
13 132 0.500000
13 135 0.500000
13 136 0.500000
13 137 0.500000
13 138 0.500000
13 141 0.500000
13 146 0.500000
13 149 0.500000
13 153 0.500000
13 154 0.500000
14 17 0.500000
14 31 0.500000
14 34 0.500000
14 37 0.500000
14 41 0.500000
14 45 0.500000
14 47 0.500000
14 48 0.500000
14 52 0.500000
14 54 0.500000
14 64 0.500000
14 65 0.500000
14 67 0.500000
14 68 0.500000
14 76 0.500000
14 83 0.500000
14 87 0.500000
14 88 0.500000
14 95 0.500000
14 100 0.500000
14 114 0.500000
14 116 0.500000
14 118 0.500000
14 119 0.500000
14 120 0.500000
14 123 0.500000
14 124 0.500000
14 125 0.500000
14 126 0.500000
14 129 0.500000
14 130 0.500000
14 131 0.500000
14 136 0.500000
14 138 0.500000
14 141 0.500000
14 145 0.500000
14 146 0.500000
14 150 0.500000
14 153 0.500000
15 16 0.500000
15 20 0.500000
15 21 0.500000
15 27 0.500000
15 29 0.500000
15 32 0.500000
15 38 0.500000
15 39 0.500000
15 44 0.500000
15 51 0.500000
15 59 0.500000
15 62 0.500000
15 68 0.500000
15 72 0.500000
15 74 0.500000
15 75 0.500000
15 76 0.500000
15 84 0.500000
15 85 0.500000
15 86 0.500000
15 88 0.500000
15 96 0.500000
15 98 0.500000
15 101 0.500000
15 104 0.500000
15 106 0.500000
15 107 0.500000
15 112 0.500000
15 114 0.500000
15 116 0.500000
15 117 0.500000
15 118 0.500000
15 120 0.500000
15 124 0.500000
15 130 0.500000
15 140 0.500000
15 141 0.500000
15 142 0.500000
15 144 0.500000
15 149 0.500000
15 153 0.500000
15 160 0.500000
16 20 0.500000
16 23 0.500000
16 24 0.500000
16 28 0.500000
16 31 0.500000
16 33 0.500000
16 36 0.500000
16 37 0.500000
16 45 0.500000
16 55 0.500000
16 56 0.500000
16 57 0.500000
16 60 0.500000
16 62 0.500000
16 67 0.500000
16 76 0.500000
16 81 0.500000
16 87 0.500000
16 97 0.500000
16 103 0.500000
16 108 0.500000
16 111 0.500000
16 112 0.500000
16 113 0.500000
16 114 0.500000
16 115 0.500000
16 120 0.500000
16 121 0.500000
16 124 0.500000
16 129 0.500000
16 134 0.500000
16 144 0.500000
16 145 0.500000
16 151 0.500000
16 158 0.500000
17 18 0.500000
17 20 0.500000
17 28 0.500000
17 29 0.500000
17 31 0.500000
17 32 0.500000
17 38 0.500000
17 40 0.500000
17 42 0.500000
17 44 0.500000
17 47 0.500000
17 53 0.500000
17 58 0.500000
17 61 0.500000
17 69 0.500000
17 76 0.500000
17 77 0.500000
17 85 0.500000
17 94 0.500000
17 104 0.500000
17 108 0.500000
17 110 0.500000
17 112 0.500000
17 121 0.500000
17 123 0.500000
17 127 0.500000
17 131 0.500000
17 133 0.500000
17 136 0.500000
17 138 0.500000
17 154 0.500000
17 157 0.500000
18 21 0.500000
18 26 0.500000
18 30 0.500000
18 38 0.500000
18 49 0.500000
18 50 0.500000
18 54 0.500000
18 55 0.500000
18 56 0.500000
18 58 0.500000
18 59 0.500000
18 65 0.500000
18 68 0.500000
18 69 0.500000
18 72 0.500000
18 74 0.500000
18 88 0.500000
18 89 0.500000
18 90 0.500000
18 92 0.500000
18 103 0.500000
18 105 0.500000
18 109 0.500000
18 115 0.500000
18 118 0.500000
18 125 0.500000
18 126 0.500000
18 128 0.500000
18 137 0.500000
18 139 0.500000
18 151 0.500000
18 152 0.500000
18 154 0.500000
18 159 0.500000
19 20 0.500000
19 23 0.500000
19 27 0.500000
19 31 0.500000
19 32 0.500000
19 33 0.500000
19 34 0.500000
19 35 0.500000
19 44 0.500000
19 45 0.500000
19 54 0.500000
19 55 0.500000
19 56 0.500000
19 59 0.500000
19 63 0.500000
19 64 0.500000
19 70 0.500000
19 83 0.500000
19 90 0.500000
19 91 0.500000
19 92 0.500000
19 105 0.500000
19 114 0.500000
19 126 0.500000
19 134 0.500000
19 135 0.500000
19 138 0.500000
19 139 0.500000
19 142 0.500000
19 146 0.500000
19 147 0.500000
19 150 0.500000
19 151 0.500000
19 160 0.500000
20 21 0.500000
20 31 0.500000
20 32 0.500000
20 33 0.500000
20 35 0.500000
20 61 0.500000
20 62 0.500000
20 64 0.500000
20 65 0.500000
20 67 0.500000
20 73 0.500000
20 80 0.500000
20 87 0.500000
20 105 0.500000
20 111 0.500000
20 112 0.500000
20 113 0.500000
20 121 0.500000
20 127 0.500000
20 130 0.500000
20 133 0.500000
20 135 0.500000
20 136 0.500000
20 137 0.500000
20 141 0.500000
20 147 0.500000
20 150 0.500000
20 158 0.500000
21 23 0.500000
21 24 0.500000
21 27 0.500000
21 34 0.500000
21 39 0.500000
21 41 0.500000
21 42 0.500000
21 43 0.500000
21 45 0.500000
21 46 0.500000
21 50 0.500000
21 57 0.500000
21 59 0.500000
21 65 0.500000
21 69 0.500000
21 71 0.500000
21 73 0.500000
21 75 0.500000
21 81 0.500000
21 84 0.500000
21 85 0.500000
21 94 0.500000
21 98 0.500000
21 101 0.500000
21 107 0.500000
21 112 0.500000
21 113 0.500000
21 117 0.500000
21 118 0.500000
21 122 0.500000
21 124 0.500000
21 127 0.500000
21 131 0.500000
21 132 0.500000
21 140 0.500000
21 142 0.500000
21 146 0.500000
21 148 0.500000
21 153 0.500000
21 158 0.500000
22 26 0.500000
22 27 0.500000
22 32 0.500000
22 36 0.500000
22 38 0.500000
22 45 0.500000
22 64 0.500000
22 69 0.500000
22 73 0.500000
22 75 0.500000
22 82 0.500000
22 84 0.500000
22 90 0.500000
22 92 0.500000
22 98 0.500000
22 102 0.500000
22 105 0.500000
22 107 0.500000
22 111 0.500000
22 114 0.500000
22 115 0.500000
22 122 0.500000
22 123 0.500000
22 126 0.500000
22 127 0.500000
22 135 0.500000
22 140 0.500000
22 141 0.500000
22 143 0.500000
22 147 0.500000
22 151 0.500000
22 153 0.500000
23 35 0.500000
23 36 0.500000
23 38 0.500000
23 41 0.500000
23 43 0.500000
23 46 0.500000
23 47 0.500000
23 48 0.500000
23 53 0.500000
23 54 0.500000
23 69 0.500000
23 71 0.500000
23 74 0.500000
23 76 0.500000
23 77 0.500000
23 79 0.500000
23 81 0.500000
23 82 0.500000
23 86 0.500000
23 88 0.500000
23 91 0.500000
23 93 0.500000
23 94 0.500000
23 95 0.500000
23 105 0.500000
23 116 0.500000
23 117 0.500000
23 119 0.500000
23 122 0.500000
23 123 0.500000
23 124 0.500000
23 128 0.500000
23 137 0.500000
23 141 0.500000
23 152 0.500000
24 34 0.500000
24 35 0.500000
24 37 0.500000
24 38 0.500000
24 39 0.500000
24 41 0.500000
24 51 0.500000
24 54 0.500000
24 60 0.500000
24 65 0.500000
24 67 0.500000
24 68 0.500000
24 71 0.500000
24 73 0.500000
24 80 0.500000
24 83 0.500000
24 87 0.500000
24 88 0.500000
24 96 0.500000
24 99 0.500000
24 110 0.500000
24 112 0.500000
24 114 0.500000
24 115 0.500000
24 116 0.500000
24 117 0.500000
24 122 0.500000
24 125 0.500000
24 126 0.500000
24 131 0.500000
24 132 0.500000
24 133 0.500000
24 138 0.500000
24 144 0.500000
24 149 0.500000
24 158 0.500000
25 37 0.500000
25 43 0.500000
25 44 0.500000
25 45 0.500000
25 48 0.500000
25 54 0.500000
25 57 0.500000
25 64 0.500000
25 65 0.500000
25 73 0.500000
25 75 0.500000
25 78 0.500000
25 80 0.500000
25 85 0.500000
25 88 0.500000
25 89 0.500000
25 97 0.500000
25 104 0.500000
25 106 0.500000
25 118 0.500000
25 120 0.500000
25 126 0.500000
25 127 0.500000
25 139 0.500000
25 143 0.500000
25 144 0.500000
25 145 0.500000
25 146 0.500000
25 147 0.500000
25 148 0.500000
25 152 0.500000
25 155 0.500000
25 156 0.500000
25 157 0.500000
25 160 0.500000
26 28 0.500000
26 30 0.500000
26 32 0.500000
26 35 0.500000
26 39 0.500000
26 41 0.500000
26 43 0.500000
26 44 0.500000
26 45 0.500000
26 49 0.500000
26 57 0.500000
26 67 0.500000
26 71 0.500000
26 84 0.500000
26 87 0.500000
26 92 0.500000
26 94 0.500000
26 97 0.500000
26 100 0.500000
26 109 0.500000
26 112 0.500000
26 114 0.500000
26 118 0.500000
26 121 0.500000
26 126 0.500000
26 128 0.500000
26 129 0.500000
26 130 0.500000
26 131 0.500000
26 135 0.500000
26 138 0.500000
26 146 0.500000
26 151 0.500000
26 152 0.500000
26 155 0.500000
26 160 0.500000
27 38 0.500000
27 40 0.500000
27 42 0.500000
27 43 0.500000
27 56 0.500000
27 59 0.500000
27 61 0.500000
27 64 0.500000
27 68 0.500000
27 75 0.500000
27 81 0.500000
27 86 0.500000
27 89 0.500000
27 90 0.500000
27 98 0.500000
27 99 0.500000
27 102 0.500000
27 109 0.500000
27 110 0.500000
27 116 0.500000
27 118 0.500000
27 120 0.500000
27 123 0.500000
27 127 0.500000
27 136 0.500000
27 142 0.500000
27 143 0.500000
27 144 0.500000
27 148 0.500000
27 156 0.500000
27 157 0.500000
27 158 0.500000
28 31 0.500000
28 32 0.500000
28 35 0.500000
28 39 0.500000
28 41 0.500000
28 42 0.500000
28 44 0.500000
28 46 0.500000
28 50 0.500000
28 51 0.500000
28 70 0.500000
28 74 0.500000
28 78 0.500000
28 83 0.500000
28 84 0.500000
28 85 0.500000
28 90 0.500000
28 91 0.500000
28 94 0.500000
28 100 0.500000
28 102 0.500000
28 103 0.500000
28 109 0.500000
28 116 0.500000
28 119 0.500000
28 120 0.500000
28 124 0.500000
28 135 0.500000
28 138 0.500000
28 140 0.500000
28 142 0.500000
28 148 0.500000
28 152 0.500000
29 32 0.500000
29 44 0.500000
29 45 0.500000
29 46 0.500000
29 47 0.500000
29 53 0.500000
29 55 0.500000
29 56 0.500000
29 58 0.500000
29 59 0.500000
29 64 0.500000
29 70 0.500000
29 71 0.500000
29 78 0.500000
29 82 0.500000
29 84 0.500000
29 86 0.500000
29 89 0.500000
29 92 0.500000
29 103 0.500000
29 109 0.500000
29 115 0.500000
29 117 0.500000
29 125 0.500000
29 134 0.500000
29 136 0.500000
29 137 0.500000
29 138 0.500000
29 147 0.500000
29 154 0.500000
30 31 0.500000
30 32 0.500000
30 33 0.500000
30 36 0.500000
30 45 0.500000
30 46 0.500000
30 47 0.500000
30 51 0.500000
30 57 0.500000
30 64 0.500000
30 78 0.500000
30 82 0.500000
30 88 0.500000
30 89 0.500000
30 97 0.500000
30 102 0.500000
30 107 0.500000
30 108 0.500000
30 109 0.500000
30 114 0.500000
30 117 0.500000
30 120 0.500000
30 121 0.500000
30 125 0.500000
30 129 0.500000
30 131 0.500000
30 132 0.500000
30 134 0.500000
30 139 0.500000
30 142 0.500000
30 145 0.500000
30 150 0.500000
30 155 0.500000
30 156 0.500000
30 160 0.500000
31 37 0.500000
31 40 0.500000
31 48 0.500000
31 51 0.500000
31 60 0.500000
31 66 0.500000
31 67 0.500000
31 76 0.500000
31 77 0.500000
31 78 0.500000
31 80 0.500000
31 83 0.500000
31 88 0.500000
31 104 0.500000
31 108 0.500000
31 111 0.500000
31 119 0.500000
31 120 0.500000
31 122 0.500000
31 126 0.500000
31 130 0.500000
31 131 0.500000
31 135 0.500000
31 139 0.500000
31 144 0.500000
31 154 0.500000
31 160 0.500000
32 42 0.500000
32 43 0.500000
32 44 0.500000
32 51 0.500000
32 56 0.500000
32 61 0.500000
32 62 0.500000
32 64 0.500000
32 66 0.500000
32 74 0.500000
32 76 0.500000
32 79 0.500000
32 90 0.500000
32 91 0.500000
32 106 0.500000
32 110 0.500000
32 111 0.500000
32 114 0.500000
32 116 0.500000
32 119 0.500000
32 134 0.500000
32 135 0.500000
32 136 0.500000
32 151 0.500000
33 38 0.500000
33 39 0.500000
33 47 0.500000
33 55 0.500000
33 58 0.500000
33 59 0.500000
33 60 0.500000
33 63 0.500000
33 64 0.500000
33 68 0.500000
33 76 0.500000
33 77 0.500000
33 87 0.500000
33 89 0.500000
33 93 0.500000
33 98 0.500000
33 99 0.500000
33 102 0.500000
33 103 0.500000
33 113 0.500000
33 116 0.500000
33 119 0.500000
33 122 0.500000
33 124 0.500000
33 125 0.500000
33 127 0.500000
33 135 0.500000
33 137 0.500000
33 140 0.500000
33 141 0.500000
33 145 0.500000
33 147 0.500000
33 152 0.500000
33 156 0.500000
33 158 0.500000
33 159 0.500000
34 37 0.500000
34 43 0.500000
34 45 0.500000
34 49 0.500000
34 50 0.500000
34 51 0.500000
34 58 0.500000
34 69 0.500000
34 70 0.500000
34 75 0.500000
34 81 0.500000
34 82 0.500000
34 83 0.500000
34 86 0.500000
34 87 0.500000
34 96 0.500000
34 101 0.500000
34 102 0.500000
34 108 0.500000
34 110 0.500000
34 112 0.500000
34 119 0.500000
34 121 0.500000
34 122 0.500000
34 126 0.500000
34 146 0.500000
34 155 0.500000
34 156 0.500000
34 158 0.500000
34 159 0.500000
35 39 0.500000
35 41 0.500000
35 54 0.500000
35 58 0.500000
35 61 0.500000
35 63 0.500000
35 64 0.500000
35 66 0.500000
35 67 0.500000
35 74 0.500000
35 76 0.500000
35 81 0.500000
35 83 0.500000
35 84 0.500000
35 85 0.500000
35 86 0.500000
35 87 0.500000
35 96 0.500000
35 98 0.500000
35 104 0.500000
35 111 0.500000
35 116 0.500000
35 117 0.500000
35 118 0.500000
35 121 0.500000
35 122 0.500000
35 135 0.500000
35 138 0.500000
35 139 0.500000
35 146 0.500000
35 153 0.500000
36 39 0.500000
36 40 0.500000
36 42 0.500000
36 56 0.500000
36 57 0.500000
36 58 0.500000
36 64 0.500000
36 65 0.500000
36 66 0.500000
36 80 0.500000
36 81 0.500000
36 83 0.500000
36 92 0.500000
36 95 0.500000
36 96 0.500000
36 97 0.500000
36 106 0.500000
36 110 0.500000
36 112 0.500000
36 119 0.500000
36 121 0.500000
36 123 0.500000
36 125 0.500000
36 129 0.500000
36 136 0.500000
36 144 0.500000
36 145 0.500000
36 146 0.500000
36 150 0.500000
36 151 0.500000
36 156 0.500000
37 39 0.500000
37 43 0.500000
37 47 0.500000
37 54 0.500000
37 55 0.500000
37 68 0.500000
37 77 0.500000
37 81 0.500000
37 82 0.500000
37 88 0.500000
37 89 0.500000
37 91 0.500000
37 93 0.500000
37 94 0.500000
37 105 0.500000
37 106 0.500000
37 110 0.500000
37 117 0.500000
37 121 0.500000
37 123 0.500000
37 129 0.500000
37 134 0.500000
37 135 0.500000
37 138 0.500000
37 143 0.500000
37 145 0.500000
37 149 0.500000
37 153 0.500000
37 158 0.500000
38 40 0.500000
38 45 0.500000
38 46 0.500000
38 58 0.500000
38 64 0.500000
38 66 0.500000
38 74 0.500000
38 79 0.500000
38 83 0.500000
38 84 0.500000
38 86 0.500000
38 88 0.500000
38 94 0.500000
38 97 0.500000
38 104 0.500000
38 108 0.500000
38 112 0.500000
38 119 0.500000
38 130 0.500000
38 131 0.500000
38 136 0.500000
38 141 0.500000
38 142 0.500000
38 144 0.500000
38 149 0.500000
38 151 0.500000
38 153 0.500000
38 154 0.500000
38 155 0.500000
38 157 0.500000
39 42 0.500000
39 43 0.500000
39 50 0.500000
39 54 0.500000
39 57 0.500000
39 59 0.500000
39 67 0.500000
39 69 0.500000
39 71 0.500000
39 72 0.500000
39 75 0.500000
39 77 0.500000
39 83 0.500000
39 84 0.500000
39 91 0.500000
39 93 0.500000
39 97 0.500000
39 117 0.500000
39 119 0.500000
39 136 0.500000
39 139 0.500000
39 140 0.500000
39 142 0.500000
39 157 0.500000
40 45 0.500000
40 47 0.500000
40 48 0.500000
40 49 0.500000
40 52 0.500000
40 57 0.500000
40 66 0.500000
40 69 0.500000
40 70 0.500000
40 76 0.500000
40 77 0.500000
40 79 0.500000
40 80 0.500000
40 81 0.500000
40 82 0.500000
40 85 0.500000
40 88 0.500000
40 93 0.500000
40 99 0.500000
40 101 0.500000
40 102 0.500000
40 104 0.500000
40 111 0.500000
40 115 0.500000
40 119 0.500000
40 121 0.500000
40 122 0.500000
40 134 0.500000
40 135 0.500000
40 148 0.500000
40 149 0.500000
40 153 0.500000
40 155 0.500000
40 157 0.500000
41 43 0.500000
41 47 0.500000
41 53 0.500000
41 61 0.500000
41 63 0.500000
41 71 0.500000
41 84 0.500000
41 88 0.500000
41 90 0.500000
41 95 0.500000
41 96 0.500000
41 97 0.500000
41 102 0.500000
41 107 0.500000
41 108 0.500000
41 112 0.500000
41 114 0.500000
41 120 0.500000
41 122 0.500000
41 140 0.500000
41 146 0.500000
41 148 0.500000
41 150 0.500000
41 152 0.500000
41 155 0.500000
41 158 0.500000
41 159 0.500000
42 44 0.500000
42 46 0.500000
42 47 0.500000
42 56 0.500000
42 59 0.500000
42 69 0.500000
42 81 0.500000
42 84 0.500000
42 91 0.500000
42 100 0.500000
42 104 0.500000
42 109 0.500000
42 112 0.500000
42 116 0.500000
42 128 0.500000
42 134 0.500000
42 136 0.500000
42 137 0.500000
42 141 0.500000
42 142 0.500000
42 151 0.500000
42 160 0.500000
43 46 0.500000
43 49 0.500000
43 56 0.500000
43 63 0.500000
43 66 0.500000
43 78 0.500000
43 83 0.500000
43 89 0.500000
43 93 0.500000
43 96 0.500000
43 99 0.500000
43 100 0.500000
43 101 0.500000
43 106 0.500000
43 107 0.500000
43 113 0.500000
43 124 0.500000
43 128 0.500000
43 129 0.500000
43 133 0.500000
43 136 0.500000
43 138 0.500000
43 140 0.500000
43 142 0.500000
43 143 0.500000
43 145 0.500000
43 152 0.500000
43 155 0.500000
43 157 0.500000
43 160 0.500000
44 47 0.500000
44 61 0.500000
44 65 0.500000
44 66 0.500000
44 74 0.500000
44 82 0.500000
44 85 0.500000
44 89 0.500000
44 91 0.500000
44 93 0.500000
44 98 0.500000
44 100 0.500000
44 101 0.500000
44 102 0.500000
44 110 0.500000
44 112 0.500000
44 113 0.500000
44 115 0.500000
44 116 0.500000
44 117 0.500000
44 120 0.500000
44 128 0.500000
44 138 0.500000
44 142 0.500000
44 149 0.500000
44 153 0.500000
44 154 0.500000
45 56 0.500000
45 58 0.500000
45 61 0.500000
45 66 0.500000
45 69 0.500000
45 70 0.500000
45 71 0.500000
45 73 0.500000
45 75 0.500000
45 82 0.500000
45 85 0.500000
45 90 0.500000
45 91 0.500000
45 97 0.500000
45 105 0.500000
45 107 0.500000
45 120 0.500000
45 121 0.500000
45 122 0.500000
45 123 0.500000
45 124 0.500000
45 125 0.500000
45 131 0.500000
45 137 0.500000
45 143 0.500000
45 152 0.500000
45 155 0.500000
45 160 0.500000
46 49 0.500000
46 53 0.500000
46 54 0.500000
46 55 0.500000
46 62 0.500000
46 69 0.500000
46 70 0.500000
46 74 0.500000
46 78 0.500000
46 82 0.500000
46 83 0.500000
46 84 0.500000
46 87 0.500000
46 88 0.500000
46 89 0.500000
46 93 0.500000
46 95 0.500000
46 97 0.500000
46 101 0.500000
46 103 0.500000
46 110 0.500000
46 116 0.500000
46 122 0.500000
46 130 0.500000
46 136 0.500000
46 137 0.500000
46 139 0.500000
46 140 0.500000
46 143 0.500000
46 154 0.500000
47 56 0.500000
47 65 0.500000
47 68 0.500000
47 72 0.500000
47 81 0.500000
47 85 0.500000
47 86 0.500000
47 88 0.500000
47 89 0.500000
47 96 0.500000
47 99 0.500000
47 102 0.500000
47 103 0.500000
47 104 0.500000
47 107 0.500000
47 111 0.500000
47 112 0.500000
47 114 0.500000
47 118 0.500000
47 123 0.500000
47 126 0.500000
47 129 0.500000
47 131 0.500000
47 134 0.500000
47 135 0.500000
47 153 0.500000
47 157 0.500000
47 158 0.500000
47 159 0.500000
48 51 0.500000
48 56 0.500000
48 61 0.500000
48 66 0.500000
48 72 0.500000
48 73 0.500000
48 80 0.500000
48 82 0.500000
48 87 0.500000
48 91 0.500000
48 96 0.500000
48 97 0.500000
48 99 0.500000
48 105 0.500000
48 106 0.500000
48 112 0.500000
48 114 0.500000
48 117 0.500000
48 119 0.500000
48 120 0.500000
48 121 0.500000
48 122 0.500000
48 125 0.500000
48 129 0.500000
48 131 0.500000
48 136 0.500000
48 137 0.500000
48 143 0.500000
48 149 0.500000
48 154 0.500000
48 155 0.500000
49 50 0.500000
49 52 0.500000
49 54 0.500000
49 58 0.500000
49 60 0.500000
49 62 0.500000
49 65 0.500000
49 66 0.500000
49 68 0.500000
49 72 0.500000
49 82 0.500000
49 86 0.500000
49 87 0.500000
49 96 0.500000
49 98 0.500000
49 102 0.500000
49 105 0.500000
49 113 0.500000
49 114 0.500000
49 115 0.500000
49 117 0.500000
49 122 0.500000
49 126 0.500000
49 139 0.500000
49 140 0.500000
49 142 0.500000
49 145 0.500000
49 148 0.500000
49 151 0.500000
49 155 0.500000
50 51 0.500000
50 52 0.500000
50 53 0.500000
50 56 0.500000
50 58 0.500000
50 64 0.500000
50 66 0.500000
50 69 0.500000
50 70 0.500000
50 71 0.500000
50 76 0.500000
50 83 0.500000
50 91 0.500000
50 93 0.500000
50 96 0.500000
50 97 0.500000
50 99 0.500000
50 102 0.500000
50 103 0.500000
50 105 0.500000
50 109 0.500000
50 113 0.500000
50 114 0.500000
50 116 0.500000
50 122 0.500000
50 123 0.500000
50 128 0.500000
50 133 0.500000
50 136 0.500000
50 140 0.500000
50 141 0.500000
50 153 0.500000
50 158 0.500000
50 160 0.500000
51 53 0.500000
51 57 0.500000
51 59 0.500000
51 60 0.500000
51 74 0.500000
51 75 0.500000
51 79 0.500000
51 89 0.500000
51 91 0.500000
51 93 0.500000
51 94 0.500000
51 102 0.500000
51 103 0.500000
51 120 0.500000
51 126 0.500000
51 128 0.500000
51 129 0.500000
51 136 0.500000
51 138 0.500000
51 140 0.500000
51 145 0.500000
51 151 0.500000
51 153 0.500000
51 154 0.500000
51 156 0.500000
51 160 0.500000
52 57 0.500000
52 63 0.500000
52 68 0.500000
52 72 0.500000
52 75 0.500000
52 81 0.500000
52 82 0.500000
52 83 0.500000
52 86 0.500000
52 87 0.500000
52 89 0.500000
52 90 0.500000
52 91 0.500000
52 97 0.500000
52 98 0.500000
52 100 0.500000
52 107 0.500000
52 111 0.500000
52 120 0.500000
52 125 0.500000
52 131 0.500000
52 141 0.500000
52 150 0.500000
52 153 0.500000
52 154 0.500000
52 157 0.500000
53 55 0.500000
53 57 0.500000
53 58 0.500000
53 63 0.500000
53 64 0.500000
53 66 0.500000
53 67 0.500000
53 71 0.500000
53 72 0.500000
53 78 0.500000
53 81 0.500000
53 84 0.500000
53 86 0.500000
53 88 0.500000
53 91 0.500000
53 94 0.500000
53 95 0.500000
53 98 0.500000
53 100 0.500000
53 104 0.500000
53 111 0.500000
53 112 0.500000
53 119 0.500000
53 120 0.500000
53 122 0.500000
53 123 0.500000
53 125 0.500000
53 126 0.500000
53 128 0.500000
53 131 0.500000
53 133 0.500000
53 135 0.500000
53 136 0.500000
53 139 0.500000
53 142 0.500000
53 145 0.500000
53 146 0.500000
53 156 0.500000
53 157 0.500000
53 160 0.500000
54 55 0.500000
54 67 0.500000
54 69 0.500000
54 71 0.500000
54 75 0.500000
54 77 0.500000
54 79 0.500000
54 82 0.500000
54 85 0.500000
54 90 0.500000
54 91 0.500000
54 95 0.500000
54 97 0.500000
54 98 0.500000
54 103 0.500000
54 109 0.500000
54 117 0.500000
54 120 0.500000
54 125 0.500000
54 136 0.500000
54 137 0.500000
54 144 0.500000
54 145 0.500000
54 148 0.500000
55 59 0.500000
55 60 0.500000
55 67 0.500000
55 73 0.500000
55 81 0.500000
55 85 0.500000
55 88 0.500000
55 91 0.500000
55 105 0.500000
55 110 0.500000
55 112 0.500000
55 113 0.500000
55 120 0.500000
55 124 0.500000
55 127 0.500000
55 133 0.500000
55 134 0.500000
55 143 0.500000
55 147 0.500000
55 148 0.500000
55 151 0.500000
55 154 0.500000
55 156 0.500000
55 157 0.500000
55 159 0.500000
55 160 0.500000
56 57 0.500000
56 63 0.500000
56 66 0.500000
56 78 0.500000
56 79 0.500000
56 83 0.500000
56 85 0.500000
56 87 0.500000
56 90 0.500000
56 91 0.500000
56 92 0.500000
56 95 0.500000
56 101 0.500000
56 102 0.500000
56 107 0.500000
56 111 0.500000
56 129 0.500000
56 132 0.500000
56 133 0.500000
56 135 0.500000
56 138 0.500000
56 143 0.500000
56 144 0.500000
56 147 0.500000
56 153 0.500000
56 156 0.500000
56 158 0.500000
56 160 0.500000
57 70 0.500000
57 74 0.500000
57 78 0.500000
57 81 0.500000
57 83 0.500000
57 92 0.500000
57 95 0.500000
57 96 0.500000
57 101 0.500000
57 102 0.500000
57 108 0.500000
57 112 0.500000
57 129 0.500000
57 130 0.500000
57 136 0.500000
57 143 0.500000
57 145 0.500000
57 147 0.500000
57 150 0.500000
57 153 0.500000
58 59 0.500000
58 62 0.500000
58 66 0.500000
58 71 0.500000
58 88 0.500000
58 89 0.500000
58 90 0.500000
58 91 0.500000
58 92 0.500000
58 94 0.500000
58 95 0.500000
58 98 0.500000
58 102 0.500000
58 106 0.500000
58 107 0.500000
58 109 0.500000
58 111 0.500000
58 113 0.500000
58 116 0.500000
58 119 0.500000
58 120 0.500000
58 128 0.500000
58 136 0.500000
58 137 0.500000
58 139 0.500000
58 140 0.500000
58 144 0.500000
58 146 0.500000
58 149 0.500000
58 150 0.500000
58 151 0.500000
58 152 0.500000
58 160 0.500000
59 60 0.500000
59 63 0.500000
59 66 0.500000
59 70 0.500000
59 73 0.500000
59 74 0.500000
59 75 0.500000
59 78 0.500000
59 85 0.500000
59 91 0.500000
59 94 0.500000
59 98 0.500000
59 106 0.500000
59 115 0.500000
59 117 0.500000
59 122 0.500000
59 124 0.500000
59 126 0.500000
59 129 0.500000
59 132 0.500000
59 141 0.500000
59 148 0.500000
59 151 0.500000
59 153 0.500000
59 156 0.500000
60 62 0.500000
60 67 0.500000
60 73 0.500000
60 74 0.500000
60 77 0.500000
60 81 0.500000
60 82 0.500000
60 84 0.500000
60 85 0.500000
60 87 0.500000
60 103 0.500000
60 117 0.500000
60 121 0.500000
60 126 0.500000
60 128 0.500000
60 129 0.500000
60 131 0.500000
60 132 0.500000
60 137 0.500000
60 138 0.500000
60 146 0.500000
60 148 0.500000
60 154 0.500000
61 62 0.500000
61 64 0.500000
61 68 0.500000
61 73 0.500000
61 84 0.500000
61 92 0.500000
61 96 0.500000
61 97 0.500000
61 101 0.500000
61 106 0.500000
61 118 0.500000
61 119 0.500000
61 122 0.500000
61 126 0.500000
61 131 0.500000
61 137 0.500000
61 139 0.500000
61 154 0.500000
61 156 0.500000
61 159 0.500000
62 69 0.500000
62 77 0.500000
62 79 0.500000
62 80 0.500000
62 82 0.500000
62 83 0.500000
62 86 0.500000
62 99 0.500000
62 100 0.500000
62 101 0.500000
62 112 0.500000
62 114 0.500000
62 121 0.500000
62 122 0.500000
62 126 0.500000
62 133 0.500000
62 134 0.500000
62 136 0.500000
62 138 0.500000
62 142 0.500000
62 143 0.500000
62 149 0.500000
62 150 0.500000
63 64 0.500000
63 67 0.500000
63 71 0.500000
63 73 0.500000
63 75 0.500000
63 77 0.500000
63 78 0.500000
63 79 0.500000
63 81 0.500000
63 82 0.500000
63 85 0.500000
63 90 0.500000
63 91 0.500000
63 93 0.500000
63 94 0.500000
63 102 0.500000
63 105 0.500000
63 111 0.500000
63 123 0.500000
63 126 0.500000
63 133 0.500000
63 138 0.500000
63 139 0.500000
63 142 0.500000
63 145 0.500000
63 146 0.500000
63 155 0.500000
63 159 0.500000
64 68 0.500000
64 73 0.500000
64 78 0.500000
64 86 0.500000
64 92 0.500000
64 95 0.500000
64 100 0.500000
64 102 0.500000
64 109 0.500000
64 111 0.500000
64 117 0.500000
64 125 0.500000
64 127 0.500000
64 128 0.500000
64 130 0.500000
64 134 0.500000
64 135 0.500000
64 138 0.500000
64 139 0.500000
64 146 0.500000
64 149 0.500000
64 150 0.500000
64 154 0.500000
65 67 0.500000
65 74 0.500000
65 77 0.500000
65 79 0.500000
65 84 0.500000
65 86 0.500000
65 88 0.500000
65 89 0.500000
65 95 0.500000
65 99 0.500000
65 100 0.500000
65 105 0.500000
65 106 0.500000
65 109 0.500000
65 126 0.500000
65 128 0.500000
65 133 0.500000
65 135 0.500000
65 136 0.500000
65 137 0.500000
65 140 0.500000
65 145 0.500000
65 148 0.500000
65 150 0.500000
65 151 0.500000
65 152 0.500000
65 157 0.500000
65 158 0.500000
66 67 0.500000
66 71 0.500000
66 72 0.500000
66 76 0.500000
66 77 0.500000
66 78 0.500000
66 79 0.500000
66 90 0.500000
66 93 0.500000
66 101 0.500000
66 104 0.500000
66 105 0.500000
66 108 0.500000
66 113 0.500000
66 115 0.500000
66 121 0.500000
66 124 0.500000
66 125 0.500000
66 129 0.500000
66 130 0.500000
66 132 0.500000
66 133 0.500000
66 135 0.500000
66 137 0.500000
66 141 0.500000
66 150 0.500000
66 152 0.500000
66 153 0.500000
66 157 0.500000
67 68 0.500000
67 69 0.500000
67 72 0.500000
67 74 0.500000
67 76 0.500000
67 79 0.500000
67 83 0.500000
67 84 0.500000
67 86 0.500000
67 89 0.500000
67 90 0.500000
67 92 0.500000
67 97 0.500000
67 99 0.500000
67 108 0.500000
67 111 0.500000
67 115 0.500000
67 116 0.500000
67 120 0.500000
67 124 0.500000
67 134 0.500000
67 143 0.500000
67 154 0.500000
67 156 0.500000
67 158 0.500000
67 160 0.500000
68 70 0.500000
68 71 0.500000
68 76 0.500000
68 77 0.500000
68 79 0.500000
68 82 0.500000
68 84 0.500000
68 88 0.500000
68 90 0.500000
68 96 0.500000
68 107 0.500000
68 109 0.500000
68 112 0.500000
68 115 0.500000
68 117 0.500000
68 118 0.500000
68 123 0.500000
68 126 0.500000
68 132 0.500000
68 135 0.500000
68 137 0.500000
68 138 0.500000
68 139 0.500000
68 140 0.500000
68 141 0.500000
68 144 0.500000
68 148 0.500000
68 151 0.500000
68 156 0.500000
68 157 0.500000
68 159 0.500000
68 160 0.500000
69 72 0.500000
69 73 0.500000
69 78 0.500000
69 80 0.500000
69 81 0.500000
69 83 0.500000
69 86 0.500000
69 90 0.500000
69 96 0.500000
69 99 0.500000
69 107 0.500000
69 111 0.500000
69 113 0.500000
69 116 0.500000
69 117 0.500000
69 120 0.500000
69 123 0.500000
69 126 0.500000
69 131 0.500000
69 133 0.500000
69 140 0.500000
69 142 0.500000
69 143 0.500000
69 148 0.500000
69 149 0.500000
69 154 0.500000
69 155 0.500000
69 158 0.500000
70 74 0.500000
70 81 0.500000
70 84 0.500000
70 89 0.500000
70 93 0.500000
70 103 0.500000
70 110 0.500000
70 111 0.500000
70 113 0.500000
70 122 0.500000
70 125 0.500000
70 129 0.500000
70 130 0.500000
70 134 0.500000
70 143 0.500000
70 152 0.500000
70 157 0.500000
70 158 0.500000
71 80 0.500000
71 81 0.500000
71 86 0.500000
71 91 0.500000
71 96 0.500000
71 98 0.500000
71 109 0.500000
71 116 0.500000
71 122 0.500000
71 125 0.500000
71 127 0.500000
71 128 0.500000
71 130 0.500000
71 131 0.500000
71 142 0.500000
71 143 0.500000
71 144 0.500000
71 146 0.500000
71 150 0.500000
71 153 0.500000
71 154 0.500000
71 158 0.500000
72 77 0.500000
72 80 0.500000
72 82 0.500000
72 83 0.500000
72 84 0.500000
72 88 0.500000
72 90 0.500000
72 91 0.500000
72 92 0.500000
72 98 0.500000
72 119 0.500000
72 122 0.500000
72 124 0.500000
72 132 0.500000
72 134 0.500000
72 135 0.500000
72 137 0.500000
72 139 0.500000
72 140 0.500000
72 141 0.500000
72 145 0.500000
72 146 0.500000
72 149 0.500000
72 150 0.500000
72 158 0.500000
72 159 0.500000
73 77 0.500000
73 79 0.500000
73 85 0.500000
73 95 0.500000
73 98 0.500000
73 99 0.500000
73 106 0.500000
73 107 0.500000
73 110 0.500000
73 111 0.500000
73 112 0.500000
73 113 0.500000
73 122 0.500000
73 123 0.500000
73 127 0.500000
73 130 0.500000
73 133 0.500000
73 136 0.500000
73 137 0.500000
73 140 0.500000
73 141 0.500000
73 146 0.500000
73 147 0.500000
73 150 0.500000
73 155 0.500000
74 81 0.500000
74 87 0.500000
74 88 0.500000
74 91 0.500000
74 100 0.500000
74 101 0.500000
74 105 0.500000
74 108 0.500000
74 114 0.500000
74 118 0.500000
74 120 0.500000
74 122 0.500000
74 128 0.500000
74 129 0.500000
74 133 0.500000
74 134 0.500000
74 135 0.500000
74 136 0.500000
74 137 0.500000
74 138 0.500000
74 142 0.500000
74 148 0.500000
74 153 0.500000
74 154 0.500000
74 155 0.500000
74 157 0.500000
74 159 0.500000
75 77 0.500000
75 79 0.500000
75 83 0.500000
75 84 0.500000
75 86 0.500000
75 105 0.500000
75 106 0.500000
75 110 0.500000
75 117 0.500000
75 125 0.500000
75 131 0.500000
75 133 0.500000
75 134 0.500000
75 141 0.500000
75 143 0.500000
75 145 0.500000
75 151 0.500000
76 82 0.500000
76 86 0.500000
76 95 0.500000
76 98 0.500000
76 99 0.500000
76 101 0.500000
76 102 0.500000
76 104 0.500000
76 108 0.500000
76 110 0.500000
76 118 0.500000
76 121 0.500000
76 124 0.500000
76 125 0.500000
76 127 0.500000
76 128 0.500000
76 129 0.500000
76 132 0.500000
76 134 0.500000
76 136 0.500000
76 140 0.500000
76 152 0.500000
76 160 0.500000
77 81 0.500000
77 82 0.500000
77 84 0.500000
77 86 0.500000
77 89 0.500000
77 92 0.500000
77 95 0.500000
77 97 0.500000
77 98 0.500000
77 100 0.500000
77 104 0.500000
77 108 0.500000
77 110 0.500000
77 116 0.500000
77 120 0.500000
77 127 0.500000
77 128 0.500000
77 133 0.500000
77 139 0.500000
77 142 0.500000
77 144 0.500000
77 151 0.500000
78 82 0.500000
78 84 0.500000
78 88 0.500000
78 91 0.500000
78 92 0.500000
78 93 0.500000
78 101 0.500000
78 105 0.500000
78 106 0.500000
78 107 0.500000
78 110 0.500000
78 112 0.500000
78 113 0.500000
78 116 0.500000
78 121 0.500000
78 129 0.500000
78 131 0.500000
78 136 0.500000
78 140 0.500000
79 84 0.500000
79 87 0.500000
79 88 0.500000
79 91 0.500000
79 93 0.500000
79 94 0.500000
79 96 0.500000
79 97 0.500000
79 98 0.500000
79 99 0.500000
79 110 0.500000
79 112 0.500000
79 119 0.500000
79 121 0.500000
79 126 0.500000
79 128 0.500000
79 132 0.500000
79 135 0.500000
79 139 0.500000
79 140 0.500000
79 141 0.500000
79 143 0.500000
79 150 0.500000
79 151 0.500000
79 152 0.500000
79 154 0.500000
79 155 0.500000
79 160 0.500000
80 84 0.500000
80 85 0.500000
80 87 0.500000
80 94 0.500000
80 100 0.500000
80 102 0.500000
80 105 0.500000
80 107 0.500000
80 115 0.500000
80 124 0.500000
80 137 0.500000
80 144 0.500000
80 155 0.500000
80 156 0.500000
80 159 0.500000
81 82 0.500000
81 84 0.500000
81 85 0.500000
81 88 0.500000
81 93 0.500000
81 98 0.500000
81 109 0.500000
81 111 0.500000
81 113 0.500000
81 117 0.500000
81 119 0.500000
81 121 0.500000
81 125 0.500000
81 131 0.500000
81 141 0.500000
81 147 0.500000
81 153 0.500000
81 154 0.500000
81 159 0.500000
82 87 0.500000
82 88 0.500000
82 89 0.500000
82 90 0.500000
82 91 0.500000
82 96 0.500000
82 100 0.500000
82 103 0.500000
82 105 0.500000
82 107 0.500000
82 113 0.500000
82 117 0.500000
82 140 0.500000
82 144 0.500000
82 147 0.500000
82 149 0.500000
82 151 0.500000
83 94 0.500000
83 101 0.500000
83 102 0.500000
83 105 0.500000
83 110 0.500000
83 111 0.500000
83 112 0.500000
83 121 0.500000
83 122 0.500000
83 124 0.500000
83 127 0.500000
83 137 0.500000
83 140 0.500000
83 143 0.500000
83 145 0.500000
83 146 0.500000
83 147 0.500000
83 152 0.500000
83 154 0.500000
83 155 0.500000
84 88 0.500000
84 91 0.500000
84 92 0.500000
84 95 0.500000
84 96 0.500000
84 100 0.500000
84 108 0.500000
84 112 0.500000
84 122 0.500000
84 129 0.500000
84 142 0.500000
84 143 0.500000
84 148 0.500000
84 149 0.500000
84 150 0.500000
84 153 0.500000
84 157 0.500000
84 159 0.500000
84 160 0.500000
85 88 0.500000
85 95 0.500000
85 98 0.500000
85 102 0.500000
85 105 0.500000
85 109 0.500000
85 111 0.500000
85 121 0.500000
85 125 0.500000
85 126 0.500000
85 127 0.500000
85 140 0.500000
85 149 0.500000
85 155 0.500000
85 158 0.500000
85 159 0.500000
85 160 0.500000
86 93 0.500000
86 94 0.500000
86 96 0.500000
86 98 0.500000
86 101 0.500000
86 103 0.500000
86 110 0.500000
86 119 0.500000
86 121 0.500000
86 125 0.500000
86 126 0.500000
86 137 0.500000
86 143 0.500000
86 147 0.500000
86 150 0.500000
86 151 0.500000
86 154 0.500000
86 156 0.500000
87 92 0.500000
87 94 0.500000
87 95 0.500000
87 96 0.500000
87 99 0.500000
87 100 0.500000
87 102 0.500000
87 104 0.500000
87 114 0.500000
87 123 0.500000
87 128 0.500000
87 138 0.500000
87 140 0.500000
87 141 0.500000
87 143 0.500000
87 149 0.500000
87 156 0.500000
88 90 0.500000
88 96 0.500000
88 99 0.500000
88 106 0.500000
88 115 0.500000
88 123 0.500000
88 124 0.500000
88 129 0.500000
88 132 0.500000
88 137 0.500000
88 139 0.500000
88 140 0.500000
88 143 0.500000
88 145 0.500000
88 151 0.500000
88 157 0.500000
89 91 0.500000
89 94 0.500000
89 96 0.500000
89 98 0.500000
89 102 0.500000
89 103 0.500000
89 107 0.500000
89 121 0.500000
89 127 0.500000
89 128 0.500000
89 133 0.500000
89 142 0.500000
89 147 0.500000
89 151 0.500000
89 156 0.500000
89 157 0.500000
89 160 0.500000
90 92 0.500000
90 93 0.500000
90 95 0.500000
90 98 0.500000
90 99 0.500000
90 100 0.500000
90 102 0.500000
90 107 0.500000
90 110 0.500000
90 112 0.500000
90 120 0.500000
90 125 0.500000
90 126 0.500000
90 129 0.500000
90 134 0.500000
90 141 0.500000
90 145 0.500000
90 152 0.500000
90 159 0.500000
91 92 0.500000
91 94 0.500000
91 96 0.500000
91 100 0.500000
91 107 0.500000
91 108 0.500000
91 110 0.500000
91 116 0.500000
91 120 0.500000
91 122 0.500000
91 124 0.500000
91 125 0.500000
91 126 0.500000
91 127 0.500000
91 128 0.500000
91 131 0.500000
91 139 0.500000
91 144 0.500000
91 149 0.500000
91 150 0.500000
91 152 0.500000
92 97 0.500000
92 98 0.500000
92 104 0.500000
92 109 0.500000
92 110 0.500000
92 115 0.500000
92 118 0.500000
92 133 0.500000
92 134 0.500000
92 135 0.500000
92 136 0.500000
92 145 0.500000
92 147 0.500000
92 151 0.500000
93 102 0.500000
93 106 0.500000
93 123 0.500000
93 124 0.500000
93 132 0.500000
93 137 0.500000
93 140 0.500000
93 142 0.500000
93 149 0.500000
93 151 0.500000
93 152 0.500000
93 154 0.500000
93 157 0.500000
93 159 0.500000
94 95 0.500000
94 96 0.500000
94 99 0.500000
94 105 0.500000
94 106 0.500000
94 112 0.500000
94 113 0.500000
94 117 0.500000
94 129 0.500000
94 130 0.500000
94 131 0.500000
94 135 0.500000
94 136 0.500000
94 137 0.500000
94 142 0.500000
94 144 0.500000
94 147 0.500000
94 153 0.500000
94 154 0.500000
94 156 0.500000
94 157 0.500000
94 158 0.500000
94 159 0.500000
95 97 0.500000
95 107 0.500000
95 112 0.500000
95 113 0.500000
95 116 0.500000
95 121 0.500000
95 123 0.500000
95 139 0.500000
95 142 0.500000
95 145 0.500000
95 147 0.500000
95 154 0.500000
95 159 0.500000
96 98 0.500000
96 103 0.500000
96 105 0.500000
96 107 0.500000
96 109 0.500000
96 114 0.500000
96 116 0.500000
96 117 0.500000
96 118 0.500000
96 125 0.500000
96 127 0.500000
96 131 0.500000
96 138 0.500000
96 142 0.500000
96 144 0.500000
96 148 0.500000
96 152 0.500000
96 154 0.500000
97 101 0.500000
97 108 0.500000
97 110 0.500000
97 112 0.500000
97 113 0.500000
97 114 0.500000
97 119 0.500000
97 129 0.500000
97 137 0.500000
97 140 0.500000
97 146 0.500000
97 148 0.500000
97 154 0.500000
97 159 0.500000
97 160 0.500000
98 101 0.500000
98 107 0.500000
98 121 0.500000
98 123 0.500000
98 125 0.500000
98 127 0.500000
98 130 0.500000
98 133 0.500000
98 138 0.500000
98 143 0.500000
98 148 0.500000
98 159 0.500000
99 104 0.500000
99 105 0.500000
99 106 0.500000
99 112 0.500000
99 114 0.500000
99 119 0.500000
99 120 0.500000
99 124 0.500000
99 126 0.500000
99 129 0.500000
99 134 0.500000
99 140 0.500000
99 142 0.500000
99 143 0.500000
99 146 0.500000
99 150 0.500000
99 159 0.500000
100 107 0.500000
100 110 0.500000
100 114 0.500000
100 115 0.500000
100 124 0.500000
100 125 0.500000
100 127 0.500000
100 132 0.500000
100 135 0.500000
100 136 0.500000
100 137 0.500000
100 148 0.500000
100 154 0.500000
100 160 0.500000
101 105 0.500000
101 110 0.500000
101 118 0.500000
101 119 0.500000
101 120 0.500000
101 127 0.500000
101 135 0.500000
101 136 0.500000
101 144 0.500000
101 151 0.500000
101 152 0.500000
101 154 0.500000
101 160 0.500000
102 111 0.500000
102 113 0.500000
102 114 0.500000
102 117 0.500000
102 118 0.500000
102 120 0.500000
102 129 0.500000
102 133 0.500000
102 137 0.500000
102 141 0.500000
102 145 0.500000
102 159 0.500000
103 104 0.500000
103 107 0.500000
103 109 0.500000
103 110 0.500000
103 112 0.500000
103 118 0.500000
103 120 0.500000
103 131 0.500000
103 132 0.500000
103 134 0.500000
103 137 0.500000
103 143 0.500000
103 145 0.500000
103 150 0.500000
103 152 0.500000
103 158 0.500000
103 160 0.500000
104 105 0.500000
104 112 0.500000
104 124 0.500000
104 129 0.500000
104 137 0.500000
104 145 0.500000
104 153 0.500000
104 156 0.500000
104 157 0.500000
104 160 0.500000
105 110 0.500000
105 111 0.500000
105 113 0.500000
105 114 0.500000
105 117 0.500000
105 120 0.500000
105 121 0.500000
105 126 0.500000
105 128 0.500000
105 129 0.500000
105 139 0.500000
105 140 0.500000
105 141 0.500000
105 154 0.500000
105 155 0.500000
105 157 0.500000
106 107 0.500000
106 109 0.500000
106 122 0.500000
106 124 0.500000
106 127 0.500000
106 129 0.500000
106 133 0.500000
106 136 0.500000
106 149 0.500000
106 150 0.500000
106 151 0.500000
106 155 0.500000
106 160 0.500000
107 109 0.500000
107 112 0.500000
107 116 0.500000
107 121 0.500000
107 123 0.500000
107 126 0.500000
107 128 0.500000
107 129 0.500000
107 136 0.500000
107 144 0.500000
107 145 0.500000
107 149 0.500000
107 152 0.500000
107 153 0.500000
107 154 0.500000
107 159 0.500000
108 110 0.500000
108 114 0.500000
108 115 0.500000
108 116 0.500000
108 119 0.500000
108 130 0.500000
108 142 0.500000
108 143 0.500000
108 144 0.500000
108 145 0.500000
108 148 0.500000
108 152 0.500000
108 154 0.500000
108 160 0.500000
109 110 0.500000
109 116 0.500000
109 117 0.500000
109 118 0.500000
109 122 0.500000
109 124 0.500000
109 126 0.500000
109 129 0.500000
109 133 0.500000
109 135 0.500000
109 141 0.500000
109 144 0.500000
109 145 0.500000
109 152 0.500000
109 153 0.500000
109 155 0.500000
109 156 0.500000
109 159 0.500000
110 112 0.500000
110 114 0.500000
110 116 0.500000
110 119 0.500000
110 122 0.500000
110 126 0.500000
110 128 0.500000
110 132 0.500000
110 145 0.500000
110 147 0.500000
110 149 0.500000
110 151 0.500000
110 155 0.500000
110 158 0.500000
110 160 0.500000
111 121 0.500000
111 129 0.500000
111 131 0.500000
111 135 0.500000
111 147 0.500000
111 148 0.500000
111 150 0.500000
111 155 0.500000
111 158 0.500000
111 159 0.500000
112 117 0.500000
112 119 0.500000
112 124 0.500000
112 128 0.500000
112 131 0.500000
112 133 0.500000
112 136 0.500000
112 138 0.500000
112 145 0.500000
112 149 0.500000
112 157 0.500000
113 119 0.500000
113 120 0.500000
113 125 0.500000
113 126 0.500000
113 130 0.500000
113 152 0.500000
113 156 0.500000
113 158 0.500000
114 115 0.500000
114 120 0.500000
114 125 0.500000
114 127 0.500000
114 128 0.500000
114 129 0.500000
114 134 0.500000
114 135 0.500000
114 149 0.500000
114 151 0.500000
114 156 0.500000
114 159 0.500000
115 116 0.500000
115 121 0.500000
115 129 0.500000
115 138 0.500000
115 140 0.500000
115 144 0.500000
115 148 0.500000
115 149 0.500000
115 153 0.500000
115 154 0.500000
115 159 0.500000
116 120 0.500000
116 125 0.500000
116 133 0.500000
116 139 0.500000
116 143 0.500000
116 145 0.500000
116 148 0.500000
116 151 0.500000
116 152 0.500000
116 153 0.500000
116 157 0.500000
117 118 0.500000
117 119 0.500000
117 128 0.500000
117 134 0.500000
117 135 0.500000
117 144 0.500000
117 150 0.500000
117 153 0.500000
117 154 0.500000
117 160 0.500000
118 123 0.500000
118 128 0.500000
118 129 0.500000
118 133 0.500000
118 135 0.500000
118 138 0.500000
118 139 0.500000
118 142 0.500000
118 150 0.500000
118 156 0.500000
119 127 0.500000
119 129 0.500000
119 131 0.500000
119 132 0.500000
119 137 0.500000
119 142 0.500000
119 154 0.500000
119 156 0.500000
119 158 0.500000
120 124 0.500000
120 125 0.500000
120 127 0.500000
120 130 0.500000
120 135 0.500000
120 138 0.500000
120 142 0.500000
120 156 0.500000
121 132 0.500000
121 137 0.500000
121 144 0.500000
121 146 0.500000
121 155 0.500000
121 156 0.500000
122 126 0.500000
122 127 0.500000
122 128 0.500000
122 129 0.500000
122 133 0.500000
122 135 0.500000
122 145 0.500000
122 147 0.500000
122 148 0.500000
122 149 0.500000
122 153 0.500000
123 125 0.500000
123 126 0.500000
123 134 0.500000
123 136 0.500000
123 141 0.500000
123 151 0.500000
123 152 0.500000
123 153 0.500000
124 126 0.500000
124 128 0.500000
124 133 0.500000
124 134 0.500000
124 137 0.500000
124 144 0.500000
124 145 0.500000
124 157 0.500000
125 130 0.500000
125 132 0.500000
125 134 0.500000
125 136 0.500000
125 140 0.500000
125 141 0.500000
125 147 0.500000
125 148 0.500000
125 150 0.500000
125 152 0.500000
125 153 0.500000
125 158 0.500000
126 133 0.500000
126 143 0.500000
126 145 0.500000
126 147 0.500000
126 148 0.500000
126 150 0.500000
126 152 0.500000
126 156 0.500000
127 133 0.500000
127 135 0.500000
127 137 0.500000
127 140 0.500000
127 142 0.500000
127 146 0.500000
127 147 0.500000
127 160 0.500000
128 129 0.500000
128 132 0.500000
128 133 0.500000
128 134 0.500000
128 135 0.500000
128 139 0.500000
128 141 0.500000
128 144 0.500000
128 148 0.500000
128 149 0.500000
128 153 0.500000
128 159 0.500000
129 130 0.500000
129 133 0.500000
129 137 0.500000
129 149 0.500000
130 134 0.500000
130 137 0.500000
130 139 0.500000
130 149 0.500000
130 151 0.500000
130 152 0.500000
130 154 0.500000
130 159 0.500000
131 136 0.500000
131 137 0.500000
131 151 0.500000
131 155 0.500000
131 156 0.500000
131 157 0.500000
131 160 0.500000
132 133 0.500000
132 135 0.500000
132 136 0.500000
132 141 0.500000
132 146 0.500000
132 148 0.500000
132 152 0.500000
132 154 0.500000
132 156 0.500000
132 157 0.500000
133 137 0.500000
133 141 0.500000
133 143 0.500000
133 155 0.500000
133 159 0.500000
134 135 0.500000
134 136 0.500000
134 137 0.500000
134 142 0.500000
134 146 0.500000
134 153 0.500000
134 154 0.500000
134 155 0.500000
135 143 0.500000
135 146 0.500000
135 147 0.500000
136 149 0.500000
136 153 0.500000
136 155 0.500000
137 147 0.500000
137 148 0.500000
137 150 0.500000
137 156 0.500000
138 144 0.500000
138 150 0.500000
138 156 0.500000
138 160 0.500000
139 140 0.500000
139 146 0.500000
139 148 0.500000
139 149 0.500000
139 150 0.500000
139 152 0.500000
139 159 0.500000
140 142 0.500000
140 143 0.500000
140 149 0.500000
140 150 0.500000
140 151 0.500000
140 154 0.500000
140 159 0.500000
140 160 0.500000
141 145 0.500000
141 147 0.500000
141 153 0.500000
141 156 0.500000
142 149 0.500000
142 151 0.500000
142 157 0.500000
143 144 0.500000
143 146 0.500000
143 147 0.500000
143 149 0.500000
143 152 0.500000
143 157 0.500000
143 159 0.500000
144 146 0.500000
144 154 0.500000
144 156 0.500000
144 157 0.500000
144 158 0.500000
145 147 0.500000
145 149 0.500000
145 153 0.500000
145 155 0.500000
145 159 0.500000
146 147 0.500000
146 151 0.500000
146 152 0.500000
146 155 0.500000
146 156 0.500000
147 149 0.500000
147 156 0.500000
147 157 0.500000
147 160 0.500000
148 149 0.500000
148 152 0.500000
149 151 0.500000
149 152 0.500000
149 153 0.500000
149 158 0.500000
149 159 0.500000
150 154 0.500000
150 160 0.500000
151 152 0.500000
151 155 0.500000
151 156 0.500000
152 154 0.500000
153 155 0.500000
153 156 0.500000
154 155 0.500000
155 160 0.500000
