160 40 6360
1 3 0.500000
1 4 0.500000
1 6 0.500000
1 10 0.500000
1 12 0.500000
1 13 0.500000
1 16 0.500000
1 18 0.500000
1 19 0.500000
1 20 0.500000
1 29 0.500000
1 31 0.500000
1 32 0.500000
1 33 0.500000
1 34 0.500000
1 35 0.500000
1 36 0.500000
1 38 0.500000
1 39 0.500000
1 42 0.500000
1 43 0.500000
1 44 0.500000
1 45 0.500000
1 50 0.500000
1 51 0.500000
1 52 0.500000
1 53 0.500000
1 54 0.500000
1 55 0.500000
1 57 0.500000
1 58 0.500000
1 63 0.500000
1 65 0.500000
1 68 0.500000
1 69 0.500000
1 70 0.500000
1 74 0.500000
1 75 0.500000
1 76 0.500000
1 77 0.500000
1 80 0.500000
1 81 0.500000
1 83 0.500000
1 85 0.500000
1 87 0.500000
1 92 0.500000
1 94 0.500000
1 95 0.500000
1 97 0.500000
1 100 0.500000
1 102 0.500000
1 103 0.500000
1 104 0.500000
1 106 0.500000
1 112 0.500000
1 115 0.500000
1 121 0.500000
1 122 0.500000
1 124 0.500000
1 125 0.500000
1 126 0.500000
1 128 0.500000
1 130 0.500000
1 133 0.500000
1 135 0.500000
1 137 0.500000
1 138 0.500000
1 139 0.500000
1 142 0.500000
1 146 0.500000
1 147 0.500000
1 148 0.500000
1 149 0.500000
1 152 0.500000
1 153 0.500000
1 154 0.500000
1 157 0.500000
1 158 0.500000
1 159 0.500000
1 160 0.500000
2 4 0.500000
2 7 0.500000
2 8 0.500000
2 10 0.500000
2 11 0.500000
2 15 0.500000
2 18 0.500000
2 20 0.500000
2 21 0.500000
2 23 0.500000
2 24 0.500000
2 27 0.500000
2 29 0.500000
2 30 0.500000
2 32 0.500000
2 33 0.500000
2 34 0.500000
2 37 0.500000
2 38 0.500000
2 40 0.500000
2 41 0.500000
2 42 0.500000
2 45 0.500000
2 46 0.500000
2 49 0.500000
2 51 0.500000
2 53 0.500000
2 55 0.500000
2 58 0.500000
2 60 0.500000
2 62 0.500000
2 63 0.500000
2 64 0.500000
2 66 0.500000
2 67 0.500000
2 68 0.500000
2 70 0.500000
2 73 0.500000
2 74 0.500000
2 76 0.500000
2 83 0.500000
2 84 0.500000
2 86 0.500000
2 87 0.500000
2 88 0.500000
2 91 0.500000
2 94 0.500000
2 96 0.500000
2 100 0.500000
2 101 0.500000
2 102 0.500000
2 104 0.500000
2 106 0.500000
2 110 0.500000
2 112 0.500000
2 113 0.500000
2 115 0.500000
2 116 0.500000
2 118 0.500000
2 119 0.500000
2 121 0.500000
2 122 0.500000
2 124 0.500000
2 127 0.500000
2 128 0.500000
2 129 0.500000
2 130 0.500000
2 132 0.500000
2 134 0.500000
2 137 0.500000
2 138 0.500000
2 140 0.500000
2 142 0.500000
2 143 0.500000
2 146 0.500000
2 149 0.500000
2 151 0.500000
2 154 0.500000
2 157 0.500000
2 158 0.500000
2 159 0.500000
3 4 0.500000
3 7 0.500000
3 8 0.500000
3 9 0.500000
3 11 0.500000
3 13 0.500000
3 17 0.500000
3 29 0.500000
3 31 0.500000
3 33 0.500000
3 34 0.500000
3 38 0.500000
3 39 0.500000
3 40 0.500000
3 41 0.500000
3 42 0.500000
3 44 0.500000
3 45 0.500000
3 47 0.500000
3 49 0.500000
3 52 0.500000
3 58 0.500000
3 61 0.500000
3 65 0.500000
3 66 0.500000
3 67 0.500000
3 68 0.500000
3 69 0.500000
3 70 0.500000
3 74 0.500000
3 75 0.500000
3 76 0.500000
3 77 0.500000
3 79 0.500000
3 80 0.500000
3 82 0.500000
3 84 0.500000
3 86 0.500000
3 88 0.500000
3 89 0.500000
3 91 0.500000
3 95 0.500000
3 96 0.500000
3 98 0.500000
3 99 0.500000
3 101 0.500000
3 102 0.500000
3 106 0.500000
3 107 0.500000
3 108 0.500000
3 111 0.500000
3 112 0.500000
3 115 0.500000
3 117 0.500000
3 118 0.500000
3 119 0.500000
3 120 0.500000
3 124 0.500000
3 125 0.500000
3 127 0.500000
3 128 0.500000
3 131 0.500000
3 132 0.500000
3 136 0.500000
3 140 0.500000
3 141 0.500000
3 142 0.500000
3 143 0.500000
3 146 0.500000
3 147 0.500000
3 148 0.500000
3 152 0.500000
3 155 0.500000
3 157 0.500000
3 158 0.500000
3 159 0.500000
4 5 0.500000
4 6 0.500000
4 7 0.500000
4 9 0.500000
4 13 0.500000
4 14 0.500000
4 17 0.500000
4 18 0.500000
4 19 0.500000
4 21 0.500000
4 23 0.500000
4 25 0.500000
4 26 0.500000
4 27 0.500000
4 28 0.500000
4 29 0.500000
4 30 0.500000
4 32 0.500000
4 33 0.500000
4 35 0.500000
4 38 0.500000
4 40 0.500000
4 41 0.500000
4 42 0.500000
4 43 0.500000
4 45 0.500000
4 46 0.500000
4 48 0.500000
4 49 0.500000
4 51 0.500000
4 53 0.500000
4 54 0.500000
4 55 0.500000
4 56 0.500000
4 58 0.500000
4 60 0.500000
4 63 0.500000
4 64 0.500000
4 65 0.500000
4 66 0.500000
4 71 0.500000
4 72 0.500000
4 76 0.500000
4 78 0.500000
4 82 0.500000
4 83 0.500000
4 85 0.500000
4 89 0.500000
4 90 0.500000
4 91 0.500000
4 93 0.500000
4 95 0.500000
4 96 0.500000
4 99 0.500000
4 100 0.500000
4 105 0.500000
4 107 0.500000
4 109 0.500000
4 110 0.500000
4 112 0.500000
4 114 0.500000
4 116 0.500000
4 120 0.500000
4 123 0.500000
4 125 0.500000
4 126 0.500000
4 127 0.500000
4 128 0.500000
4 130 0.500000
4 131 0.500000
4 136 0.500000
4 137 0.500000
4 140 0.500000
4 143 0.500000
4 145 0.500000
4 147 0.500000
4 148 0.500000
4 150 0.500000
4 151 0.500000
5 7 0.500000
5 11 0.500000
5 13 0.500000
5 15 0.500000
5 20 0.500000
5 21 0.500000
5 22 0.500000
5 23 0.500000
5 24 0.500000
5 25 0.500000
5 27 0.500000
5 28 0.500000
5 30 0.500000
5 36 0.500000
5 41 0.500000
5 42 0.500000
5 43 0.500000
5 44 0.500000
5 46 0.500000
5 48 0.500000
5 49 0.500000
5 50 0.500000
5 54 0.500000
5 55 0.500000
5 56 0.500000
5 60 0.500000
5 61 0.500000
5 66 0.500000
5 68 0.500000
5 69 0.500000
5 71 0.500000
5 73 0.500000
5 75 0.500000
5 76 0.500000
5 79 0.500000
5 80 0.500000
5 81 0.500000
5 82 0.500000
5 83 0.500000
5 84 0.500000
5 85 0.500000
5 88 0.500000
5 89 0.500000
5 90 0.500000
5 91 0.500000
5 92 0.500000
5 95 0.500000
5 96 0.500000
5 97 0.500000
5 98 0.500000
5 100 0.500000
5 101 0.500000
5 102 0.500000
5 103 0.500000
5 107 0.500000
5 108 0.500000
5 109 0.500000
5 110 0.500000
5 111 0.500000
5 113 0.500000
5 114 0.500000
5 116 0.500000
5 117 0.500000
5 118 0.500000
5 120 0.500000
5 122 0.500000
5 125 0.500000
5 128 0.500000
5 130 0.500000
5 131 0.500000
5 135 0.500000
5 139 0.500000
5 140 0.500000
5 144 0.500000
5 145 0.500000
5 148 0.500000
5 149 0.500000
5 151 0.500000
5 152 0.500000
5 154 0.500000
5 155 0.500000
5 157 0.500000
5 160 0.500000
6 7 0.500000
6 9 0.500000
6 11 0.500000
6 15 0.500000
6 16 0.500000
6 19 0.500000
6 20 0.500000
6 23 0.500000
6 24 0.500000
6 26 0.500000
6 27 0.500000
6 28 0.500000
6 31 0.500000
6 32 0.500000
6 33 0.500000
6 34 0.500000
6 35 0.500000
6 37 0.500000
6 40 0.500000
6 41 0.500000
6 43 0.500000
6 45 0.500000
6 49 0.500000
6 50 0.500000
6 53 0.500000
6 54 0.500000
6 55 0.500000
6 57 0.500000
6 61 0.500000
6 62 0.500000
6 64 0.500000
6 66 0.500000
6 73 0.500000
6 76 0.500000
6 77 0.500000
6 78 0.500000
6 79 0.500000
6 80 0.500000
6 81 0.500000
6 84 0.500000
6 85 0.500000
6 88 0.500000
6 89 0.500000
6 90 0.500000
6 93 0.500000
6 96 0.500000
6 97 0.500000
6 98 0.500000
6 103 0.500000
6 104 0.500000
6 105 0.500000
6 106 0.500000
6 107 0.500000
6 110 0.500000
6 111 0.500000
6 112 0.500000
6 113 0.500000
6 115 0.500000
6 116 0.500000
6 117 0.500000
6 118 0.500000
6 119 0.500000
6 121 0.500000
6 123 0.500000
6 125 0.500000
6 126 0.500000
6 127 0.500000
6 128 0.500000
6 129 0.500000
6 130 0.500000
6 131 0.500000
6 132 0.500000
6 133 0.500000
6 134 0.500000
6 140 0.500000
6 143 0.500000
6 144 0.500000
6 145 0.500000
6 147 0.500000
6 150 0.500000
6 151 0.500000
6 158 0.500000
7 8 0.500000
7 12 0.500000
7 14 0.500000
7 15 0.500000
7 16 0.500000
7 17 0.500000
7 18 0.500000
7 23 0.500000
7 25 0.500000
7 27 0.500000
7 28 0.500000
7 30 0.500000
7 31 0.500000
7 32 0.500000
7 33 0.500000
7 35 0.500000
7 36 0.500000
7 38 0.500000
7 39 0.500000
7 40 0.500000
7 41 0.500000
7 42 0.500000
7 43 0.500000
7 44 0.500000
7 45 0.500000
7 46 0.500000
7 47 0.500000
7 49 0.500000
7 50 0.500000
7 51 0.500000
7 52 0.500000
7 53 0.500000
7 54 0.500000
7 56 0.500000
7 60 0.500000
7 62 0.500000
7 63 0.500000
7 64 0.500000
7 67 0.500000
7 69 0.500000
7 72 0.500000
7 73 0.500000
7 74 0.500000
7 75 0.500000
7 78 0.500000
7 82 0.500000
7 84 0.500000
7 87 0.500000
7 88 0.500000
7 89 0.500000
7 93 0.500000
7 94 0.500000
7 99 0.500000
7 100 0.500000
7 102 0.500000
7 103 0.500000
7 104 0.500000
7 105 0.500000
7 106 0.500000
7 107 0.500000
7 108 0.500000
7 110 0.500000
7 111 0.500000
7 113 0.500000
7 114 0.500000
7 115 0.500000
7 117 0.500000
7 118 0.500000
7 119 0.500000
7 120 0.500000
7 122 0.500000
7 123 0.500000
7 124 0.500000
7 126 0.500000
7 127 0.500000
7 128 0.500000
7 129 0.500000
7 130 0.500000
7 133 0.500000
7 135 0.500000
7 138 0.500000
7 140 0.500000
7 144 0.500000
7 147 0.500000
7 149 0.500000
7 150 0.500000
7 152 0.500000
7 157 0.500000
7 158 0.500000
7 159 0.500000
7 160 0.500000
8 9 0.500000
8 10 0.500000
8 13 0.500000
8 15 0.500000
8 16 0.500000
8 21 0.500000
8 22 0.500000
8 27 0.500000
8 29 0.500000
8 30 0.500000
8 32 0.500000
8 38 0.500000
8 39 0.500000
8 42 0.500000
8 43 0.500000
8 44 0.500000
8 45 0.500000
8 46 0.500000
8 50 0.500000
8 51 0.500000
8 54 0.500000
8 55 0.500000
8 57 0.500000
8 60 0.500000
8 61 0.500000
8 62 0.500000
8 65 0.500000
8 67 0.500000
8 68 0.500000
8 69 0.500000
8 70 0.500000
8 72 0.500000
8 75 0.500000
8 77 0.500000
8 79 0.500000
8 80 0.500000
8 82 0.500000
8 86 0.500000
8 87 0.500000
8 88 0.500000
8 89 0.500000
8 90 0.500000
8 92 0.500000
8 95 0.500000
8 98 0.500000
8 102 0.500000
8 103 0.500000
8 104 0.500000
8 106 0.500000
8 107 0.500000
8 108 0.500000
8 110 0.500000
8 111 0.500000
8 113 0.500000
8 115 0.500000
8 116 0.500000
8 117 0.500000
8 119 0.500000
8 120 0.500000
8 123 0.500000
8 124 0.500000
8 128 0.500000
8 131 0.500000
8 132 0.500000
8 134 0.500000
8 135 0.500000
8 137 0.500000
8 138 0.500000
8 141 0.500000
8 143 0.500000
8 146 0.500000
8 147 0.500000
8 148 0.500000
8 150 0.500000
8 151 0.500000
8 153 0.500000
8 154 0.500000
8 155 0.500000
8 157 0.500000
8 158 0.500000
8 159 0.500000
8 160 0.500000
9 15 0.500000
9 16 0.500000
9 17 0.500000
9 18 0.500000
9 20 0.500000
9 21 0.500000
9 24 0.500000
9 26 0.500000
9 32 0.500000
9 34 0.500000
9 35 0.500000
9 36 0.500000
9 39 0.500000
9 41 0.500000
9 43 0.500000
9 44 0.500000
9 46 0.500000
9 47 0.500000
9 48 0.500000
9 49 0.500000
9 51 0.500000
9 52 0.500000
9 54 0.500000
9 56 0.500000
9 57 0.500000
9 62 0.500000
9 66 0.500000
9 68 0.500000
9 70 0.500000
9 72 0.500000
9 73 0.500000
9 75 0.500000
9 79 0.500000
9 80 0.500000
9 81 0.500000
9 82 0.500000
9 84 0.500000
9 85 0.500000
9 90 0.500000
9 96 0.500000
9 98 0.500000
9 104 0.500000
9 105 0.500000
9 107 0.500000
9 108 0.500000
9 109 0.500000
9 110 0.500000
9 112 0.500000
9 116 0.500000
9 117 0.500000
9 119 0.500000
9 120 0.500000
9 121 0.500000
9 122 0.500000
9 123 0.500000
9 132 0.500000
9 133 0.500000
9 136 0.500000
9 139 0.500000
9 141 0.500000
9 142 0.500000
9 149 0.500000
9 150 0.500000
9 155 0.500000
9 157 0.500000
9 159 0.500000
9 160 0.500000
10 11 0.500000
10 13 0.500000
10 15 0.500000
10 19 0.500000
10 24 0.500000
10 25 0.500000
10 26 0.500000
10 28 0.500000
10 31 0.500000
10 33 0.500000
10 36 0.500000
10 37 0.500000
10 39 0.500000
10 40 0.500000
10 41 0.500000
10 42 0.500000
10 46 0.500000
10 48 0.500000
10 49 0.500000
10 58 0.500000
10 61 0.500000
10 64 0.500000
10 65 0.500000
10 67 0.500000
10 69 0.500000
10 72 0.500000
10 73 0.500000
10 74 0.500000
10 75 0.500000
10 78 0.500000
10 79 0.500000
10 80 0.500000
10 81 0.500000
10 82 0.500000
10 83 0.500000
10 85 0.500000
10 86 0.500000
10 87 0.500000
10 93 0.500000
10 96 0.500000
10 97 0.500000
10 98 0.500000
10 99 0.500000
10 101 0.500000
10 102 0.500000
10 104 0.500000
10 105 0.500000
10 106 0.500000
10 108 0.500000
10 110 0.500000
10 112 0.500000
10 114 0.500000
10 115 0.500000
10 116 0.500000
10 117 0.500000
10 118 0.500000
10 119 0.500000
10 120 0.500000
10 126 0.500000
10 128 0.500000
10 129 0.500000
10 130 0.500000
10 133 0.500000
10 135 0.500000
10 136 0.500000
10 139 0.500000
10 140 0.500000
10 145 0.500000
10 147 0.500000
10 155 0.500000
10 159 0.500000
11 12 0.500000
11 13 0.500000
11 14 0.500000
11 15 0.500000
11 16 0.500000
11 18 0.500000
11 19 0.500000
11 24 0.500000
11 26 0.500000
11 27 0.500000
11 28 0.500000
11 30 0.500000
11 33 0.500000
11 34 0.500000
11 35 0.500000
11 39 0.500000
11 40 0.500000
11 41 0.500000
11 45 0.500000
11 46 0.500000
11 47 0.500000
11 49 0.500000
11 52 0.500000
11 56 0.500000
11 57 0.500000
11 58 0.500000
11 59 0.500000
11 61 0.500000
11 62 0.500000
11 64 0.500000
11 70 0.500000
11 72 0.500000
11 73 0.500000
11 75 0.500000
11 76 0.500000
11 78 0.500000
11 83 0.500000
11 84 0.500000
11 87 0.500000
11 88 0.500000
11 89 0.500000
11 90 0.500000
11 91 0.500000
11 92 0.500000
11 94 0.500000
11 96 0.500000
11 97 0.500000
11 98 0.500000
11 100 0.500000
11 101 0.500000
11 109 0.500000
11 110 0.500000
11 112 0.500000
11 113 0.500000
11 115 0.500000
11 117 0.500000
11 121 0.500000
11 122 0.500000
11 123 0.500000
11 124 0.500000
11 125 0.500000
11 129 0.500000
11 130 0.500000
11 133 0.500000
11 135 0.500000
11 139 0.500000
11 140 0.500000
11 143 0.500000
11 144 0.500000
11 146 0.500000
11 147 0.500000
11 148 0.500000
11 150 0.500000
11 152 0.500000
11 154 0.500000
11 156 0.500000
11 158 0.500000
11 160 0.500000
12 13 0.500000
12 14 0.500000
12 15 0.500000
12 16 0.500000
12 19 0.500000
12 21 0.500000
12 22 0.500000
12 25 0.500000
12 30 0.500000
12 32 0.500000
12 33 0.500000
12 34 0.500000
12 35 0.500000
12 37 0.500000
12 41 0.500000
12 42 0.500000
12 45 0.500000
12 46 0.500000
12 47 0.500000
12 48 0.500000
12 52 0.500000
12 53 0.500000
12 54 0.500000
12 57 0.500000
12 58 0.500000
12 60 0.500000
12 62 0.500000
12 63 0.500000
12 65 0.500000
12 67 0.500000
12 68 0.500000
12 70 0.500000
12 71 0.500000
12 72 0.500000
12 74 0.500000
12 79 0.500000
12 82 0.500000
12 84 0.500000
12 87 0.500000
12 89 0.500000
12 92 0.500000
12 95 0.500000
12 96 0.500000
12 98 0.500000
12 112 0.500000
12 114 0.500000
12 115 0.500000
12 116 0.500000
12 121 0.500000
12 124 0.500000
12 125 0.500000
12 126 0.500000
12 127 0.500000
12 131 0.500000
12 133 0.500000
12 134 0.500000
12 136 0.500000
12 138 0.500000
12 139 0.500000
12 140 0.500000
12 146 0.500000
12 147 0.500000
12 149 0.500000
12 150 0.500000
12 151 0.500000
12 153 0.500000
12 154 0.500000
12 155 0.500000
12 157 0.500000
12 159 0.500000
13 14 0.500000
13 16 0.500000
13 18 0.500000
13 19 0.500000
13 20 0.500000
13 22 0.500000
13 27 0.500000
13 28 0.500000
13 29 0.500000
13 30 0.500000
13 34 0.500000
13 38 0.500000
13 39 0.500000
13 42 0.500000
13 43 0.500000
13 45 0.500000
13 46 0.500000
13 48 0.500000
13 49 0.500000
13 50 0.500000
13 51 0.500000
13 52 0.500000
13 55 0.500000
13 58 0.500000
13 60 0.500000
13 62 0.500000
13 65 0.500000
13 66 0.500000
13 70 0.500000
13 72 0.500000
13 74 0.500000
13 75 0.500000
13 76 0.500000
13 80 0.500000
13 83 0.500000
13 84 0.500000
13 85 0.500000
13 88 0.500000
13 89 0.500000
13 90 0.500000
13 91 0.500000
13 92 0.500000
13 96 0.500000
13 97 0.500000
13 98 0.500000
13 100 0.500000
13 101 0.500000
13 102 0.500000
13 103 0.500000
13 104 0.500000
13 105 0.500000
13 109 0.500000
13 110 0.500000
13 116 0.500000
13 117 0.500000
13 119 0.500000
13 121 0.500000
13 125 0.500000
13 127 0.500000
13 129 0.500000
13 130 0.500000
13 131 0.500000
13 132 0.500000
13 135 0.500000
13 136 0.500000
13 137 0.500000
13 138 0.500000
13 141 0.500000
13 143 0.500000
13 146 0.500000
13 149 0.500000
13 153 0.500000
13 154 0.500000
13 159 0.500000
14 17 0.500000
14 18 0.500000
14 19 0.500000
14 25 0.500000
14 26 0.500000
14 31 0.500000
14 34 0.500000
14 37 0.500000
14 38 0.500000
14 40 0.500000
14 41 0.500000
14 43 0.500000
14 45 0.500000
14 47 0.500000
14 48 0.500000
14 49 0.500000
14 52 0.500000
14 54 0.500000
14 56 0.500000
14 59 0.500000
14 60 0.500000
14 64 0.500000
14 65 0.500000
14 67 0.500000
14 68 0.500000
14 71 0.500000
14 72 0.500000
14 74 0.500000
14 76 0.500000
14 78 0.500000
14 81 0.500000
14 83 0.500000
14 85 0.500000
14 87 0.500000
14 88 0.500000
14 92 0.500000
14 94 0.500000
14 95 0.500000
14 97 0.500000
14 98 0.500000
14 99 0.500000
14 100 0.500000
14 106 0.500000
14 108 0.500000
14 109 0.500000
14 111 0.500000
14 114 0.500000
14 115 0.500000
14 116 0.500000
14 118 0.500000
14 119 0.500000
14 120 0.500000
14 121 0.500000
14 122 0.500000
14 123 0.500000
14 124 0.500000
14 125 0.500000
14 126 0.500000
14 128 0.500000
14 129 0.500000
14 130 0.500000
14 131 0.500000
14 132 0.500000
14 136 0.500000
14 138 0.500000
14 141 0.500000
14 142 0.500000
14 143 0.500000
14 145 0.500000
14 146 0.500000
14 147 0.500000
14 150 0.500000
14 153 0.500000
14 154 0.500000
14 157 0.500000
14 158 0.500000
15 16 0.500000
15 17 0.500000
15 20 0.500000
15 21 0.500000
15 23 0.500000
15 24 0.500000
15 26 0.500000
15 27 0.500000
15 28 0.500000
15 29 0.500000
15 31 0.500000
15 32 0.500000
15 33 0.500000
15 38 0.500000
15 39 0.500000
15 44 0.500000
15 45 0.500000
15 48 0.500000
15 49 0.500000
15 50 0.500000
15 51 0.500000
15 54 0.500000
15 57 0.500000
15 59 0.500000
15 61 0.500000
15 62 0.500000
15 65 0.500000
15 68 0.500000
15 69 0.500000
15 72 0.500000
15 74 0.500000
15 75 0.500000
15 76 0.500000
15 78 0.500000
15 80 0.500000
15 83 0.500000
15 84 0.500000
15 85 0.500000
15 86 0.500000
15 87 0.500000
15 88 0.500000
15 90 0.500000
15 95 0.500000
15 96 0.500000
15 98 0.500000
15 99 0.500000
15 100 0.500000
15 101 0.500000
15 102 0.500000
15 103 0.500000
15 104 0.500000
15 106 0.500000
15 107 0.500000
15 110 0.500000
15 112 0.500000
15 113 0.500000
15 114 0.500000
15 116 0.500000
15 117 0.500000
15 118 0.500000
15 120 0.500000
15 121 0.500000
15 123 0.500000
15 124 0.500000
15 127 0.500000
15 128 0.500000
15 129 0.500000
15 130 0.500000
15 134 0.500000
15 135 0.500000
15 139 0.500000
15 140 0.500000
15 141 0.500000
15 142 0.500000
15 144 0.500000
15 149 0.500000
15 150 0.500000
15 153 0.500000
15 156 0.500000
15 159 0.500000
15 160 0.500000
16 19 0.500000
16 20 0.500000
16 23 0.500000
16 24 0.500000
16 28 0.500000
16 31 0.500000
16 32 0.500000
16 33 0.500000
16 36 0.500000
16 37 0.500000
16 40 0.500000
16 44 0.500000
16 45 0.500000
16 50 0.500000
16 53 0.500000
16 54 0.500000
16 55 0.500000
16 56 0.500000
16 57 0.500000
16 60 0.500000
16 61 0.500000
16 62 0.500000
16 67 0.500000
16 70 0.500000
16 75 0.500000
16 76 0.500000
16 77 0.500000
16 78 0.500000
16 81 0.500000
16 82 0.500000
16 83 0.500000
16 84 0.500000
16 86 0.500000
16 87 0.500000
16 91 0.500000
16 94 0.500000
16 96 0.500000
16 97 0.500000
16 102 0.500000
16 103 0.500000
16 107 0.500000
16 108 0.500000
16 111 0.500000
16 112 0.500000
16 113 0.500000
16 114 0.500000
16 115 0.500000
16 116 0.500000
16 119 0.500000
16 120 0.500000
16 121 0.500000
16 122 0.500000
16 124 0.500000
16 127 0.500000
16 129 0.500000
16 134 0.500000
16 135 0.500000
16 144 0.500000
16 145 0.500000
16 147 0.500000
16 148 0.500000
16 149 0.500000
16 151 0.500000
16 153 0.500000
16 154 0.500000
16 156 0.500000
16 158 0.500000
16 160 0.500000
17 18 0.500000
17 19 0.500000
17 20 0.500000
17 21 0.500000
17 28 0.500000
17 29 0.500000
17 30 0.500000
17 31 0.500000
17 32 0.500000
17 36 0.500000
17 38 0.500000
17 40 0.500000
17 41 0.500000
17 42 0.500000
17 44 0.500000
17 46 0.500000
17 47 0.500000
17 53 0.500000
17 54 0.500000
17 55 0.500000
17 56 0.500000
17 58 0.500000
17 59 0.500000
17 60 0.500000
17 61 0.500000
17 67 0.500000
17 69 0.500000
17 71 0.500000
17 76 0.500000
17 77 0.500000
17 80 0.500000
17 85 0.500000
17 87 0.500000
17 91 0.500000
17 94 0.500000
17 95 0.500000
17 96 0.500000
17 101 0.500000
17 103 0.500000
17 104 0.500000
17 105 0.500000
17 108 0.500000
17 110 0.500000
17 111 0.500000
17 112 0.500000
17 115 0.500000
17 118 0.500000
17 121 0.500000
17 123 0.500000
17 127 0.500000
17 128 0.500000
17 130 0.500000
17 131 0.500000
17 133 0.500000
17 136 0.500000
17 138 0.500000
17 142 0.500000
17 148 0.500000
17 154 0.500000
17 157 0.500000
17 158 0.500000
17 160 0.500000
18 21 0.500000
18 23 0.500000
18 26 0.500000
18 27 0.500000
18 29 0.500000
18 30 0.500000
18 31 0.500000
18 33 0.500000
18 38 0.500000
18 44 0.500000
18 47 0.500000
18 48 0.500000
18 49 0.500000
18 50 0.500000
18 54 0.500000
18 55 0.500000
18 56 0.500000
18 58 0.500000
18 59 0.500000
18 60 0.500000
18 62 0.500000
18 65 0.500000
18 68 0.500000
18 69 0.500000
18 72 0.500000
18 74 0.500000
18 77 0.500000
18 78 0.500000
18 79 0.500000
18 80 0.500000
18 82 0.500000
18 84 0.500000
18 85 0.500000
18 87 0.500000
18 88 0.500000
18 89 0.500000
18 90 0.500000
18 92 0.500000
18 98 0.500000
18 99 0.500000
18 101 0.500000
18 103 0.500000
18 105 0.500000
18 106 0.500000
18 109 0.500000
18 111 0.500000
18 114 0.500000
18 115 0.500000
18 118 0.500000
18 122 0.500000
18 125 0.500000
18 126 0.500000
18 128 0.500000
18 130 0.500000
18 132 0.500000
18 133 0.500000
18 137 0.500000
18 138 0.500000
18 139 0.500000
18 140 0.500000
18 143 0.500000
18 144 0.500000
18 145 0.500000
18 151 0.500000
18 152 0.500000
18 154 0.500000
18 159 0.500000
18 160 0.500000
19 20 0.500000
19 21 0.500000
19 23 0.500000
19 26 0.500000
19 27 0.500000
19 28 0.500000
19 29 0.500000
19 30 0.500000
19 31 0.500000
19 32 0.500000
19 33 0.500000
19 34 0.500000
19 35 0.500000
19 37 0.500000
19 39 0.500000
19 44 0.500000
19 45 0.500000
19 47 0.500000
19 48 0.500000
19 49 0.500000
19 54 0.500000
19 55 0.500000
19 56 0.500000
19 59 0.500000
19 63 0.500000
19 64 0.500000
19 65 0.500000
19 66 0.500000
19 70 0.500000
19 71 0.500000
19 73 0.500000
19 78 0.500000
19 80 0.500000
19 83 0.500000
19 84 0.500000
19 90 0.500000
19 91 0.500000
19 92 0.500000
19 96 0.500000
19 98 0.500000
19 101 0.500000
19 102 0.500000
19 105 0.500000
19 106 0.500000
19 113 0.500000
19 114 0.500000
19 125 0.500000
19 126 0.500000
19 127 0.500000
19 128 0.500000
19 131 0.500000
19 134 0.500000
19 135 0.500000
19 136 0.500000
19 137 0.500000
19 138 0.500000
19 139 0.500000
19 142 0.500000
19 143 0.500000
19 144 0.500000
19 146 0.500000
19 147 0.500000
19 150 0.500000
19 151 0.500000
19 159 0.500000
19 160 0.500000
20 21 0.500000
20 22 0.500000
20 26 0.500000
20 28 0.500000
20 31 0.500000
20 32 0.500000
20 33 0.500000
20 35 0.500000
20 38 0.500000
20 39 0.500000
20 43 0.500000
20 44 0.500000
20 48 0.500000
20 52 0.500000
20 53 0.500000
20 54 0.500000
20 55 0.500000
20 57 0.500000
20 60 0.500000
20 61 0.500000
20 62 0.500000
20 64 0.500000
20 65 0.500000
20 67 0.500000
20 68 0.500000
20 69 0.500000
20 70 0.500000
20 73 0.500000
20 74 0.500000
20 78 0.500000
20 80 0.500000
20 81 0.500000
20 82 0.500000
20 85 0.500000
20 87 0.500000
20 93 0.500000
20 96 0.500000
20 102 0.500000
20 105 0.500000
20 111 0.500000
20 112 0.500000
20 113 0.500000
20 114 0.500000
20 115 0.500000
20 117 0.500000
20 121 0.500000
20 123 0.500000
20 127 0.500000
20 129 0.500000
20 130 0.500000
20 133 0.500000
20 134 0.500000
20 135 0.500000
20 136 0.500000
20 137 0.500000
20 141 0.500000
20 143 0.500000
20 145 0.500000
20 146 0.500000
20 147 0.500000
20 150 0.500000
20 156 0.500000
20 157 0.500000
20 158 0.500000
20 159 0.500000
21 23 0.500000
21 24 0.500000
21 25 0.500000
21 27 0.500000
21 30 0.500000
21 33 0.500000
21 34 0.500000
21 37 0.500000
21 39 0.500000
21 41 0.500000
21 42 0.500000
21 43 0.500000
21 45 0.500000
21 46 0.500000
21 47 0.500000
21 48 0.500000
21 50 0.500000
21 51 0.500000
21 53 0.500000
21 55 0.500000
21 57 0.500000
21 59 0.500000
21 61 0.500000
21 62 0.500000
21 65 0.500000
21 68 0.500000
21 69 0.500000
21 71 0.500000
21 72 0.500000
21 73 0.500000
21 75 0.500000
21 76 0.500000
21 79 0.500000
21 80 0.500000
21 81 0.500000
21 83 0.500000
21 84 0.500000
21 85 0.500000
21 87 0.500000
21 88 0.500000
21 91 0.500000
21 94 0.500000
21 96 0.500000
21 98 0.500000
21 99 0.500000
21 101 0.500000
21 106 0.500000
21 107 0.500000
21 108 0.500000
21 111 0.500000
21 112 0.500000
21 113 0.500000
21 114 0.500000
21 115 0.500000
21 117 0.500000
21 118 0.500000
21 119 0.500000
21 122 0.500000
21 124 0.500000
21 127 0.500000
21 129 0.500000
21 130 0.500000
21 131 0.500000
21 132 0.500000
21 134 0.500000
21 139 0.500000
21 140 0.500000
21 142 0.500000
21 143 0.500000
21 146 0.500000
21 147 0.500000
21 148 0.500000
21 153 0.500000
21 155 0.500000
21 158 0.500000
21 160 0.500000
22 26 0.500000
22 27 0.500000
22 28 0.500000
22 32 0.500000
22 33 0.500000
22 36 0.500000
22 37 0.500000
22 38 0.500000
22 39 0.500000
22 42 0.500000
22 45 0.500000
22 47 0.500000
22 59 0.500000
22 64 0.500000
22 69 0.500000
22 73 0.500000
22 74 0.500000
22 75 0.500000
22 76 0.500000
22 79 0.500000
22 80 0.500000
22 82 0.500000
22 84 0.500000
22 90 0.500000
22 91 0.500000
22 92 0.500000
22 96 0.500000
22 97 0.500000
22 98 0.500000
22 100 0.500000
22 101 0.500000
22 102 0.500000
22 105 0.500000
22 107 0.500000
22 108 0.500000
22 109 0.500000
22 111 0.500000
22 112 0.500000
22 114 0.500000
22 115 0.500000
22 119 0.500000
22 122 0.500000
22 123 0.500000
22 124 0.500000
22 126 0.500000
22 127 0.500000
22 133 0.500000
22 135 0.500000
22 136 0.500000
22 137 0.500000
22 138 0.500000
22 140 0.500000
22 141 0.500000
22 143 0.500000
22 146 0.500000
22 147 0.500000
22 148 0.500000
22 151 0.500000
22 152 0.500000
22 153 0.500000
22 154 0.500000
22 155 0.500000
22 157 0.500000
22 159 0.500000
23 24 0.500000
23 26 0.500000
23 27 0.500000
23 32 0.500000
23 35 0.500000
23 36 0.500000
23 38 0.500000
23 40 0.500000
23 41 0.500000
23 43 0.500000
23 44 0.500000
23 45 0.500000
23 46 0.500000
23 47 0.500000
23 48 0.500000
23 53 0.500000
23 54 0.500000
23 55 0.500000
23 69 0.500000
23 71 0.500000
23 73 0.500000
23 74 0.500000
23 76 0.500000
23 77 0.500000
23 79 0.500000
23 81 0.500000
23 82 0.500000
23 86 0.500000
23 88 0.500000
23 91 0.500000
23 93 0.500000
23 94 0.500000
23 95 0.500000
23 97 0.500000
23 100 0.500000
23 105 0.500000
23 110 0.500000
23 113 0.500000
23 116 0.500000
23 117 0.500000
23 118 0.500000
23 119 0.500000
23 122 0.500000
23 123 0.500000
23 124 0.500000
23 125 0.500000
23 126 0.500000
23 128 0.500000
23 129 0.500000
23 133 0.500000
23 137 0.500000
23 141 0.500000
23 143 0.500000
23 144 0.500000
23 146 0.500000
23 151 0.500000
23 152 0.500000
23 153 0.500000
23 155 0.500000
23 156 0.500000
23 158 0.500000
24 27 0.500000
24 28 0.500000
24 29 0.500000
24 31 0.500000
24 32 0.500000
24 33 0.500000
24 34 0.500000
24 35 0.500000
24 37 0.500000
24 38 0.500000
24 39 0.500000
24 41 0.500000
24 42 0.500000
24 43 0.500000
24 47 0.500000
24 48 0.500000
24 50 0.500000
24 51 0.500000
24 54 0.500000
24 55 0.500000
24 58 0.500000
24 60 0.500000
24 61 0.500000
24 63 0.500000
24 65 0.500000
24 66 0.500000
24 67 0.500000
24 68 0.500000
24 70 0.500000
24 71 0.500000
24 72 0.500000
24 73 0.500000
24 77 0.500000
24 78 0.500000
24 80 0.500000
24 83 0.500000
24 87 0.500000
24 88 0.500000
24 90 0.500000
24 93 0.500000
24 95 0.500000
24 96 0.500000
24 99 0.500000
24 100 0.500000
24 102 0.500000
24 104 0.500000
24 110 0.500000
24 112 0.500000
24 114 0.500000
24 115 0.500000
24 116 0.500000
24 117 0.500000
24 120 0.500000
24 122 0.500000
24 123 0.500000
24 124 0.500000
24 125 0.500000
24 126 0.500000
24 131 0.500000
24 132 0.500000
24 133 0.500000
24 135 0.500000
24 137 0.500000
24 138 0.500000
24 144 0.500000
24 149 0.500000
24 150 0.500000
24 151 0.500000
24 155 0.500000
24 158 0.500000
25 27 0.500000
25 29 0.500000
25 30 0.500000
25 34 0.500000
25 37 0.500000
25 38 0.500000
25 41 0.500000
25 43 0.500000
25 44 0.500000
25 45 0.500000
25 46 0.500000
25 48 0.500000
25 49 0.500000
25 50 0.500000
25 52 0.500000
25 53 0.500000
25 54 0.500000
25 57 0.500000
25 60 0.500000
25 64 0.500000
25 65 0.500000
25 67 0.500000
25 72 0.500000
25 73 0.500000
25 75 0.500000
25 78 0.500000
25 80 0.500000
25 81 0.500000
25 82 0.500000
25 83 0.500000
25 85 0.500000
25 87 0.500000
25 88 0.500000
25 89 0.500000
25 90 0.500000
25 91 0.500000
25 92 0.500000
25 95 0.500000
25 97 0.500000
25 99 0.500000
25 102 0.500000
25 104 0.500000
25 105 0.500000
25 106 0.500000
25 108 0.500000
25 110 0.500000
25 118 0.500000
25 120 0.500000
25 124 0.500000
25 126 0.500000
25 127 0.500000
25 128 0.500000
25 135 0.500000
25 137 0.500000
25 139 0.500000
25 143 0.500000
25 144 0.500000
25 145 0.500000
25 146 0.500000
25 147 0.500000
25 148 0.500000
25 149 0.500000
25 152 0.500000
25 155 0.500000
25 156 0.500000
25 157 0.500000
25 159 0.500000
25 160 0.500000
26 28 0.500000
26 30 0.500000
26 32 0.500000
26 33 0.500000
26 35 0.500000
26 36 0.500000
26 38 0.500000
26 39 0.500000
26 40 0.500000
26 41 0.500000
26 43 0.500000
26 44 0.500000
26 45 0.500000
26 46 0.500000
26 49 0.500000
26 50 0.500000
26 55 0.500000
26 56 0.500000
26 57 0.500000
26 59 0.500000
26 61 0.500000
26 62 0.500000
26 65 0.500000
26 67 0.500000
26 71 0.500000
26 75 0.500000
26 77 0.500000
26 79 0.500000
26 84 0.500000
26 85 0.500000
26 86 0.500000
26 87 0.500000
26 88 0.500000
26 89 0.500000
26 92 0.500000
26 93 0.500000
26 94 0.500000
26 97 0.500000
26 98 0.500000
26 100 0.500000
26 102 0.500000
26 104 0.500000
26 109 0.500000
26 112 0.500000
26 113 0.500000
26 114 0.500000
26 115 0.500000
26 118 0.500000
26 121 0.500000
26 125 0.500000
26 126 0.500000
26 128 0.500000
26 129 0.500000
26 130 0.500000
26 131 0.500000
26 132 0.500000
26 135 0.500000
26 138 0.500000
26 142 0.500000
26 146 0.500000
26 151 0.500000
26 152 0.500000
26 154 0.500000
26 155 0.500000
26 157 0.500000
26 159 0.500000
26 160 0.500000
27 30 0.500000
27 32 0.500000
27 34 0.500000
27 35 0.500000
27 36 0.500000
27 37 0.500000
27 38 0.500000
27 39 0.500000
27 40 0.500000
27 41 0.500000
27 42 0.500000
27 43 0.500000
27 49 0.500000
27 53 0.500000
27 56 0.500000
27 58 0.500000
27 59 0.500000
27 61 0.500000
27 62 0.500000
27 64 0.500000
27 65 0.500000
27 66 0.500000
27 68 0.500000
27 69 0.500000
27 73 0.500000
27 75 0.500000
27 76 0.500000
27 78 0.500000
27 79 0.500000
27 81 0.500000
27 82 0.500000
27 83 0.500000
27 84 0.500000
27 85 0.500000
27 86 0.500000
27 87 0.500000
27 89 0.500000
27 90 0.500000
27 94 0.500000
27 98 0.500000
27 99 0.500000
27 101 0.500000
27 102 0.500000
27 104 0.500000
27 109 0.500000
27 110 0.500000
27 113 0.500000
27 116 0.500000
27 118 0.500000
27 120 0.500000
27 123 0.500000
27 127 0.500000
27 136 0.500000
27 137 0.500000
27 140 0.500000
27 142 0.500000
27 143 0.500000
27 144 0.500000
27 145 0.500000
27 146 0.500000
27 148 0.500000
27 153 0.500000
27 156 0.500000
27 157 0.500000
27 158 0.500000
28 30 0.500000
28 31 0.500000
28 32 0.500000
28 34 0.500000
28 35 0.500000
28 38 0.500000
28 39 0.500000
28 41 0.500000
28 42 0.500000
28 43 0.500000
28 44 0.500000
28 46 0.500000
28 48 0.500000
28 50 0.500000
28 51 0.500000
28 54 0.500000
28 55 0.500000
28 56 0.500000
28 59 0.500000
28 64 0.500000
28 67 0.500000
28 70 0.500000
28 71 0.500000
28 74 0.500000
28 76 0.500000
28 78 0.500000
28 80 0.500000
28 83 0.500000
28 84 0.500000
28 85 0.500000
28 88 0.500000
28 90 0.500000
28 91 0.500000
28 92 0.500000
28 93 0.500000
28 94 0.500000
28 98 0.500000
28 99 0.500000
28 100 0.500000
28 102 0.500000
28 103 0.500000
28 106 0.500000
28 109 0.500000
28 112 0.500000
28 114 0.500000
28 115 0.500000
28 116 0.500000
28 119 0.500000
28 120 0.500000
28 122 0.500000
28 124 0.500000
28 131 0.500000
28 135 0.500000
28 136 0.500000
28 138 0.500000
28 140 0.500000
28 142 0.500000
28 145 0.500000
28 148 0.500000
28 150 0.500000
28 152 0.500000
28 153 0.500000
28 158 0.500000
29 31 0.500000
29 32 0.500000
29 33 0.500000
29 34 0.500000
29 37 0.500000
29 39 0.500000
29 43 0.500000
29 44 0.500000
29 45 0.500000
29 46 0.500000
29 47 0.500000
29 53 0.500000
29 54 0.500000
29 55 0.500000
29 56 0.500000
29 57 0.500000
29 58 0.500000
29 59 0.500000
29 63 0.500000
29 64 0.500000
29 68 0.500000
29 70 0.500000
29 71 0.500000
29 74 0.500000
29 76 0.500000
29 78 0.500000
29 79 0.500000
29 80 0.500000
29 82 0.500000
29 84 0.500000
29 85 0.500000
29 86 0.500000
29 89 0.500000
29 90 0.500000
29 92 0.500000
29 93 0.500000
29 95 0.500000
29 96 0.500000
29 98 0.500000
29 100 0.500000
29 103 0.500000
29 109 0.500000
29 113 0.500000
29 115 0.500000
29 117 0.500000
29 118 0.500000
29 121 0.500000
29 123 0.500000
29 125 0.500000
29 129 0.500000
29 130 0.500000
29 132 0.500000
29 133 0.500000
29 134 0.500000
29 136 0.500000
29 137 0.500000
29 138 0.500000
29 140 0.500000
29 146 0.500000
29 147 0.500000
29 148 0.500000
29 149 0.500000
29 152 0.500000
29 154 0.500000
30 31 0.500000
30 32 0.500000
30 33 0.500000
30 36 0.500000
30 38 0.500000
30 41 0.500000
30 45 0.500000
30 46 0.500000
30 47 0.500000
30 50 0.500000
30 51 0.500000
30 54 0.500000
30 57 0.500000
30 58 0.500000
30 60 0.500000
30 61 0.500000
30 62 0.500000
30 63 0.500000
30 64 0.500000
30 65 0.500000
30 69 0.500000
30 75 0.500000
30 78 0.500000
30 82 0.500000
30 86 0.500000
30 88 0.500000
30 89 0.500000
30 91 0.500000
30 95 0.500000
30 97 0.500000
30 100 0.500000
30 102 0.500000
30 107 0.500000
30 108 0.500000
30 109 0.500000
30 110 0.500000
30 111 0.500000
30 113 0.500000
30 114 0.500000
30 116 0.500000
30 117 0.500000
30 118 0.500000
30 119 0.500000
30 120 0.500000
30 121 0.500000
30 122 0.500000
30 124 0.500000
30 125 0.500000
30 128 0.500000
30 129 0.500000
30 131 0.500000
30 132 0.500000
30 134 0.500000
30 136 0.500000
30 139 0.500000
30 142 0.500000
30 145 0.500000
30 150 0.500000
30 151 0.500000
30 155 0.500000
30 156 0.500000
30 157 0.500000
30 158 0.500000
30 160 0.500000
31 32 0.500000
31 33 0.500000
31 34 0.500000
31 37 0.500000
31 38 0.500000
31 39 0.500000
31 40 0.500000
31 41 0.500000
31 43 0.500000
31 47 0.500000
31 48 0.500000
31 51 0.500000
31 52 0.500000
31 56 0.500000
31 59 0.500000
31 60 0.500000
31 61 0.500000
31 63 0.500000
31 66 0.500000
31 67 0.500000
31 75 0.500000
31 76 0.500000
31 77 0.500000
31 78 0.500000
31 79 0.500000
31 80 0.500000
31 82 0.500000
31 83 0.500000
31 84 0.500000
31 85 0.500000
31 88 0.500000
31 98 0.500000
31 104 0.500000
31 108 0.500000
31 111 0.500000
31 112 0.500000
31 119 0.500000
31 120 0.500000
31 121 0.500000
31 122 0.500000
31 126 0.500000
31 128 0.500000
31 130 0.500000
31 131 0.500000
31 132 0.500000
31 135 0.500000
31 136 0.500000
31 139 0.500000
31 141 0.500000
31 144 0.500000
31 149 0.500000
31 150 0.500000
31 152 0.500000
31 154 0.500000
31 155 0.500000
31 156 0.500000
31 158 0.500000
31 160 0.500000
32 34 0.500000
32 35 0.500000
32 37 0.500000
32 38 0.500000
32 40 0.500000
32 42 0.500000
32 43 0.500000
32 44 0.500000
32 46 0.500000
32 47 0.500000
32 51 0.500000
32 53 0.500000
32 56 0.500000
32 57 0.500000
32 58 0.500000
32 59 0.500000
32 60 0.500000
32 61 0.500000
32 62 0.500000
32 63 0.500000
32 64 0.500000
32 66 0.500000
32 67 0.500000
32 69 0.500000
32 72 0.500000
32 74 0.500000
32 76 0.500000
32 79 0.500000
32 82 0.500000
32 84 0.500000
32 85 0.500000
32 86 0.500000
32 89 0.500000
32 90 0.500000
32 91 0.500000
32 92 0.500000
32 100 0.500000
32 101 0.500000
32 104 0.500000
32 105 0.500000
32 106 0.500000
32 110 0.500000
32 111 0.500000
32 112 0.500000
32 114 0.500000
32 116 0.500000
32 118 0.500000
32 119 0.500000
32 120 0.500000
32 121 0.500000
32 123 0.500000
32 129 0.500000
32 131 0.500000
32 132 0.500000
32 134 0.500000
32 135 0.500000
32 136 0.500000
32 137 0.500000
32 139 0.500000
32 143 0.500000
32 150 0.500000
32 151 0.500000
32 157 0.500000
33 36 0.500000
33 38 0.500000
33 39 0.500000
33 47 0.500000
33 49 0.500000
33 51 0.500000
33 55 0.500000
33 58 0.500000
33 59 0.500000
33 60 0.500000
33 62 0.500000
33 63 0.500000
33 64 0.500000
33 65 0.500000
33 67 0.500000
33 68 0.500000
33 76 0.500000
33 77 0.500000
33 78 0.500000
33 83 0.500000
33 87 0.500000
33 89 0.500000
33 91 0.500000
33 93 0.500000
33 98 0.500000
33 99 0.500000
33 102 0.500000
33 103 0.500000
33 104 0.500000
33 110 0.500000
33 111 0.500000
33 113 0.500000
33 114 0.500000
33 116 0.500000
33 117 0.500000
33 119 0.500000
33 122 0.500000
33 124 0.500000
33 125 0.500000
33 126 0.500000
33 127 0.500000
33 128 0.500000
33 134 0.500000
33 135 0.500000
33 137 0.500000
33 138 0.500000
33 140 0.500000
33 141 0.500000
33 143 0.500000
33 145 0.500000
33 146 0.500000
33 147 0.500000
33 150 0.500000
33 151 0.500000
33 152 0.500000
33 155 0.500000
33 156 0.500000
33 157 0.500000
33 158 0.500000
33 159 0.500000
34 36 0.500000
34 37 0.500000
34 41 0.500000
34 43 0.500000
34 45 0.500000
34 49 0.500000
34 50 0.500000
34 51 0.500000
34 52 0.500000
34 53 0.500000
34 58 0.500000
34 60 0.500000
34 62 0.500000
34 64 0.500000
34 65 0.500000
34 66 0.500000
34 68 0.500000
34 69 0.500000
34 70 0.500000
34 75 0.500000
34 76 0.500000
34 77 0.500000
34 80 0.500000
34 81 0.500000
34 82 0.500000
34 83 0.500000
34 85 0.500000
34 86 0.500000
34 87 0.500000
34 90 0.500000
34 96 0.500000
34 99 0.500000
34 100 0.500000
34 101 0.500000
34 102 0.500000
34 103 0.500000
34 108 0.500000
34 110 0.500000
34 112 0.500000
34 118 0.500000
34 119 0.500000
34 120 0.500000
34 121 0.500000
34 122 0.500000
34 125 0.500000
34 126 0.500000
34 133 0.500000
34 134 0.500000
34 135 0.500000
34 137 0.500000
34 142 0.500000
34 146 0.500000
34 147 0.500000
34 149 0.500000
34 151 0.500000
34 153 0.500000
34 155 0.500000
34 156 0.500000
34 157 0.500000
34 158 0.500000
34 159 0.500000
35 36 0.500000
35 39 0.500000
35 40 0.500000
35 41 0.500000
35 42 0.500000
35 43 0.500000
35 46 0.500000
35 50 0.500000
35 51 0.500000
35 54 0.500000
35 58 0.500000
35 59 0.500000
35 61 0.500000
35 63 0.500000
35 64 0.500000
35 66 0.500000
35 67 0.500000
35 69 0.500000
35 70 0.500000
35 72 0.500000
35 73 0.500000
35 74 0.500000
35 76 0.500000
35 77 0.500000
35 79 0.500000
35 81 0.500000
35 83 0.500000
35 84 0.500000
35 85 0.500000
35 86 0.500000
35 87 0.500000
35 90 0.500000
35 92 0.500000
35 95 0.500000
35 96 0.500000
35 98 0.500000
35 99 0.500000
35 104 0.500000
35 105 0.500000
35 107 0.500000
35 109 0.500000
35 111 0.500000
35 113 0.500000
35 116 0.500000
35 117 0.500000
35 118 0.500000
35 119 0.500000
35 121 0.500000
35 122 0.500000
35 123 0.500000
35 126 0.500000
35 127 0.500000
35 129 0.500000
35 131 0.500000
35 135 0.500000
35 136 0.500000
35 138 0.500000
35 139 0.500000
35 142 0.500000
35 143 0.500000
35 144 0.500000
35 145 0.500000
35 146 0.500000
35 148 0.500000
35 149 0.500000
35 152 0.500000
35 153 0.500000
35 160 0.500000
36 37 0.500000
36 38 0.500000
36 39 0.500000
36 40 0.500000
36 41 0.500000
36 42 0.500000
36 43 0.500000
36 49 0.500000
36 50 0.500000
36 52 0.500000
36 54 0.500000
36 56 0.500000
36 57 0.500000
36 58 0.500000
36 60 0.500000
36 62 0.500000
36 64 0.500000
36 65 0.500000
36 66 0.500000
36 77 0.500000
36 80 0.500000
36 81 0.500000
36 83 0.500000
36 85 0.500000
36 88 0.500000
36 92 0.500000
36 93 0.500000
36 95 0.500000
36 96 0.500000
36 97 0.500000
36 98 0.500000
36 101 0.500000
36 106 0.500000
36 107 0.500000
36 110 0.500000
36 112 0.500000
36 113 0.500000
36 115 0.500000
36 117 0.500000
36 119 0.500000
36 121 0.500000
36 123 0.500000
36 124 0.500000
36 125 0.500000
36 129 0.500000
36 131 0.500000
36 134 0.500000
36 136 0.500000
36 137 0.500000
36 142 0.500000
36 144 0.500000
36 145 0.500000
36 146 0.500000
36 149 0.500000
36 150 0.500000
36 151 0.500000
36 152 0.500000
36 155 0.500000
36 156 0.500000
36 160 0.500000
37 38 0.500000
37 39 0.500000
37 42 0.500000
37 43 0.500000
37 44 0.500000
37 46 0.500000
37 47 0.500000
37 48 0.500000
37 50 0.500000
37 52 0.500000
37 54 0.500000
37 55 0.500000
37 56 0.500000
37 58 0.500000
37 59 0.500000
37 61 0.500000
37 68 0.500000
37 69 0.500000
37 71 0.500000
37 74 0.500000
37 75 0.500000
37 76 0.500000
37 77 0.500000
37 78 0.500000
37 81 0.500000
37 82 0.500000
37 83 0.500000
37 84 0.500000
37 88 0.500000
37 89 0.500000
37 90 0.500000
37 91 0.500000
37 93 0.500000
37 94 0.500000
37 95 0.500000
37 96 0.500000
37 97 0.500000
37 98 0.500000
37 100 0.500000
37 101 0.500000
37 103 0.500000
37 105 0.500000
37 106 0.500000
37 107 0.500000
37 110 0.500000
37 111 0.500000
37 113 0.500000
37 115 0.500000
37 117 0.500000
37 121 0.500000
37 123 0.500000
37 125 0.500000
37 126 0.500000
37 129 0.500000
37 131 0.500000
37 133 0.500000
37 134 0.500000
37 135 0.500000
37 136 0.500000
37 138 0.500000
37 143 0.500000
37 145 0.500000
37 146 0.500000
37 148 0.500000
37 149 0.500000
37 152 0.500000
37 153 0.500000
37 158 0.500000
37 159 0.500000
37 160 0.500000
38 39 0.500000
38 40 0.500000
38 41 0.500000
38 45 0.500000
38 46 0.500000
38 49 0.500000
38 57 0.500000
38 58 0.500000
38 61 0.500000
38 63 0.500000
38 64 0.500000
38 65 0.500000
38 66 0.500000
38 68 0.500000
38 72 0.500000
38 73 0.500000
38 74 0.500000
38 78 0.500000
38 79 0.500000
38 81 0.500000
38 82 0.500000
38 83 0.500000
38 84 0.500000
38 86 0.500000
38 87 0.500000
38 88 0.500000
38 94 0.500000
38 96 0.500000
38 97 0.500000
38 98 0.500000
38 99 0.500000
38 101 0.500000
38 104 0.500000
38 108 0.500000
38 110 0.500000
38 112 0.500000
38 113 0.500000
38 118 0.500000
38 119 0.500000
38 122 0.500000
38 124 0.500000
38 128 0.500000
38 130 0.500000
38 131 0.500000
38 134 0.500000
38 136 0.500000
38 141 0.500000
38 142 0.500000
38 143 0.500000
38 144 0.500000
38 146 0.500000
38 149 0.500000
38 151 0.500000
38 153 0.500000
38 154 0.500000
38 155 0.500000
38 157 0.500000
38 158 0.500000
38 159 0.500000
39 42 0.500000
39 43 0.500000
39 47 0.500000
39 50 0.500000
39 52 0.500000
39 53 0.500000
39 54 0.500000
39 57 0.500000
39 58 0.500000
39 59 0.500000
39 64 0.500000
39 67 0.500000
39 69 0.500000
39 70 0.500000
39 71 0.500000
39 72 0.500000
39 73 0.500000
39 74 0.500000
39 75 0.500000
39 77 0.500000
39 78 0.500000
39 82 0.500000
39 83 0.500000
39 84 0.500000
39 85 0.500000
39 88 0.500000
39 89 0.500000
39 91 0.500000
39 93 0.500000
39 95 0.500000
39 96 0.500000
39 97 0.500000
39 100 0.500000
39 104 0.500000
39 105 0.500000
39 106 0.500000
39 107 0.500000
39 110 0.500000
39 117 0.500000
39 119 0.500000
39 121 0.500000
39 122 0.500000
39 133 0.500000
39 136 0.500000
39 138 0.500000
39 139 0.500000
39 140 0.500000
39 142 0.500000
39 147 0.500000
39 153 0.500000
39 157 0.500000
39 159 0.500000
40 42 0.500000
40 45 0.500000
40 47 0.500000
40 48 0.500000
40 49 0.500000
40 51 0.500000
40 52 0.500000
40 55 0.500000
40 57 0.500000
40 58 0.500000
40 60 0.500000
40 61 0.500000
40 63 0.500000
40 65 0.500000
40 66 0.500000
40 69 0.500000
40 70 0.500000
40 71 0.500000
40 72 0.500000
40 73 0.500000
40 74 0.500000
40 75 0.500000
40 76 0.500000
40 77 0.500000
40 79 0.500000
40 80 0.500000
40 81 0.500000
40 82 0.500000
40 85 0.500000
40 88 0.500000
40 90 0.500000
40 93 0.500000
40 95 0.500000
40 96 0.500000
40 99 0.500000
40 101 0.500000
40 102 0.500000
40 104 0.500000
40 106 0.500000
40 107 0.500000
40 111 0.500000
40 112 0.500000
40 113 0.500000
40 115 0.500000
40 117 0.500000
40 118 0.500000
40 119 0.500000
40 121 0.500000
40 122 0.500000
40 128 0.500000
40 131 0.500000
40 132 0.500000
40 134 0.500000
40 135 0.500000
40 142 0.500000
40 144 0.500000
40 147 0.500000
40 148 0.500000
40 149 0.500000
40 150 0.500000
40 153 0.500000
40 155 0.500000
40 157 0.500000
41 43 0.500000
41 45 0.500000
41 47 0.500000
41 51 0.500000
41 53 0.500000
41 56 0.500000
41 59 0.500000
41 60 0.500000
41 61 0.500000
41 62 0.500000
41 63 0.500000
41 64 0.500000
41 66 0.500000
41 70 0.500000
41 71 0.500000
41 75 0.500000
41 77 0.500000
41 80 0.500000
41 84 0.500000
41 88 0.500000
41 90 0.500000
41 92 0.500000
41 95 0.500000
41 96 0.500000
41 97 0.500000
41 98 0.500000
41 99 0.500000
41 100 0.500000
41 101 0.500000
41 102 0.500000
41 107 0.500000
41 108 0.500000
41 112 0.500000
41 113 0.500000
41 114 0.500000
41 117 0.500000
41 118 0.500000
41 120 0.500000
41 122 0.500000
41 123 0.500000
41 125 0.500000
41 131 0.500000
41 133 0.500000
41 134 0.500000
41 135 0.500000
41 136 0.500000
41 137 0.500000
41 138 0.500000
41 140 0.500000
41 141 0.500000
41 142 0.500000
41 143 0.500000
41 146 0.500000
41 148 0.500000
41 149 0.500000
41 150 0.500000
41 152 0.500000
41 154 0.500000
41 155 0.500000
41 156 0.500000
41 158 0.500000
41 159 0.500000
42 44 0.500000
42 46 0.500000
42 47 0.500000
42 51 0.500000
42 52 0.500000
42 54 0.500000
42 55 0.500000
42 56 0.500000
42 57 0.500000
42 59 0.500000
42 60 0.500000
42 61 0.500000
42 69 0.500000
42 70 0.500000
42 71 0.500000
42 74 0.500000
42 78 0.500000
42 81 0.500000
42 82 0.500000
42 84 0.500000
42 85 0.500000
42 88 0.500000
42 91 0.500000
42 96 0.500000
42 98 0.500000
42 99 0.500000
42 100 0.500000
42 104 0.500000
42 106 0.500000
42 109 0.500000
42 110 0.500000
42 112 0.500000
42 114 0.500000
42 116 0.500000
42 117 0.500000
42 119 0.500000
42 121 0.500000
42 125 0.500000
42 128 0.500000
42 130 0.500000
42 133 0.500000
42 134 0.500000
42 136 0.500000
42 137 0.500000
42 138 0.500000
42 139 0.500000
42 141 0.500000
42 142 0.500000
42 144 0.500000
42 151 0.500000
42 154 0.500000
42 155 0.500000
42 156 0.500000
42 160 0.500000
43 44 0.500000
43 45 0.500000
43 46 0.500000
43 49 0.500000
43 52 0.500000
43 56 0.500000
43 59 0.500000
43 63 0.500000
43 66 0.500000
43 68 0.500000
43 73 0.500000
43 77 0.500000
43 78 0.500000
43 79 0.500000
43 83 0.500000
43 84 0.500000
43 87 0.500000
43 88 0.500000
43 89 0.500000
43 91 0.500000
43 93 0.500000
43 94 0.500000
43 95 0.500000
43 96 0.500000
43 98 0.500000
43 99 0.500000
43 100 0.500000
43 101 0.500000
43 103 0.500000
43 104 0.500000
43 106 0.500000
43 107 0.500000
43 111 0.500000
43 113 0.500000
43 117 0.500000
43 120 0.500000
43 121 0.500000
43 124 0.500000
43 125 0.500000
43 128 0.500000
43 129 0.500000
43 132 0.500000
43 133 0.500000
43 136 0.500000
43 137 0.500000
43 138 0.500000
43 139 0.500000
43 140 0.500000
43 142 0.500000
43 143 0.500000
43 144 0.500000
43 145 0.500000
43 147 0.500000
43 150 0.500000
43 152 0.500000
43 155 0.500000
43 157 0.500000
43 160 0.500000
44 47 0.500000
44 48 0.500000
44 50 0.500000
44 57 0.500000
44 59 0.500000
44 61 0.500000
44 63 0.500000
44 64 0.500000
44 65 0.500000
44 66 0.500000
44 67 0.500000
44 68 0.500000
44 69 0.500000
44 71 0.500000
44 74 0.500000
44 77 0.500000
44 80 0.500000
44 82 0.500000
44 83 0.500000
44 85 0.500000
44 89 0.500000
44 90 0.500000
44 91 0.500000
44 93 0.500000
44 94 0.500000
44 95 0.500000
44 96 0.500000
44 98 0.500000
44 99 0.500000
44 100 0.500000
44 101 0.500000
44 102 0.500000
44 103 0.500000
44 104 0.500000
44 105 0.500000
44 107 0.500000
44 108 0.500000
44 110 0.500000
44 111 0.500000
44 112 0.500000
44 113 0.500000
44 114 0.500000
44 115 0.500000
44 116 0.500000
44 117 0.500000
44 120 0.500000
44 121 0.500000
44 122 0.500000
44 125 0.500000
44 128 0.500000
44 137 0.500000
44 138 0.500000
44 140 0.500000
44 142 0.500000
44 144 0.500000
44 148 0.500000
44 149 0.500000
44 150 0.500000
44 153 0.500000
44 154 0.500000
44 159 0.500000
45 50 0.500000
45 51 0.500000
45 52 0.500000
45 56 0.500000
45 58 0.500000
45 61 0.500000
45 66 0.500000
45 69 0.500000
45 70 0.500000
45 71 0.500000
45 72 0.500000
45 73 0.500000
45 74 0.500000
45 75 0.500000
45 76 0.500000
45 77 0.500000
45 79 0.500000
45 80 0.500000
45 82 0.500000
45 84 0.500000
45 85 0.500000
45 88 0.500000
45 90 0.500000
45 91 0.500000
45 96 0.500000
45 97 0.500000
45 98 0.500000
45 101 0.500000
45 105 0.500000
45 107 0.500000
45 117 0.500000
45 120 0.500000
45 121 0.500000
45 122 0.500000
45 123 0.500000
45 124 0.500000
45 125 0.500000
45 126 0.500000
45 127 0.500000
45 129 0.500000
45 131 0.500000
45 132 0.500000
45 133 0.500000
45 134 0.500000
45 135 0.500000
45 136 0.500000
45 137 0.500000
45 142 0.500000
45 143 0.500000
45 146 0.500000
45 148 0.500000
45 151 0.500000
45 152 0.500000
45 155 0.500000
45 156 0.500000
45 158 0.500000
45 159 0.500000
45 160 0.500000
46 47 0.500000
46 48 0.500000
46 49 0.500000
46 51 0.500000
46 52 0.500000
46 53 0.500000
46 54 0.500000
46 55 0.500000
46 57 0.500000
46 62 0.500000
46 65 0.500000
46 66 0.500000
46 68 0.500000
46 69 0.500000
46 70 0.500000
46 73 0.500000
46 74 0.500000
46 75 0.500000
46 76 0.500000
46 77 0.500000
46 78 0.500000
46 81 0.500000
46 82 0.500000
46 83 0.500000
46 84 0.500000
46 86 0.500000
46 87 0.500000
46 88 0.500000
46 89 0.500000
46 90 0.500000
46 92 0.500000
46 93 0.500000
46 94 0.500000
46 95 0.500000
46 97 0.500000
46 98 0.500000
46 101 0.500000
46 102 0.500000
46 103 0.500000
46 105 0.500000
46 108 0.500000
46 110 0.500000
46 115 0.500000
46 116 0.500000
46 119 0.500000
46 120 0.500000
46 121 0.500000
46 122 0.500000
46 124 0.500000
46 126 0.500000
46 130 0.500000
46 132 0.500000
46 136 0.500000
46 137 0.500000
46 139 0.500000
46 140 0.500000
46 143 0.500000
46 148 0.500000
46 150 0.500000
46 151 0.500000
46 154 0.500000
46 156 0.500000
46 157 0.500000
46 158 0.500000
47 52 0.500000
47 53 0.500000
47 56 0.500000
47 57 0.500000
47 60 0.500000
47 62 0.500000
47 64 0.500000
47 65 0.500000
47 67 0.500000
47 68 0.500000
47 72 0.500000
47 74 0.500000
47 75 0.500000
47 77 0.500000
47 80 0.500000
47 81 0.500000
47 82 0.500000
47 85 0.500000
47 86 0.500000
47 88 0.500000
47 89 0.500000
47 91 0.500000
47 94 0.500000
47 96 0.500000
47 99 0.500000
47 102 0.500000
47 103 0.500000
47 104 0.500000
47 107 0.500000
47 111 0.500000
47 112 0.500000
47 114 0.500000
47 116 0.500000
47 117 0.500000
47 118 0.500000
47 123 0.500000
47 126 0.500000
47 129 0.500000
47 130 0.500000
47 131 0.500000
47 132 0.500000
47 134 0.500000
47 135 0.500000
47 152 0.500000
47 153 0.500000
47 157 0.500000
47 158 0.500000
47 159 0.500000
48 51 0.500000
48 52 0.500000
48 53 0.500000
48 56 0.500000
48 57 0.500000
48 61 0.500000
48 63 0.500000
48 66 0.500000
48 67 0.500000
48 72 0.500000
48 73 0.500000
48 75 0.500000
48 77 0.500000
48 80 0.500000
48 82 0.500000
48 86 0.500000
48 87 0.500000
48 88 0.500000
48 91 0.500000
48 92 0.500000
48 96 0.500000
48 97 0.500000
48 99 0.500000
48 105 0.500000
48 106 0.500000
48 109 0.500000
48 110 0.500000
48 112 0.500000
48 114 0.500000
48 117 0.500000
48 119 0.500000
48 120 0.500000
48 121 0.500000
48 122 0.500000
48 123 0.500000
48 124 0.500000
48 125 0.500000
48 128 0.500000
48 129 0.500000
48 131 0.500000
48 133 0.500000
48 134 0.500000
48 135 0.500000
48 136 0.500000
48 137 0.500000
48 138 0.500000
48 141 0.500000
48 142 0.500000
48 143 0.500000
48 144 0.500000
48 149 0.500000
48 151 0.500000
48 152 0.500000
48 153 0.500000
48 154 0.500000
48 155 0.500000
48 158 0.500000
48 159 0.500000
49 50 0.500000
49 52 0.500000
49 53 0.500000
49 54 0.500000
49 58 0.500000
49 59 0.500000
49 60 0.500000
49 61 0.500000
49 62 0.500000
49 63 0.500000
49 65 0.500000
49 66 0.500000
49 68 0.500000
49 72 0.500000
49 73 0.500000
49 76 0.500000
49 80 0.500000
49 82 0.500000
49 83 0.500000
49 84 0.500000
49 85 0.500000
49 86 0.500000
49 87 0.500000
49 88 0.500000
49 94 0.500000
49 95 0.500000
49 96 0.500000
49 98 0.500000
49 101 0.500000
49 102 0.500000
49 105 0.500000
49 107 0.500000
49 113 0.500000
49 114 0.500000
49 115 0.500000
49 116 0.500000
49 117 0.500000
49 118 0.500000
49 119 0.500000
49 122 0.500000
49 123 0.500000
49 124 0.500000
49 126 0.500000
49 127 0.500000
49 128 0.500000
49 134 0.500000
49 136 0.500000
49 138 0.500000
49 139 0.500000
49 140 0.500000
49 142 0.500000
49 144 0.500000
49 145 0.500000
49 148 0.500000
49 151 0.500000
49 155 0.500000
49 158 0.500000
49 159 0.500000
50 51 0.500000
50 52 0.500000
50 53 0.500000
50 54 0.500000
50 56 0.500000
50 58 0.500000
50 61 0.500000
50 64 0.500000
50 66 0.500000
50 68 0.500000
50 69 0.500000
50 70 0.500000
50 71 0.500000
50 72 0.500000
50 74 0.500000
50 76 0.500000
50 79 0.500000
50 81 0.500000
50 82 0.500000
50 83 0.500000
50 84 0.500000
50 86 0.500000
50 87 0.500000
50 90 0.500000
50 91 0.500000
50 93 0.500000
50 95 0.500000
50 96 0.500000
50 97 0.500000
50 98 0.500000
50 99 0.500000
50 102 0.500000
50 103 0.500000
50 105 0.500000
50 107 0.500000
50 109 0.500000
50 112 0.500000
50 113 0.500000
50 114 0.500000
50 116 0.500000
50 117 0.500000
50 118 0.500000
50 119 0.500000
50 122 0.500000
50 123 0.500000
50 125 0.500000
50 128 0.500000
50 130 0.500000
50 132 0.500000
50 133 0.500000
50 136 0.500000
50 140 0.500000
50 141 0.500000
50 142 0.500000
50 144 0.500000
50 145 0.500000
50 146 0.500000
50 149 0.500000
50 152 0.500000
50 153 0.500000
50 154 0.500000
50 156 0.500000
50 158 0.500000
50 160 0.500000
51 52 0.500000
51 53 0.500000
51 55 0.500000
51 57 0.500000
51 59 0.500000
51 60 0.500000
51 62 0.500000
51 65 0.500000
51 67 0.500000
51 74 0.500000
51 75 0.500000
51 79 0.500000
51 81 0.500000
51 85 0.500000
51 86 0.500000
51 89 0.500000
51 91 0.500000
51 93 0.500000
51 94 0.500000
51 96 0.500000
51 101 0.500000
51 102 0.500000
51 103 0.500000
51 104 0.500000
51 108 0.500000
51 110 0.500000
51 116 0.500000
51 117 0.500000
51 119 0.500000
51 120 0.500000
51 121 0.500000
51 124 0.500000
51 126 0.500000
51 128 0.500000
51 129 0.500000
51 131 0.500000
51 134 0.500000
51 136 0.500000
51 138 0.500000
51 140 0.500000
51 143 0.500000
51 145 0.500000
51 146 0.500000
51 150 0.500000
51 151 0.500000
51 153 0.500000
51 154 0.500000
51 155 0.500000
51 156 0.500000
51 157 0.500000
51 159 0.500000
51 160 0.500000
52 54 0.500000
52 55 0.500000
52 56 0.500000
52 57 0.500000
52 61 0.500000
52 63 0.500000
52 64 0.500000
52 68 0.500000
52 72 0.500000
52 73 0.500000
52 74 0.500000
52 75 0.500000
52 76 0.500000
52 78 0.500000
52 80 0.500000
52 81 0.500000
52 82 0.500000
52 83 0.500000
52 84 0.500000
52 85 0.500000
52 86 0.500000
52 87 0.500000
52 88 0.500000
52 89 0.500000
52 90 0.500000
52 91 0.500000
52 95 0.500000
52 96 0.500000
52 97 0.500000
52 98 0.500000
52 99 0.500000
52 100 0.500000
52 104 0.500000
52 105 0.500000
52 106 0.500000
52 107 0.500000
52 109 0.500000
52 111 0.500000
52 112 0.500000
52 115 0.500000
52 117 0.500000
52 120 0.500000
52 125 0.500000
52 131 0.500000
52 132 0.500000
52 133 0.500000
52 134 0.500000
52 138 0.500000
52 140 0.500000
52 141 0.500000
52 144 0.500000
52 145 0.500000
52 148 0.500000
52 150 0.500000
52 152 0.500000
52 153 0.500000
52 154 0.500000
52 157 0.500000
52 159 0.500000
53 55 0.500000
53 57 0.500000
53 58 0.500000
53 61 0.500000
53 63 0.500000
53 64 0.500000
53 65 0.500000
53 66 0.500000
53 67 0.500000
53 68 0.500000
53 71 0.500000
53 72 0.500000
53 73 0.500000
53 78 0.500000
53 80 0.500000
53 81 0.500000
53 84 0.500000
53 85 0.500000
53 86 0.500000
53 88 0.500000
53 89 0.500000
53 91 0.500000
53 93 0.500000
53 94 0.500000
53 95 0.500000
53 97 0.500000
53 98 0.500000
53 100 0.500000
53 103 0.500000
53 104 0.500000
53 109 0.500000
53 111 0.500000
53 112 0.500000
53 115 0.500000
53 117 0.500000
53 119 0.500000
53 120 0.500000
53 121 0.500000
53 122 0.500000
53 123 0.500000
53 125 0.500000
53 126 0.500000
53 128 0.500000
53 130 0.500000
53 131 0.500000
53 132 0.500000
53 133 0.500000
53 135 0.500000
53 136 0.500000
53 139 0.500000
53 140 0.500000
53 141 0.500000
53 142 0.500000
53 143 0.500000
53 144 0.500000
53 145 0.500000
53 146 0.500000
53 148 0.500000
53 154 0.500000
53 156 0.500000
53 157 0.500000
53 160 0.500000
54 55 0.500000
54 60 0.500000
54 61 0.500000
54 64 0.500000
54 65 0.500000
54 66 0.500000
54 67 0.500000
54 69 0.500000
54 71 0.500000
54 75 0.500000
54 76 0.500000
54 77 0.500000
54 78 0.500000
54 79 0.500000
54 82 0.500000
54 84 0.500000
54 85 0.500000
54 86 0.500000
54 90 0.500000
54 91 0.500000
54 93 0.500000
54 95 0.500000
54 97 0.500000
54 98 0.500000
54 100 0.500000
54 103 0.500000
54 108 0.500000
54 109 0.500000
54 116 0.500000
54 117 0.500000
54 120 0.500000
54 121 0.500000
54 125 0.500000
54 129 0.500000
54 131 0.500000
54 132 0.500000
54 134 0.500000
54 136 0.500000
54 137 0.500000
54 140 0.500000
54 142 0.500000
54 144 0.500000
54 145 0.500000
54 148 0.500000
54 153 0.500000
54 155 0.500000
54 159 0.500000
55 58 0.500000
55 59 0.500000
55 60 0.500000
55 61 0.500000
55 63 0.500000
55 65 0.500000
55 67 0.500000
55 68 0.500000
55 69 0.500000
55 73 0.500000
55 76 0.500000
55 81 0.500000
55 82 0.500000
55 83 0.500000
55 84 0.500000
55 85 0.500000
55 86 0.500000
55 87 0.500000
55 88 0.500000
55 90 0.500000
55 91 0.500000
55 92 0.500000
55 96 0.500000
55 97 0.500000
55 100 0.500000
55 102 0.500000
55 105 0.500000
55 106 0.500000
55 107 0.500000
55 110 0.500000
55 112 0.500000
55 113 0.500000
55 117 0.500000
55 120 0.500000
55 121 0.500000
55 122 0.500000
55 124 0.500000
55 125 0.500000
55 127 0.500000
55 131 0.500000
55 133 0.500000
55 134 0.500000
55 137 0.500000
55 138 0.500000
55 142 0.500000
55 143 0.500000
55 145 0.500000
55 147 0.500000
55 148 0.500000
55 149 0.500000
55 150 0.500000
55 151 0.500000
55 152 0.500000
55 154 0.500000
55 156 0.500000
55 157 0.500000
55 159 0.500000
55 160 0.500000
56 57 0.500000
56 59 0.500000
56 60 0.500000
56 61 0.500000
56 62 0.500000
56 63 0.500000
56 66 0.500000
56 70 0.500000
56 73 0.500000
56 78 0.500000
56 79 0.500000
56 80 0.500000
56 83 0.500000
56 85 0.500000
56 87 0.500000
56 89 0.500000
56 90 0.500000
56 91 0.500000
56 92 0.500000
56 94 0.500000
56 95 0.500000
56 98 0.500000
56 99 0.500000
56 101 0.500000
56 102 0.500000
56 103 0.500000
56 104 0.500000
56 105 0.500000
56 107 0.500000
56 110 0.500000
56 111 0.500000
56 113 0.500000
56 114 0.500000
56 119 0.500000
56 120 0.500000
56 124 0.500000
56 129 0.500000
56 132 0.500000
56 133 0.500000
56 135 0.500000
56 136 0.500000
56 138 0.500000
56 142 0.500000
56 143 0.500000
56 144 0.500000
56 147 0.500000
56 148 0.500000
56 150 0.500000
56 151 0.500000
56 153 0.500000
56 154 0.500000
56 156 0.500000
56 157 0.500000
56 158 0.500000
56 160 0.500000
57 60 0.500000
57 63 0.500000
57 65 0.500000
57 66 0.500000
57 70 0.500000
57 74 0.500000
57 78 0.500000
57 81 0.500000
57 82 0.500000
57 83 0.500000
57 85 0.500000
57 86 0.500000
57 92 0.500000
57 94 0.500000
57 95 0.500000
57 96 0.500000
57 98 0.500000
57 100 0.500000
57 101 0.500000
57 102 0.500000
57 108 0.500000
57 109 0.500000
57 112 0.500000
57 113 0.500000
57 115 0.500000
57 117 0.500000
57 118 0.500000
57 120 0.500000
57 125 0.500000
57 127 0.500000
57 128 0.500000
57 129 0.500000
57 130 0.500000
57 135 0.500000
57 136 0.500000
57 137 0.500000
57 138 0.500000
57 141 0.500000
57 143 0.500000
57 144 0.500000
57 145 0.500000
57 147 0.500000
57 148 0.500000
57 150 0.500000
57 151 0.500000
57 153 0.500000
57 154 0.500000
57 155 0.500000
58 59 0.500000
58 62 0.500000
58 66 0.500000
58 68 0.500000
58 70 0.500000
58 71 0.500000
58 72 0.500000
58 74 0.500000
58 76 0.500000
58 78 0.500000
58 82 0.500000
58 85 0.500000
58 86 0.500000
58 88 0.500000
58 89 0.500000
58 90 0.500000
58 91 0.500000
58 92 0.500000
58 94 0.500000
58 95 0.500000
58 98 0.500000
58 101 0.500000
58 102 0.500000
58 106 0.500000
58 107 0.500000
58 109 0.500000
58 111 0.500000
58 113 0.500000
58 114 0.500000
58 116 0.500000
58 119 0.500000
58 120 0.500000
58 123 0.500000
58 124 0.500000
58 128 0.500000
58 130 0.500000
58 132 0.500000
58 133 0.500000
58 135 0.500000
58 136 0.500000
58 137 0.500000
58 138 0.500000
58 139 0.500000
58 140 0.500000
58 141 0.500000
58 144 0.500000
58 146 0.500000
58 147 0.500000
58 149 0.500000
58 150 0.500000
58 151 0.500000
58 152 0.500000
58 157 0.500000
58 160 0.500000
59 60 0.500000
59 63 0.500000
59 64 0.500000
59 66 0.500000
59 68 0.500000
59 70 0.500000
59 73 0.500000
59 74 0.500000
59 75 0.500000
59 76 0.500000
59 78 0.500000
59 81 0.500000
59 82 0.500000
59 84 0.500000
59 85 0.500000
59 89 0.500000
59 91 0.500000
59 94 0.500000
59 97 0.500000
59 98 0.500000
59 100 0.500000
59 101 0.500000
59 105 0.500000
59 106 0.500000
59 108 0.500000
59 112 0.500000
59 113 0.500000
59 115 0.500000
59 117 0.500000
59 118 0.500000
59 119 0.500000
59 121 0.500000
59 122 0.500000
59 124 0.500000
59 125 0.500000
59 126 0.500000
59 129 0.500000
59 130 0.500000
59 131 0.500000
59 132 0.500000
59 133 0.500000
59 134 0.500000
59 136 0.500000
59 137 0.500000
59 138 0.500000
59 141 0.500000
59 142 0.500000
59 145 0.500000
59 148 0.500000
59 149 0.500000
59 151 0.500000
59 152 0.500000
59 153 0.500000
59 154 0.500000
59 156 0.500000
60 62 0.500000
60 63 0.500000
60 64 0.500000
60 66 0.500000
60 67 0.500000
60 68 0.500000
60 69 0.500000
60 70 0.500000
60 71 0.500000
60 73 0.500000
60 74 0.500000
60 77 0.500000
60 80 0.500000
60 81 0.500000
60 82 0.500000
60 83 0.500000
60 84 0.500000
60 85 0.500000
60 87 0.500000
60 92 0.500000
60 95 0.500000
60 98 0.500000
60 99 0.500000
60 101 0.500000
60 103 0.500000
60 106 0.500000
60 108 0.500000
60 110 0.500000
60 111 0.500000
60 116 0.500000
60 117 0.500000
60 121 0.500000
60 122 0.500000
60 124 0.500000
60 126 0.500000
60 128 0.500000
60 129 0.500000
60 131 0.500000
60 132 0.500000
60 134 0.500000
60 135 0.500000
60 137 0.500000
60 138 0.500000
60 141 0.500000
60 143 0.500000
60 144 0.500000
60 146 0.500000
60 148 0.500000
60 150 0.500000
60 152 0.500000
60 153 0.500000
60 154 0.500000
61 62 0.500000
61 64 0.500000
61 65 0.500000
61 67 0.500000
61 68 0.500000
61 71 0.500000
61 73 0.500000
61 79 0.500000
61 83 0.500000
61 84 0.500000
61 86 0.500000
61 87 0.500000
61 88 0.500000
61 92 0.500000
61 96 0.500000
61 97 0.500000
61 98 0.500000
61 101 0.500000
61 102 0.500000
61 104 0.500000
61 105 0.500000
61 106 0.500000
61 107 0.500000
61 108 0.500000
61 117 0.500000
61 118 0.500000
61 119 0.500000
61 121 0.500000
61 122 0.500000
61 123 0.500000
61 124 0.500000
61 125 0.500000
61 126 0.500000
61 129 0.500000
61 130 0.500000
61 131 0.500000
61 132 0.500000
61 136 0.500000
61 137 0.500000
61 139 0.500000
61 141 0.500000
61 144 0.500000
61 145 0.500000
61 151 0.500000
61 153 0.500000
61 154 0.500000
61 156 0.500000
61 159 0.500000
61 160 0.500000
62 64 0.500000
62 66 0.500000
62 69 0.500000
62 77 0.500000
62 79 0.500000
62 80 0.500000
62 82 0.500000
62 83 0.500000
62 84 0.500000
62 86 0.500000
62 88 0.500000
62 90 0.500000
62 91 0.500000
62 94 0.500000
62 96 0.500000
62 99 0.500000
62 100 0.500000
62 101 0.500000
62 104 0.500000
62 105 0.500000
62 109 0.500000
62 112 0.500000
62 114 0.500000
62 116 0.500000
62 118 0.500000
62 119 0.500000
62 120 0.500000
62 121 0.500000
62 122 0.500000
62 124 0.500000
62 126 0.500000
62 128 0.500000
62 129 0.500000
62 130 0.500000
62 131 0.500000
62 133 0.500000
62 134 0.500000
62 135 0.500000
62 136 0.500000
62 138 0.500000
62 139 0.500000
62 142 0.500000
62 143 0.500000
62 144 0.500000
62 147 0.500000
62 149 0.500000
62 150 0.500000
62 151 0.500000
62 156 0.500000
63 64 0.500000
63 65 0.500000
63 66 0.500000
63 67 0.500000
63 68 0.500000
63 71 0.500000
63 73 0.500000
63 75 0.500000
63 76 0.500000
63 77 0.500000
63 78 0.500000
63 79 0.500000
63 80 0.500000
63 81 0.500000
63 82 0.500000
63 83 0.500000
63 85 0.500000
63 88 0.500000
63 90 0.500000
63 91 0.500000
63 93 0.500000
63 94 0.500000
63 95 0.500000
63 97 0.500000
63 98 0.500000
63 99 0.500000
63 102 0.500000
63 105 0.500000
63 108 0.500000
63 110 0.500000
63 111 0.500000
63 115 0.500000
63 118 0.500000
63 119 0.500000
63 122 0.500000
63 123 0.500000
63 124 0.500000
63 126 0.500000
63 131 0.500000
63 133 0.500000
63 134 0.500000
63 138 0.500000
63 139 0.500000
63 142 0.500000
63 143 0.500000
63 145 0.500000
63 146 0.500000
63 150 0.500000
63 151 0.500000
63 153 0.500000
63 154 0.500000
63 155 0.500000
63 159 0.500000
64 66 0.500000
64 68 0.500000
64 73 0.500000
64 74 0.500000
64 77 0.500000
64 78 0.500000
64 86 0.500000
64 88 0.500000
64 92 0.500000
64 95 0.500000
64 100 0.500000
64 102 0.500000
64 105 0.500000
64 107 0.500000
64 109 0.500000
64 111 0.500000
64 113 0.500000
64 114 0.500000
64 117 0.500000
64 121 0.500000
64 125 0.500000
64 127 0.500000
64 128 0.500000
64 130 0.500000
64 131 0.500000
64 132 0.500000
64 133 0.500000
64 134 0.500000
64 135 0.500000
64 137 0.500000
64 138 0.500000
64 139 0.500000
64 144 0.500000
64 146 0.500000
64 149 0.500000
64 150 0.500000
64 152 0.500000
64 154 0.500000
64 159 0.500000
65 67 0.500000
65 69 0.500000
65 70 0.500000
65 72 0.500000
65 74 0.500000
65 75 0.500000
65 77 0.500000
65 79 0.500000
65 84 0.500000
65 85 0.500000
65 86 0.500000
65 88 0.500000
65 89 0.500000
65 90 0.500000
65 94 0.500000
65 95 0.500000
65 96 0.500000
65 99 0.500000
65 100 0.500000
65 105 0.500000
65 106 0.500000
65 109 0.500000
65 112 0.500000
65 113 0.500000
65 114 0.500000
65 119 0.500000
65 120 0.500000
65 124 0.500000
65 126 0.500000
65 128 0.500000
65 130 0.500000
65 133 0.500000
65 134 0.500000
65 135 0.500000
65 136 0.500000
65 137 0.500000
65 140 0.500000
65 141 0.500000
65 145 0.500000
65 148 0.500000
65 149 0.500000
65 150 0.500000
65 151 0.500000
65 152 0.500000
65 155 0.500000
65 157 0.500000
65 158 0.500000
65 160 0.500000
66 67 0.500000
66 68 0.500000
66 71 0.500000
66 72 0.500000
66 74 0.500000
66 76 0.500000
66 77 0.500000
66 78 0.500000
66 79 0.500000
66 81 0.500000
66 82 0.500000
66 85 0.500000
66 89 0.500000
66 90 0.500000
66 91 0.500000
66 93 0.500000
66 97 0.500000
66 98 0.500000
66 99 0.500000
66 100 0.500000
66 101 0.500000
66 102 0.500000
66 104 0.500000
66 105 0.500000
66 108 0.500000
66 109 0.500000
66 111 0.500000
66 112 0.500000
66 113 0.500000
66 114 0.500000
66 115 0.500000
66 121 0.500000
66 123 0.500000
66 124 0.500000
66 125 0.500000
66 126 0.500000
66 127 0.500000
66 129 0.500000
66 130 0.500000
66 132 0.500000
66 133 0.500000
66 134 0.500000
66 135 0.500000
66 137 0.500000
66 139 0.500000
66 141 0.500000
66 144 0.500000
66 148 0.500000
66 150 0.500000
66 152 0.500000
66 153 0.500000
66 155 0.500000
66 157 0.500000
66 158 0.500000
66 160 0.500000
67 68 0.500000
67 69 0.500000
67 71 0.500000
67 72 0.500000
67 74 0.500000
67 75 0.500000
67 76 0.500000
67 77 0.500000
67 78 0.500000
67 79 0.500000
67 83 0.500000
67 84 0.500000
67 86 0.500000
67 89 0.500000
67 90 0.500000
67 92 0.500000
67 93 0.500000
67 97 0.500000
67 99 0.500000
67 100 0.500000
67 103 0.500000
67 104 0.500000
67 107 0.500000
67 108 0.500000
67 111 0.500000
67 115 0.500000
67 116 0.500000
67 120 0.500000
67 123 0.500000
67 124 0.500000
67 125 0.500000
67 129 0.500000
67 130 0.500000
67 134 0.500000
67 135 0.500000
67 136 0.500000
67 137 0.500000
67 142 0.500000
67 143 0.500000
67 144 0.500000
67 146 0.500000
67 149 0.500000
67 154 0.500000
67 156 0.500000
67 158 0.500000
67 160 0.500000
68 70 0.500000
68 71 0.500000
68 76 0.500000
68 77 0.500000
68 79 0.500000
68 80 0.500000
68 82 0.500000
68 83 0.500000
68 84 0.500000
68 88 0.500000
68 90 0.500000
68 91 0.500000
68 93 0.500000
68 94 0.500000
68 95 0.500000
68 96 0.500000
68 97 0.500000
68 100 0.500000
68 101 0.500000
68 105 0.500000
68 106 0.500000
68 107 0.500000
68 108 0.500000
68 109 0.500000
68 112 0.500000
68 115 0.500000
68 117 0.500000
68 118 0.500000
68 119 0.500000
68 120 0.500000
68 121 0.500000
68 122 0.500000
68 123 0.500000
68 125 0.500000
68 126 0.500000
68 128 0.500000
68 130 0.500000
68 131 0.500000
68 132 0.500000
68 134 0.500000
68 135 0.500000
68 136 0.500000
68 137 0.500000
68 138 0.500000
68 139 0.500000
68 140 0.500000
68 141 0.500000
68 144 0.500000
68 145 0.500000
68 147 0.500000
68 148 0.500000
68 151 0.500000
68 155 0.500000
68 156 0.500000
68 157 0.500000
68 158 0.500000
68 159 0.500000
68 160 0.500000
69 72 0.500000
69 73 0.500000
69 74 0.500000
69 78 0.500000
69 80 0.500000
69 81 0.500000
69 82 0.500000
69 83 0.500000
69 84 0.500000
69 86 0.500000
69 87 0.500000
69 88 0.500000
69 90 0.500000
69 91 0.500000
69 96 0.500000
69 99 0.500000
69 102 0.500000
69 104 0.500000
69 107 0.500000
69 108 0.500000
69 110 0.500000
69 111 0.500000
69 112 0.500000
69 113 0.500000
69 114 0.500000
69 116 0.500000
69 117 0.500000
69 118 0.500000
69 120 0.500000
69 121 0.500000
69 123 0.500000
69 125 0.500000
69 126 0.500000
69 131 0.500000
69 133 0.500000
69 135 0.500000
69 136 0.500000
69 138 0.500000
69 140 0.500000
69 141 0.500000
69 142 0.500000
69 143 0.500000
69 144 0.500000
69 145 0.500000
69 147 0.500000
69 148 0.500000
69 149 0.500000
69 151 0.500000
69 153 0.500000
69 154 0.500000
69 155 0.500000
69 158 0.500000
70 74 0.500000
70 75 0.500000
70 79 0.500000
70 81 0.500000
70 83 0.500000
70 84 0.500000
70 85 0.500000
70 89 0.500000
70 90 0.500000
70 93 0.500000
70 94 0.500000
70 97 0.500000
70 101 0.500000
70 103 0.500000
70 105 0.500000
70 108 0.500000
70 110 0.500000
70 111 0.500000
70 113 0.500000
70 120 0.500000
70 122 0.500000
70 125 0.500000
70 129 0.500000
70 130 0.500000
70 133 0.500000
70 134 0.500000
70 136 0.500000
70 140 0.500000
70 143 0.500000
70 144 0.500000
70 147 0.500000
70 148 0.500000
70 149 0.500000
70 151 0.500000
70 152 0.500000
70 155 0.500000
70 157 0.500000
70 158 0.500000
71 72 0.500000
71 80 0.500000
71 81 0.500000
71 86 0.500000
71 91 0.500000
71 93 0.500000
71 96 0.500000
71 98 0.500000
71 99 0.500000
71 100 0.500000
71 102 0.500000
71 106 0.500000
71 109 0.500000
71 110 0.500000
71 111 0.500000
71 115 0.500000
71 116 0.500000
71 117 0.500000
71 118 0.500000
71 121 0.500000
71 122 0.500000
71 125 0.500000
71 127 0.500000
71 128 0.500000
71 130 0.500000
71 131 0.500000
71 132 0.500000
71 134 0.500000
71 135 0.500000
71 137 0.500000
71 142 0.500000
71 143 0.500000
71 144 0.500000
71 145 0.500000
71 146 0.500000
71 148 0.500000
71 150 0.500000
71 151 0.500000
71 153 0.500000
71 154 0.500000
71 157 0.500000
71 158 0.500000
71 159 0.500000
71 160 0.500000
72 73 0.500000
72 77 0.500000
72 80 0.500000
72 81 0.500000
72 82 0.500000
72 83 0.500000
72 84 0.500000
72 85 0.500000
72 88 0.500000
72 90 0.500000
72 91 0.500000
72 92 0.500000
72 93 0.500000
72 98 0.500000
72 100 0.500000
72 102 0.500000
72 103 0.500000
72 104 0.500000
72 110 0.500000
72 114 0.500000
72 119 0.500000
72 122 0.500000
72 124 0.500000
72 130 0.500000
72 132 0.500000
72 134 0.500000
72 135 0.500000
72 137 0.500000
72 139 0.500000
72 140 0.500000
72 141 0.500000
72 143 0.500000
72 145 0.500000
72 146 0.500000
72 149 0.500000
72 150 0.500000
72 154 0.500000
72 156 0.500000
72 158 0.500000
72 159 0.500000
73 74 0.500000
73 77 0.500000
73 78 0.500000
73 79 0.500000
73 84 0.500000
73 85 0.500000
73 86 0.500000
73 95 0.500000
73 96 0.500000
73 98 0.500000
73 99 0.500000
73 103 0.500000
73 104 0.500000
73 106 0.500000
73 107 0.500000
73 108 0.500000
73 109 0.500000
73 110 0.500000
73 111 0.500000
73 112 0.500000
73 113 0.500000
73 116 0.500000
73 117 0.500000
73 122 0.500000
73 123 0.500000
73 126 0.500000
73 127 0.500000
73 129 0.500000
73 130 0.500000
73 132 0.500000
73 133 0.500000
73 135 0.500000
73 136 0.500000
73 137 0.500000
73 140 0.500000
73 141 0.500000
73 143 0.500000
73 146 0.500000
73 147 0.500000
73 148 0.500000
73 149 0.500000
73 150 0.500000
73 151 0.500000
73 153 0.500000
73 154 0.500000
73 155 0.500000
73 158 0.500000
74 77 0.500000
74 79 0.500000
74 81 0.500000
74 85 0.500000
74 86 0.500000
74 87 0.500000
74 88 0.500000
74 90 0.500000
74 91 0.500000
74 99 0.500000
74 100 0.500000
74 101 0.500000
74 102 0.500000
74 105 0.500000
74 106 0.500000
74 108 0.500000
74 110 0.500000
74 114 0.500000
74 117 0.500000
74 118 0.500000
74 120 0.500000
74 122 0.500000
74 125 0.500000
74 128 0.500000
74 129 0.500000
74 130 0.500000
74 131 0.500000
74 133 0.500000
74 134 0.500000
74 135 0.500000
74 136 0.500000
74 137 0.500000
74 138 0.500000
74 141 0.500000
74 142 0.500000
74 144 0.500000
74 148 0.500000
74 153 0.500000
74 154 0.500000
74 155 0.500000
74 157 0.500000
74 159 0.500000
75 76 0.500000
75 77 0.500000
75 79 0.500000
75 80 0.500000
75 82 0.500000
75 83 0.500000
75 84 0.500000
75 86 0.500000
75 89 0.500000
75 91 0.500000
75 93 0.500000
75 94 0.500000
75 96 0.500000
75 99 0.500000
75 100 0.500000
75 101 0.500000
75 105 0.500000
75 106 0.500000
75 107 0.500000
75 108 0.500000
75 110 0.500000
75 111 0.500000
75 117 0.500000
75 125 0.500000
75 126 0.500000
75 128 0.500000
75 129 0.500000
75 131 0.500000
75 133 0.500000
75 134 0.500000
75 140 0.500000
75 141 0.500000
75 143 0.500000
75 144 0.500000
75 145 0.500000
75 146 0.500000
75 149 0.500000
75 150 0.500000
75 151 0.500000
75 152 0.500000
75 156 0.500000
76 77 0.500000
76 79 0.500000
76 80 0.500000
76 82 0.500000
76 86 0.500000
76 87 0.500000
76 88 0.500000
76 91 0.500000
76 92 0.500000
76 93 0.500000
76 95 0.500000
76 97 0.500000
76 98 0.500000
76 99 0.500000
76 100 0.500000
76 101 0.500000
76 102 0.500000
76 104 0.500000
76 108 0.500000
76 110 0.500000
76 112 0.500000
76 113 0.500000
76 116 0.500000
76 118 0.500000
76 121 0.500000
76 124 0.500000
76 125 0.500000
76 127 0.500000
76 128 0.500000
76 129 0.500000
76 130 0.500000
76 132 0.500000
76 134 0.500000
76 136 0.500000
76 138 0.500000
76 139 0.500000
76 140 0.500000
76 142 0.500000
76 149 0.500000
76 151 0.500000
76 152 0.500000
76 154 0.500000
76 156 0.500000
76 157 0.500000
76 158 0.500000
76 160 0.500000
77 79 0.500000
77 81 0.500000
77 82 0.500000
77 84 0.500000
77 86 0.500000
77 89 0.500000
77 92 0.500000
77 95 0.500000
77 97 0.500000
77 98 0.500000
77 100 0.500000
77 104 0.500000
77 107 0.500000
77 108 0.500000
77 110 0.500000
77 116 0.500000
77 117 0.500000
77 118 0.500000
77 120 0.500000
77 123 0.500000
77 124 0.500000
77 125 0.500000
77 127 0.500000
77 128 0.500000
77 133 0.500000
77 137 0.500000
77 139 0.500000
77 142 0.500000
77 143 0.500000
77 144 0.500000
77 145 0.500000
77 148 0.500000
77 151 0.500000
77 152 0.500000
77 153 0.500000
77 154 0.500000
77 159 0.500000
78 82 0.500000
78 84 0.500000
78 87 0.500000
78 88 0.500000
78 89 0.500000
78 90 0.500000
78 91 0.500000
78 92 0.500000
78 93 0.500000
78 94 0.500000
78 100 0.500000
78 101 0.500000
78 105 0.500000
78 106 0.500000
78 107 0.500000
78 110 0.500000
78 112 0.500000
78 113 0.500000
78 115 0.500000
78 116 0.500000
78 121 0.500000
78 123 0.500000
78 124 0.500000
78 125 0.500000
78 127 0.500000
78 129 0.500000
78 131 0.500000
78 134 0.500000
78 136 0.500000
78 137 0.500000
78 139 0.500000
78 140 0.500000
78 141 0.500000
78 142 0.500000
78 147 0.500000
78 150 0.500000
78 152 0.500000
78 153 0.500000
78 156 0.500000
78 159 0.500000
78 160 0.500000
79 82 0.500000
79 84 0.500000
79 87 0.500000
79 88 0.500000
79 90 0.500000
79 91 0.500000
79 93 0.500000
79 94 0.500000
79 96 0.500000
79 97 0.500000
79 98 0.500000
79 99 0.500000
79 101 0.500000
79 104 0.500000
79 106 0.500000
79 107 0.500000
79 108 0.500000
79 110 0.500000
79 112 0.500000
79 114 0.500000
79 119 0.500000
79 121 0.500000
79 124 0.500000
79 126 0.500000
79 127 0.500000
79 128 0.500000
79 130 0.500000
79 131 0.500000
79 132 0.500000
79 135 0.500000
79 139 0.500000
79 140 0.500000
79 141 0.500000
79 143 0.500000
79 147 0.500000
79 149 0.500000
79 150 0.500000
79 151 0.500000
79 152 0.500000
79 153 0.500000
79 154 0.500000
79 155 0.500000
79 158 0.500000
79 160 0.500000
80 82 0.500000
80 83 0.500000
80 84 0.500000
80 85 0.500000
80 86 0.500000
80 87 0.500000
80 94 0.500000
80 95 0.500000
80 97 0.500000
80 100 0.500000
80 102 0.500000
80 104 0.500000
80 105 0.500000
80 107 0.500000
80 111 0.500000
80 112 0.500000
80 113 0.500000
80 115 0.500000
80 116 0.500000
80 121 0.500000
80 122 0.500000
80 123 0.500000
80 124 0.500000
80 128 0.500000
80 133 0.500000
80 135 0.500000
80 137 0.500000
80 141 0.500000
80 144 0.500000
80 151 0.500000
80 155 0.500000
80 156 0.500000
80 158 0.500000
80 159 0.500000
81 82 0.500000
81 84 0.500000
81 85 0.500000
81 87 0.500000
81 88 0.500000
81 93 0.500000
81 95 0.500000
81 98 0.500000
81 99 0.500000
81 101 0.500000
81 104 0.500000
81 105 0.500000
81 109 0.500000
81 111 0.500000
81 112 0.500000
81 113 0.500000
81 117 0.500000
81 119 0.500000
81 121 0.500000
81 123 0.500000
81 124 0.500000
81 125 0.500000
81 131 0.500000
81 137 0.500000
81 138 0.500000
81 141 0.500000
81 144 0.500000
81 147 0.500000
81 149 0.500000
81 151 0.500000
81 153 0.500000
81 154 0.500000
81 158 0.500000
81 159 0.500000
82 83 0.500000
82 86 0.500000
82 87 0.500000
82 88 0.500000
82 89 0.500000
82 90 0.500000
82 91 0.500000
82 96 0.500000
82 99 0.500000
82 100 0.500000
82 102 0.500000
82 103 0.500000
82 104 0.500000
82 105 0.500000
82 107 0.500000
82 108 0.500000
82 113 0.500000
82 114 0.500000
82 117 0.500000
82 119 0.500000
82 121 0.500000
82 123 0.500000
82 124 0.500000
82 128 0.500000
82 129 0.500000
82 132 0.500000
82 134 0.500000
82 136 0.500000
82 138 0.500000
82 139 0.500000
82 140 0.500000
82 141 0.500000
82 142 0.500000
82 144 0.500000
82 146 0.500000
82 147 0.500000
82 149 0.500000
82 151 0.500000
82 156 0.500000
82 158 0.500000
82 160 0.500000
83 85 0.500000
83 86 0.500000
83 88 0.500000
83 89 0.500000
83 90 0.500000
83 94 0.500000
83 96 0.500000
83 101 0.500000
83 102 0.500000
83 104 0.500000
83 105 0.500000
83 107 0.500000
83 110 0.500000
83 111 0.500000
83 112 0.500000
83 113 0.500000
83 117 0.500000
83 119 0.500000
83 121 0.500000
83 122 0.500000
83 124 0.500000
83 127 0.500000
83 129 0.500000
83 134 0.500000
83 135 0.500000
83 137 0.500000
83 140 0.500000
83 142 0.500000
83 143 0.500000
83 145 0.500000
83 146 0.500000
83 147 0.500000
83 149 0.500000
83 152 0.500000
83 154 0.500000
83 155 0.500000
83 156 0.500000
83 159 0.500000
83 160 0.500000
84 86 0.500000
84 87 0.500000
84 88 0.500000
84 91 0.500000
84 92 0.500000
84 95 0.500000
84 96 0.500000
84 100 0.500000
84 104 0.500000
84 108 0.500000
84 112 0.500000
84 114 0.500000
84 118 0.500000
84 120 0.500000
84 121 0.500000
84 122 0.500000
84 123 0.500000
84 124 0.500000
84 129 0.500000
84 133 0.500000
84 137 0.500000
84 141 0.500000
84 142 0.500000
84 143 0.500000
84 147 0.500000
84 148 0.500000
84 149 0.500000
84 150 0.500000
84 153 0.500000
84 157 0.500000
84 158 0.500000
84 159 0.500000
84 160 0.500000
85 88 0.500000
85 90 0.500000
85 92 0.500000
85 95 0.500000
85 97 0.500000
85 98 0.500000
85 100 0.500000
85 102 0.500000
85 105 0.500000
85 107 0.500000
85 109 0.500000
85 110 0.500000
85 111 0.500000
85 121 0.500000
85 124 0.500000
85 125 0.500000
85 126 0.500000
85 127 0.500000
85 133 0.500000
85 134 0.500000
85 135 0.500000
85 137 0.500000
85 138 0.500000
85 140 0.500000
85 142 0.500000
85 143 0.500000
85 147 0.500000
85 148 0.500000
85 149 0.500000
85 152 0.500000
85 153 0.500000
85 154 0.500000
85 155 0.500000
85 156 0.500000
85 158 0.500000
85 159 0.500000
85 160 0.500000
86 90 0.500000
86 91 0.500000
86 93 0.500000
86 94 0.500000
86 95 0.500000
86 96 0.500000
86 98 0.500000
86 101 0.500000
86 103 0.500000
86 107 0.500000
86 110 0.500000
86 117 0.500000
86 119 0.500000
86 120 0.500000
86 121 0.500000
86 123 0.500000
86 124 0.500000
86 125 0.500000
86 126 0.500000
86 127 0.500000
86 128 0.500000
86 129 0.500000
86 131 0.500000
86 137 0.500000
86 141 0.500000
86 143 0.500000
86 144 0.500000
86 145 0.500000
86 147 0.500000
86 150 0.500000
86 151 0.500000
86 154 0.500000
86 155 0.500000
86 156 0.500000
87 90 0.500000
87 92 0.500000
87 94 0.500000
87 95 0.500000
87 96 0.500000
87 99 0.500000
87 100 0.500000
87 102 0.500000
87 104 0.500000
87 105 0.500000
87 108 0.500000
87 109 0.500000
87 110 0.500000
87 111 0.500000
87 112 0.500000
87 113 0.500000
87 114 0.500000
87 117 0.500000
87 119 0.500000
87 123 0.500000
87 128 0.500000
87 129 0.500000
87 135 0.500000
87 138 0.500000
87 139 0.500000
87 140 0.500000
87 141 0.500000
87 143 0.500000
87 148 0.500000
87 149 0.500000
87 151 0.500000
87 152 0.500000
87 156 0.500000
87 158 0.500000
87 160 0.500000
88 89 0.500000
88 90 0.500000
88 92 0.500000
88 96 0.500000
88 99 0.500000
88 100 0.500000
88 103 0.500000
88 106 0.500000
88 107 0.500000
88 113 0.500000
88 114 0.500000
88 115 0.500000
88 116 0.500000
88 117 0.500000
88 118 0.500000
88 119 0.500000
88 123 0.500000
88 124 0.500000
88 125 0.500000
88 127 0.500000
88 128 0.500000
88 129 0.500000
88 132 0.500000
88 133 0.500000
88 134 0.500000
88 135 0.500000
88 137 0.500000
88 139 0.500000
88 140 0.500000
88 141 0.500000
88 143 0.500000
88 145 0.500000
88 146 0.500000
88 151 0.500000
88 152 0.500000
88 154 0.500000
88 156 0.500000
88 157 0.500000
88 159 0.500000
89 91 0.500000
89 94 0.500000
89 96 0.500000
89 98 0.500000
89 99 0.500000
89 102 0.500000
89 103 0.500000
89 104 0.500000
89 106 0.500000
89 107 0.500000
89 113 0.500000
89 120 0.500000
89 121 0.500000
89 126 0.500000
89 127 0.500000
89 128 0.500000
89 133 0.500000
89 134 0.500000
89 135 0.500000
89 136 0.500000
89 140 0.500000
89 142 0.500000
89 146 0.500000
89 147 0.500000
89 150 0.500000
89 151 0.500000
89 152 0.500000
89 156 0.500000
89 157 0.500000
89 158 0.500000
89 159 0.500000
89 160 0.500000
90 91 0.500000
90 92 0.500000
90 93 0.500000
90 94 0.500000
90 95 0.500000
90 98 0.500000
90 99 0.500000
90 100 0.500000
90 102 0.500000
90 103 0.500000
90 107 0.500000
90 108 0.500000
90 110 0.500000
90 111 0.500000
90 112 0.500000
90 114 0.500000
90 115 0.500000
90 118 0.500000
90 120 0.500000
90 125 0.500000
90 126 0.500000
90 129 0.500000
90 134 0.500000
90 135 0.500000
90 136 0.500000
90 138 0.500000
90 141 0.500000
90 144 0.500000
90 145 0.500000
90 147 0.500000
90 151 0.500000
90 152 0.500000
90 153 0.500000
90 157 0.500000
90 159 0.500000
90 160 0.500000
91 92 0.500000
91 94 0.500000
91 96 0.500000
91 99 0.500000
91 100 0.500000
91 102 0.500000
91 105 0.500000
91 107 0.500000
91 108 0.500000
91 109 0.500000
91 110 0.500000
91 112 0.500000
91 116 0.500000
91 117 0.500000
91 118 0.500000
91 119 0.500000
91 120 0.500000
91 122 0.500000
91 123 0.500000
91 124 0.500000
91 125 0.500000
91 126 0.500000
91 127 0.500000
91 128 0.500000
91 131 0.500000
91 138 0.500000
91 139 0.500000
91 140 0.500000
91 143 0.500000
91 144 0.500000
91 149 0.500000
91 150 0.500000
91 151 0.500000
91 152 0.500000
91 157 0.500000
91 159 0.500000
91 160 0.500000
92 93 0.500000
92 95 0.500000
92 97 0.500000
92 98 0.500000
92 99 0.500000
92 101 0.500000
92 104 0.500000
92 106 0.500000
92 109 0.500000
92 110 0.500000
92 114 0.500000
92 115 0.500000
92 118 0.500000
92 120 0.500000
92 121 0.500000
92 123 0.500000
92 125 0.500000
92 132 0.500000
92 133 0.500000
92 134 0.500000
92 135 0.500000
92 136 0.500000
92 139 0.500000
92 145 0.500000
92 147 0.500000
92 151 0.500000
92 155 0.500000
92 156 0.500000
92 158 0.500000
92 160 0.500000
93 96 0.500000
93 97 0.500000
93 100 0.500000
93 102 0.500000
93 106 0.500000
93 109 0.500000
93 112 0.500000
93 115 0.500000
93 117 0.500000
93 119 0.500000
93 123 0.500000
93 124 0.500000
93 125 0.500000
93 129 0.500000
93 132 0.500000
93 134 0.500000
93 135 0.500000
93 137 0.500000
93 138 0.500000
93 140 0.500000
93 141 0.500000
93 142 0.500000
93 145 0.500000
93 147 0.500000
93 149 0.500000
93 151 0.500000
93 152 0.500000
93 154 0.500000
93 155 0.500000
93 157 0.500000
93 159 0.500000
93 160 0.500000
94 95 0.500000
94 96 0.500000
94 97 0.500000
94 99 0.500000
94 101 0.500000
94 102 0.500000
94 103 0.500000
94 105 0.500000
94 106 0.500000
94 112 0.500000
94 113 0.500000
94 116 0.500000
94 117 0.500000
94 118 0.500000
94 120 0.500000
94 122 0.500000
94 126 0.500000
94 127 0.500000
94 128 0.500000
94 129 0.500000
94 130 0.500000
94 131 0.500000
94 135 0.500000
94 136 0.500000
94 137 0.500000
94 138 0.500000
94 139 0.500000
94 142 0.500000
94 144 0.500000
94 145 0.500000
94 147 0.500000
94 151 0.500000
94 152 0.500000
94 153 0.500000
94 154 0.500000
94 155 0.500000
94 156 0.500000
94 157 0.500000
94 158 0.500000
94 159 0.500000
94 160 0.500000
95 97 0.500000
95 100 0.500000
95 107 0.500000
95 112 0.500000
95 113 0.500000
95 116 0.500000
95 119 0.500000
95 120 0.500000
95 121 0.500000
95 123 0.500000
95 125 0.500000
95 126 0.500000
95 127 0.500000
95 128 0.500000
95 133 0.500000
95 135 0.500000
95 136 0.500000
95 137 0.500000
95 138 0.500000
95 139 0.500000
95 141 0.500000
95 142 0.500000
95 145 0.500000
95 147 0.500000
95 149 0.500000
95 151 0.500000
95 152 0.500000
95 153 0.500000
95 154 0.500000
95 159 0.500000
96 98 0.500000
96 99 0.500000
96 101 0.500000
96 103 0.500000
96 104 0.500000
96 105 0.500000
96 107 0.500000
96 108 0.500000
96 109 0.500000
96 110 0.500000
96 114 0.500000
96 116 0.500000
96 117 0.500000
96 118 0.500000
96 121 0.500000
96 125 0.500000
96 126 0.500000
96 127 0.500000
96 131 0.500000
96 134 0.500000
96 138 0.500000
96 139 0.500000
96 141 0.500000
96 142 0.500000
96 143 0.500000
96 144 0.500000
96 147 0.500000
96 148 0.500000
96 150 0.500000
96 152 0.500000
96 153 0.500000
96 154 0.500000
96 155 0.500000
96 156 0.500000
96 157 0.500000
97 101 0.500000
97 104 0.500000
97 105 0.500000
97 108 0.500000
97 110 0.500000
97 112 0.500000
97 113 0.500000
97 114 0.500000
97 119 0.500000
97 121 0.500000
97 128 0.500000
97 129 0.500000
97 132 0.500000
97 136 0.500000
97 137 0.500000
97 139 0.500000
97 140 0.500000
97 141 0.500000
97 146 0.500000
97 148 0.500000
97 151 0.500000
97 153 0.500000
97 154 0.500000
97 156 0.500000
97 159 0.500000
97 160 0.500000
98 101 0.500000
98 102 0.500000
98 105 0.500000
98 107 0.500000
98 113 0.500000
98 121 0.500000
98 123 0.500000
98 125 0.500000
98 126 0.500000
98 127 0.500000
98 128 0.500000
98 130 0.500000
98 131 0.500000
98 133 0.500000
98 134 0.500000
98 137 0.500000
98 138 0.500000
98 143 0.500000
98 145 0.500000
98 146 0.500000
98 147 0.500000
98 148 0.500000
98 149 0.500000
98 150 0.500000
98 151 0.500000
98 156 0.500000
98 159 0.500000
99 104 0.500000
99 105 0.500000
99 106 0.500000
99 109 0.500000
99 112 0.500000
99 113 0.500000
99 114 0.500000
99 119 0.500000
99 120 0.500000
99 121 0.500000
99 124 0.500000
99 126 0.500000
99 127 0.500000
99 128 0.500000
99 129 0.500000
99 132 0.500000
99 134 0.500000
99 135 0.500000
99 138 0.500000
99 139 0.500000
99 140 0.500000
99 142 0.500000
99 143 0.500000
99 146 0.500000
99 147 0.500000
99 150 0.500000
99 153 0.500000
99 157 0.500000
99 159 0.500000
99 160 0.500000
100 101 0.500000
100 104 0.500000
100 106 0.500000
100 107 0.500000
100 110 0.500000
100 114 0.500000
100 115 0.500000
100 116 0.500000
100 120 0.500000
100 121 0.500000
100 122 0.500000
100 124 0.500000
100 125 0.500000
100 127 0.500000
100 132 0.500000
100 133 0.500000
100 135 0.500000
100 136 0.500000
100 137 0.500000
100 139 0.500000
100 142 0.500000
100 148 0.500000
100 149 0.500000
100 154 0.500000
100 160 0.500000
101 104 0.500000
101 105 0.500000
101 108 0.500000
101 110 0.500000
101 111 0.500000
101 118 0.500000
101 119 0.500000
101 120 0.500000
101 125 0.500000
101 126 0.500000
101 127 0.500000
101 129 0.500000
101 130 0.500000
101 132 0.500000
101 134 0.500000
101 135 0.500000
101 136 0.500000
101 137 0.500000
101 138 0.500000
101 139 0.500000
101 141 0.500000
101 144 0.500000
101 145 0.500000
101 146 0.500000
101 148 0.500000
101 150 0.500000
101 151 0.500000
101 152 0.500000
101 154 0.500000
101 160 0.500000
102 104 0.500000
102 105 0.500000
102 106 0.500000
102 108 0.500000
102 110 0.500000
102 111 0.500000
102 113 0.500000
102 114 0.500000
102 115 0.500000
102 117 0.500000
102 118 0.500000
102 119 0.500000
102 120 0.500000
102 123 0.500000
102 124 0.500000
102 126 0.500000
102 129 0.500000
102 133 0.500000
102 137 0.500000
102 141 0.500000
102 145 0.500000
102 150 0.500000
102 151 0.500000
102 152 0.500000
102 158 0.500000
102 159 0.500000
103 104 0.500000
103 106 0.500000
103 107 0.500000
103 108 0.500000
103 109 0.500000
103 110 0.500000
103 112 0.500000
103 114 0.500000
103 118 0.500000
103 120 0.500000
103 123 0.500000
103 129 0.500000
103 130 0.500000
103 131 0.500000
103 132 0.500000
103 134 0.500000
103 137 0.500000
103 139 0.500000
103 143 0.500000
103 145 0.500000
103 147 0.500000
103 150 0.500000
103 152 0.500000
103 153 0.500000
103 158 0.500000
103 159 0.500000
103 160 0.500000
104 105 0.500000
104 106 0.500000
104 107 0.500000
104 109 0.500000
104 112 0.500000
104 113 0.500000
104 114 0.500000
104 116 0.500000
104 117 0.500000
104 120 0.500000
104 124 0.500000
104 129 0.500000
104 133 0.500000
104 134 0.500000
104 136 0.500000
104 137 0.500000
104 141 0.500000
104 145 0.500000
104 153 0.500000
104 154 0.500000
104 156 0.500000
104 157 0.500000
104 160 0.500000
105 106 0.500000
105 110 0.500000
105 111 0.500000
105 113 0.500000
105 114 0.500000
105 115 0.500000
105 117 0.500000
105 118 0.500000
105 120 0.500000
105 121 0.500000
105 123 0.500000
105 124 0.500000
105 126 0.500000
105 128 0.500000
105 129 0.500000
105 131 0.500000
105 134 0.500000
105 136 0.500000
105 137 0.500000
105 138 0.500000
105 139 0.500000
105 140 0.500000
105 141 0.500000
105 143 0.500000
105 153 0.500000
105 154 0.500000
105 155 0.500000
105 156 0.500000
105 157 0.500000
105 159 0.500000
106 107 0.500000
106 109 0.500000
106 112 0.500000
106 117 0.500000
106 118 0.500000
106 122 0.500000
106 123 0.500000
106 124 0.500000
106 125 0.500000
106 127 0.500000
106 128 0.500000
106 129 0.500000
106 131 0.500000
106 133 0.500000
106 134 0.500000
106 136 0.500000
106 138 0.500000
106 139 0.500000
106 141 0.500000
106 142 0.500000
106 143 0.500000
106 144 0.500000
106 145 0.500000
106 146 0.500000
106 147 0.500000
106 149 0.500000
106 150 0.500000
106 151 0.500000
106 152 0.500000
106 154 0.500000
106 155 0.500000
106 157 0.500000
106 158 0.500000
106 160 0.500000
107 109 0.500000
107 110 0.500000
107 111 0.500000
107 112 0.500000
107 115 0.500000
107 116 0.500000
107 117 0.500000
107 119 0.500000
107 121 0.500000
107 123 0.500000
107 125 0.500000
107 126 0.500000
107 128 0.500000
107 129 0.500000
107 135 0.500000
107 136 0.500000
107 139 0.500000
107 142 0.500000
107 144 0.500000
107 145 0.500000
107 147 0.500000
107 149 0.500000
107 151 0.500000
107 152 0.500000
107 153 0.500000
107 154 0.500000
107 156 0.500000
107 157 0.500000
107 159 0.500000
108 110 0.500000
108 114 0.500000
108 115 0.500000
108 116 0.500000
108 117 0.500000
108 118 0.500000
108 119 0.500000
108 120 0.500000
108 121 0.500000
108 123 0.500000
108 124 0.500000
108 125 0.500000
108 126 0.500000
108 129 0.500000
108 130 0.500000
108 131 0.500000
108 136 0.500000
108 137 0.500000
108 138 0.500000
108 142 0.500000
108 143 0.500000
108 144 0.500000
108 145 0.500000
108 147 0.500000
108 148 0.500000
108 150 0.500000
108 152 0.500000
108 154 0.500000
108 157 0.500000
108 159 0.500000
108 160 0.500000
109 110 0.500000
109 114 0.500000
109 116 0.500000
109 117 0.500000
109 118 0.500000
109 122 0.500000
109 124 0.500000
109 126 0.500000
109 129 0.500000
109 131 0.500000
109 132 0.500000
109 133 0.500000
109 135 0.500000
109 136 0.500000
109 140 0.500000
109 141 0.500000
109 144 0.500000
109 145 0.500000
109 147 0.500000
109 149 0.500000
109 150 0.500000
109 152 0.500000
109 153 0.500000
109 155 0.500000
109 156 0.500000
109 159 0.500000
110 112 0.500000
110 114 0.500000
110 116 0.500000
110 119 0.500000
110 121 0.500000
110 122 0.500000
110 123 0.500000
110 124 0.500000
110 126 0.500000
110 128 0.500000
110 131 0.500000
110 132 0.500000
110 133 0.500000
110 134 0.500000
110 138 0.500000
110 139 0.500000
110 145 0.500000
110 147 0.500000
110 149 0.500000
110 150 0.500000
110 151 0.500000
110 152 0.500000
110 153 0.500000
110 154 0.500000
110 155 0.500000
110 157 0.500000
110 158 0.500000
110 160 0.500000
111 114 0.500000
111 121 0.500000
111 122 0.500000
111 124 0.500000
111 126 0.500000
111 129 0.500000
111 130 0.500000
111 131 0.500000
111 135 0.500000
111 142 0.500000
111 143 0.500000
111 145 0.500000
111 147 0.500000
111 148 0.500000
111 150 0.500000
111 151 0.500000
111 155 0.500000
111 158 0.500000
111 159 0.500000
111 160 0.500000
112 116 0.500000
112 117 0.500000
112 118 0.500000
112 119 0.500000
112 120 0.500000
112 122 0.500000
112 124 0.500000
112 125 0.500000
112 126 0.500000
112 128 0.500000
112 131 0.500000
112 133 0.500000
112 134 0.500000
112 135 0.500000
112 136 0.500000
112 138 0.500000
112 139 0.500000
112 141 0.500000
112 142 0.500000
112 145 0.500000
112 149 0.500000
112 152 0.500000
112 153 0.500000
112 156 0.500000
112 157 0.500000
112 159 0.500000
112 160 0.500000
113 119 0.500000
113 120 0.500000
113 122 0.500000
113 125 0.500000
113 126 0.500000
113 128 0.500000
113 129 0.500000
113 130 0.500000
113 133 0.500000
113 138 0.500000
113 141 0.500000
113 143 0.500000
113 144 0.500000
113 145 0.500000
113 147 0.500000
113 148 0.500000
113 149 0.500000
113 152 0.500000
113 156 0.500000
113 158 0.500000
114 115 0.500000
114 117 0.500000
114 120 0.500000
114 121 0.500000
114 125 0.500000
114 126 0.500000
114 127 0.500000
114 128 0.500000
114 129 0.500000
114 130 0.500000
114 134 0.500000
114 135 0.500000
114 145 0.500000
114 147 0.500000
114 149 0.500000
114 151 0.500000
114 154 0.500000
114 155 0.500000
114 156 0.500000
114 158 0.500000
114 159 0.500000
114 160 0.500000
115 116 0.500000
115 119 0.500000
115 121 0.500000
115 127 0.500000
115 129 0.500000
115 132 0.500000
115 134 0.500000
115 135 0.500000
115 138 0.500000
115 140 0.500000
115 144 0.500000
115 146 0.500000
115 148 0.500000
115 149 0.500000
115 153 0.500000
115 154 0.500000
115 155 0.500000
115 159 0.500000
115 160 0.500000
116 117 0.500000
116 118 0.500000
116 120 0.500000
116 121 0.500000
116 122 0.500000
116 124 0.500000
116 125 0.500000
116 127 0.500000
116 129 0.500000
116 131 0.500000
116 133 0.500000
116 134 0.500000
116 135 0.500000
116 138 0.500000
116 139 0.500000
116 142 0.500000
116 143 0.500000
116 145 0.500000
116 147 0.500000
116 148 0.500000
116 149 0.500000
116 151 0.500000
116 152 0.500000
116 153 0.500000
116 154 0.500000
116 157 0.500000
116 158 0.500000
117 118 0.500000
117 119 0.500000
117 121 0.500000
117 125 0.500000
117 128 0.500000
117 131 0.500000
117 134 0.500000
117 135 0.500000
117 138 0.500000
117 140 0.500000
117 142 0.500000
117 144 0.500000
117 146 0.500000
117 148 0.500000
117 150 0.500000
117 151 0.500000
117 153 0.500000
117 154 0.500000
117 155 0.500000
117 157 0.500000
117 159 0.500000
117 160 0.500000
118 121 0.500000
118 123 0.500000
118 128 0.500000
118 129 0.500000
118 132 0.500000
118 133 0.500000
118 135 0.500000
118 138 0.500000
118 139 0.500000
118 142 0.500000
118 145 0.500000
118 146 0.500000
118 148 0.500000
118 150 0.500000
118 154 0.500000
118 156 0.500000
119 120 0.500000
119 123 0.500000
119 124 0.500000
119 127 0.500000
119 129 0.500000
119 131 0.500000
119 132 0.500000
119 133 0.500000
119 136 0.500000
119 137 0.500000
119 138 0.500000
119 142 0.500000
119 145 0.500000
119 146 0.500000
119 150 0.500000
119 151 0.500000
119 154 0.500000
119 156 0.500000
119 157 0.500000
119 158 0.500000
120 122 0.500000
120 124 0.500000
120 125 0.500000
120 127 0.500000
120 129 0.500000
120 130 0.500000
120 132 0.500000
120 134 0.500000
120 135 0.500000
120 136 0.500000
120 138 0.500000
120 142 0.500000
120 144 0.500000
120 149 0.500000
120 150 0.500000
120 152 0.500000
120 155 0.500000
120 156 0.500000
121 122 0.500000
121 124 0.500000
121 125 0.500000
121 132 0.500000
121 135 0.500000
121 136 0.500000
121 137 0.500000
121 139 0.500000
121 142 0.500000
121 144 0.500000
121 145 0.500000
121 146 0.500000
121 147 0.500000
121 150 0.500000
121 154 0.500000
121 155 0.500000
121 156 0.500000
122 125 0.500000
122 126 0.500000
122 127 0.500000
122 128 0.500000
122 129 0.500000
122 133 0.500000
122 135 0.500000
122 137 0.500000
122 140 0.500000
122 141 0.500000
122 143 0.500000
122 144 0.500000
122 145 0.500000
122 146 0.500000
122 147 0.500000
122 148 0.500000
122 149 0.500000
122 152 0.500000
122 153 0.500000
122 155 0.500000
122 159 0.500000
122 160 0.500000
123 125 0.500000
123 126 0.500000
123 134 0.500000
123 135 0.500000
123 136 0.500000
123 139 0.500000
123 141 0.500000
123 146 0.500000
123 151 0.500000
123 152 0.500000
123 153 0.500000
123 154 0.500000
123 157 0.500000
123 159 0.500000
124 126 0.500000
124 128 0.500000
124 129 0.500000
124 130 0.500000
124 131 0.500000
124 132 0.500000
124 133 0.500000
124 134 0.500000
124 137 0.500000
124 138 0.500000
124 144 0.500000
124 145 0.500000
124 147 0.500000
124 157 0.500000
125 130 0.500000
125 132 0.500000
125 134 0.500000
125 136 0.500000
125 137 0.500000
125 140 0.500000
125 141 0.500000
125 142 0.500000
125 143 0.500000
125 145 0.500000
125 147 0.500000
125 148 0.500000
125 149 0.500000
125 150 0.500000
125 152 0.500000
125 153 0.500000
125 154 0.500000
125 156 0.500000
125 157 0.500000
125 158 0.500000
125 159 0.500000
125 160 0.500000
126 127 0.500000
126 130 0.500000
126 131 0.500000
126 133 0.500000
126 136 0.500000
126 140 0.500000
126 143 0.500000
126 145 0.500000
126 147 0.500000
126 148 0.500000
126 150 0.500000
126 152 0.500000
126 156 0.500000
126 159 0.500000
126 160 0.500000
127 128 0.500000
127 130 0.500000
127 133 0.500000
127 134 0.500000
127 135 0.500000
127 137 0.500000
127 140 0.500000
127 142 0.500000
127 143 0.500000
127 144 0.500000
127 146 0.500000
127 147 0.500000
127 148 0.500000
127 152 0.500000
127 155 0.500000
127 157 0.500000
127 159 0.500000
127 160 0.500000
128 129 0.500000
128 131 0.500000
128 132 0.500000
128 133 0.500000
128 134 0.500000
128 135 0.500000
128 137 0.500000
128 139 0.500000
128 141 0.500000
128 144 0.500000
128 147 0.500000
128 148 0.500000
128 149 0.500000
128 151 0.500000
128 153 0.500000
128 156 0.500000
128 159 0.500000
129 130 0.500000
129 133 0.500000
129 134 0.500000
129 135 0.500000
129 137 0.500000
129 139 0.500000
129 140 0.500000
129 142 0.500000
129 144 0.500000
129 146 0.500000
129 148 0.500000
129 149 0.500000
129 155 0.500000
130 131 0.500000
130 134 0.500000
130 137 0.500000
130 139 0.500000
130 142 0.500000
130 144 0.500000
130 149 0.500000
130 151 0.500000
130 152 0.500000
130 153 0.500000
130 154 0.500000
130 157 0.500000
130 159 0.500000
131 132 0.500000
131 133 0.500000
131 134 0.500000
131 136 0.500000
131 137 0.500000
131 140 0.500000
131 145 0.500000
131 146 0.500000
131 147 0.500000
131 148 0.500000
131 149 0.500000
131 151 0.500000
131 152 0.500000
131 154 0.500000
131 155 0.500000
131 156 0.500000
131 157 0.500000
131 158 0.500000
131 159 0.500000
131 160 0.500000
132 133 0.500000
132 134 0.500000
132 135 0.500000
132 136 0.500000
132 138 0.500000
132 141 0.500000
132 146 0.500000
132 148 0.500000
132 152 0.500000
132 154 0.500000
132 155 0.500000
132 156 0.500000
132 157 0.500000
132 158 0.500000
133 135 0.500000
133 136 0.500000
133 137 0.500000
133 139 0.500000
133 140 0.500000
133 141 0.500000
133 143 0.500000
133 155 0.500000
133 156 0.500000
133 159 0.500000
134 135 0.500000
134 136 0.500000
134 137 0.500000
134 140 0.500000
134 141 0.500000
134 142 0.500000
134 144 0.500000
134 146 0.500000
134 149 0.500000
134 150 0.500000
134 153 0.500000
134 154 0.500000
134 155 0.500000
134 158 0.500000
134 159 0.500000
134 160 0.500000
135 136 0.500000
135 137 0.500000
135 138 0.500000
135 142 0.500000
135 143 0.500000
135 144 0.500000
135 146 0.500000
135 147 0.500000
135 149 0.500000
135 151 0.500000
135 154 0.500000
135 156 0.500000
135 158 0.500000
135 160 0.500000
136 148 0.500000
136 149 0.500000
136 151 0.500000
136 153 0.500000
136 155 0.500000
136 158 0.500000
137 141 0.500000
137 144 0.500000
137 145 0.500000
137 147 0.500000
137 148 0.500000
137 150 0.500000
137 152 0.500000
137 153 0.500000
137 156 0.500000
137 157 0.500000
137 160 0.500000
138 140 0.500000
138 144 0.500000
138 146 0.500000
138 147 0.500000
138 150 0.500000
138 154 0.500000
138 155 0.500000
138 156 0.500000
138 157 0.500000
138 159 0.500000
138 160 0.500000
139 140 0.500000
139 142 0.500000
139 144 0.500000
139 146 0.500000
139 148 0.500000
139 149 0.500000
139 150 0.500000
139 152 0.500000
139 153 0.500000
139 158 0.500000
139 159 0.500000
140 142 0.500000
140 143 0.500000
140 149 0.500000
140 150 0.500000
140 151 0.500000
140 152 0.500000
140 153 0.500000
140 154 0.500000
140 155 0.500000
140 159 0.500000
140 160 0.500000
141 145 0.500000
141 147 0.500000
141 152 0.500000
141 153 0.500000
141 156 0.500000
141 158 0.500000
141 159 0.500000
142 143 0.500000
142 148 0.500000
142 149 0.500000
142 150 0.500000
142 151 0.500000
142 153 0.500000
142 154 0.500000
142 156 0.500000
142 157 0.500000
142 159 0.500000
142 160 0.500000
143 144 0.500000
143 146 0.500000
143 147 0.500000
143 149 0.500000
143 152 0.500000
143 157 0.500000
143 159 0.500000
144 146 0.500000
144 149 0.500000
144 150 0.500000
144 151 0.500000
144 153 0.500000
144 154 0.500000
144 155 0.500000
144 156 0.500000
144 157 0.500000
144 158 0.500000
144 160 0.500000
145 147 0.500000
145 148 0.500000
145 149 0.500000
145 150 0.500000
145 153 0.500000
145 154 0.500000
145 155 0.500000
145 157 0.500000
145 158 0.500000
145 159 0.500000
145 160 0.500000
146 147 0.500000
146 148 0.500000
146 151 0.500000
146 152 0.500000
146 154 0.500000
146 155 0.500000
146 156 0.500000
146 159 0.500000
147 149 0.500000
147 150 0.500000
147 154 0.500000
147 156 0.500000
147 157 0.500000
147 159 0.500000
147 160 0.500000
148 149 0.500000
148 150 0.500000
148 152 0.500000
148 155 0.500000
149 151 0.500000
149 152 0.500000
149 153 0.500000
149 155 0.500000
149 156 0.500000
149 158 0.500000
149 159 0.500000
149 160 0.500000
150 152 0.500000
150 153 0.500000
150 154 0.500000
150 156 0.500000
150 158 0.500000
150 160 0.500000
151 152 0.500000
151 155 0.500000
151 156 0.500000
151 157 0.500000
151 159 0.500000
151 160 0.500000
152 153 0.500000
152 154 0.500000
153 155 0.500000
153 156 0.500000
153 160 0.500000
154 155 0.500000
155 156 0.500000
155 160 0.500000
156 160 0.500000
157 160 0.500000
159 160 0.500000
